,b,p_error,v__0_0,gamma__0_0,s__0_0,tau__0_0,t0__0_0
0,1.0,0.05,0.00012640678823247983,11.12952356057599,0.006965086074631308,0.11947672161250798,0.0
1,1.0,0.05,0.00012205896240743035,11.12952356057599,0.006965086074631308,0.11947672161250798,0.0
2,1.0,0.05,0.00012205896240743035,11.12952356057599,0.006965086074631308,0.1127088431893086,0.0
3,1.0,0.05,0.00012205896240743035,11.12952356057599,0.006965086074631308,0.1127088431893086,0.0
4,1.0,0.05,0.00012538086537324978,11.12952356057599,0.006965086074631308,0.1127088431893086,0.0
5,1.0,0.05,0.00012538086537324978,11.12952356057599,0.006886447837870088,0.1127088431893086,0.0
6,1.0,0.05,0.00012538086537324978,6.096461520147685,0.006886447837870088,0.13413981119417728,0.0
7,1.0,0.05,0.00012230656222344955,6.096461520147685,0.006886447837870088,0.13413981119417728,0.0
8,1.0,0.05,0.00012230656222344955,6.096461520147685,0.006886447837870088,0.13413981119417728,0.0
9,1.0,0.05,0.00012230656222344955,11.814322510267303,0.006886447837870088,0.14566333875871326,0.0
10,1.0,0.05,0.00012230656222344955,11.814322510267303,0.008531088489320956,0.14564051165464237,0.0
11,1.0,0.05,0.00012230656222344955,11.814322510267303,0.008531088489320956,0.14564051165464237,0.0
12,1.0,0.05,0.00012230656222344955,11.814322510267303,0.008531088489320956,0.14564051165464237,0.0
13,1.0,0.05,0.00012230656222344955,11.814322510267303,0.008531088489320956,0.14779920921493184,0.0
14,1.0,0.05,0.00012230656222344955,11.814322510267303,0.008641520135889933,0.14779920921493184,0.0
15,1.0,0.05,0.00012230656222344955,11.814322510267303,0.007208977630886481,0.14779920921493184,0.0
16,1.0,0.05,0.00012230656222344955,11.814322510267303,0.007120513646683234,0.13706855536521512,0.0
17,1.0,0.05,0.00012230656222344955,5.04160292460935,0.007120513646683234,0.13706855536521512,0.0
18,1.0,0.05,0.00012230656222344955,5.04160292460935,0.007120513646683234,0.13706855536521512,0.0
19,1.0,0.05,0.00012230656222344955,5.04160292460935,0.007120513646683234,0.13706855536521512,0.0
20,1.0,0.05,0.00012230656222344955,7.562875230610018,0.007120513646683234,0.13706855536521512,0.0
21,1.0,0.05,0.00012230656222344955,7.562875230610018,0.007061709566766472,0.13706855536521512,0.0
22,1.0,0.05,0.00012230656222344955,7.562875230610018,0.006116646179374897,0.13706855536521512,0.0
23,1.0,0.05,0.00012230656222344955,7.562875230610018,0.006647723261972691,0.13706855536521512,0.0
24,1.0,0.05,0.00012230656222344955,7.562875230610018,0.006647723261972691,0.13706855536521512,0.0
25,1.0,0.05,0.00012230656222344955,7.562875230610018,0.006647723261972691,0.14915002177266326,0.0
26,1.0,0.05,0.00012230656222344955,7.562875230610018,0.006647723261972691,0.14915002177266326,0.0
27,1.0,0.05,0.00012230656222344955,7.562875230610018,0.006647723261972691,0.14915002177266326,0.0
28,1.0,0.05,0.00012230656222344955,7.562875230610018,0.006647723261972691,0.14915002177266326,0.0
29,1.0,0.05,0.00012230656222344955,7.562875230610018,0.006647723261972691,0.14915002177266326,0.0
30,1.0,0.05,0.00012230656222344955,7.562875230610018,0.006647723261972691,0.14915002177266326,0.0
31,1.0,0.05,0.00012230656222344955,7.562875230610018,0.006647723261972691,0.14915002177266326,0.0
32,1.0,0.05,0.00012230656222344955,7.562875230610018,0.006647723261972691,0.14303184392350476,0.0
33,1.0,0.05,0.00012230656222344955,7.562875230610018,0.006647723261972691,0.14303184392350476,0.0
34,1.0,0.05,0.00012230656222344955,7.562875230610018,0.006647723261972691,0.18860890145166187,0.0
35,1.0,0.05,0.00012230656222344955,3.4048899468260174,0.006647723261972691,0.18860890145166187,0.0
36,1.0,0.05,0.00012230656222344955,5.09698329607167,0.007374121243536389,0.18860890145166187,0.0
37,1.0,0.05,0.00012230656222344955,5.09698329607167,0.007374121243536389,0.18875751942870328,0.0
38,1.0,0.05,0.00012230656222344955,5.09698329607167,0.007374121243536389,0.1839936447006405,0.0
39,1.0,0.05,0.00012230656222344955,5.09698329607167,0.007374121243536389,0.1839936447006405,0.0
40,1.0,0.05,0.00012230656222344955,5.09698329607167,0.007374121243536389,0.1839936447006405,0.0
41,1.0,0.05,0.00012210527245285288,9.444531561741627,0.007374121243536389,0.18315032424253685,0.0
42,1.0,0.05,0.00012210527245285288,9.444531561741627,0.007374121243536389,0.18315032424253685,0.0
43,1.0,0.05,0.00012210527245285288,9.444531561741627,0.007374121243536389,0.18315032424253685,0.0
44,1.0,0.05,0.00012210527245285288,9.444531561741627,0.00865521739294679,0.18315032424253685,0.0
45,1.0,0.05,0.00012210527245285288,6.394835831983286,0.00865521739294679,0.18315032424253685,0.0
46,1.0,0.05,0.00012210527245285288,6.394835831983286,0.00865521739294679,0.1651985289444485,0.0
47,1.0,0.05,0.00012210527245285288,7.019657037483057,0.00865521739294679,0.1651985289444485,0.0
48,1.0,0.05,0.00012210527245285288,12.45114561580462,0.00865521739294679,0.1651985289444485,0.0
49,1.0,0.05,0.00012210527245285288,12.45114561580462,0.00865521739294679,0.1651985289444485,0.0
50,1.0,0.05,0.00011929814438123441,12.45114561580462,0.00865521739294679,0.1651985289444485,0.0
51,1.0,0.05,0.00011929814438123441,12.45114561580462,0.007348742604616087,0.1651985289444485,0.0
52,1.0,0.05,0.00011929814438123441,12.45114561580462,0.007348742604616087,0.1651985289444485,0.0
53,1.0,0.05,0.00011929814438123441,12.45114561580462,0.007348742604616087,0.1651985289444485,0.0
54,1.0,0.05,0.00011929814438123441,12.45114561580462,0.007348742604616087,0.1651985289444485,0.0
55,1.0,0.05,0.00011929814438123441,12.45114561580462,0.007348742604616087,0.1651985289444485,0.0
56,1.0,0.05,0.00011929814438123441,12.45114561580462,0.007348742604616087,0.1651985289444485,0.0
57,1.0,0.05,0.00011929814438123441,3.4304658492428217,0.007348742604616087,0.1651985289444485,0.0
58,1.0,0.05,0.00011929814438123441,3.4304658492428217,0.0066181269746939725,0.1651985289444485,0.0
59,1.0,0.05,0.00011929814438123441,3.4304658492428217,0.0066181269746939725,0.1651985289444485,0.0
60,1.0,0.05,0.00012431357550399144,3.4304658492428217,0.0066181269746939725,0.1651985289444485,0.0
61,1.0,0.05,0.00012431357550399144,3.4304658492428217,0.0066181269746939725,0.17382936606582564,0.0
62,1.0,0.05,0.00012431357550399144,3.4304658492428217,0.0066181269746939725,0.16033729314420211,0.0
63,1.0,0.05,0.00012431357550399144,4.8496819663631925,0.0066181269746939725,0.16033729314420211,0.0
64,1.0,0.05,0.00012431357550399144,4.8496819663631925,0.007184756250995405,0.16033729314420211,0.0
65,1.0,0.05,0.00012431357550399144,12.112669180322698,0.007184756250995405,0.14396734001939362,0.0
66,1.0,0.05,0.00010800357837699028,12.112669180322698,0.007184756250995405,0.14396734001939362,0.0
67,1.0,0.05,0.00010800357837699028,12.112669180322698,0.007184756250995405,0.14396734001939362,0.0
68,1.0,0.05,0.00010800357837699028,12.112669180322698,0.0073316600760324445,0.14396734001939362,0.0
69,1.0,0.05,0.00012158454464223388,14.279585993014905,0.0073316600760324445,0.14396734001939362,0.0
70,1.0,0.05,0.00012158454464223388,14.279585993014905,0.0073316600760324445,0.14396734001939362,0.0
71,1.0,0.05,0.00012158454464223388,14.279585993014905,0.0073316600760324445,0.14396734001939362,0.0
72,1.0,0.05,0.00012158454464223388,14.279585993014905,0.0073636429066580005,0.14396734001939362,0.0
73,1.0,0.05,0.00012158454464223388,14.279585993014905,0.0073636429066580005,0.14396734001939362,0.0
74,1.0,0.05,0.00012236427104911408,10.531036421852292,0.0073636429066580005,0.14572758914907435,0.0
75,1.0,0.05,0.00012236427104911408,10.531036421852292,0.0073636429066580005,0.14572758914907435,0.0
76,1.0,0.05,0.00012236427104911408,10.531036421852292,0.00698459972063443,0.14572758914907435,0.0
77,1.0,0.05,0.00012236427104911408,10.531036421852292,0.0069427455827838075,0.12682138201214105,0.0
78,1.0,0.05,0.00012236427104911408,10.531036421852292,0.0069427455827838075,0.12682138201214105,0.0
79,1.0,0.05,0.00011732391033759674,10.531036421852292,0.0069427455827838075,0.12682138201214105,0.0
80,1.0,0.05,0.00011732391033759674,10.531036421852292,0.007129477742913275,0.12682138201214105,0.0
81,1.0,0.05,0.00011732391033759674,10.531036421852292,0.007129477742913275,0.12682138201214105,0.0
82,1.0,0.05,0.00011732391033759674,10.531036421852292,0.007129477742913275,0.12682138201214105,0.0
83,1.0,0.05,0.00011732391033759674,10.531036421852292,0.007129477742913275,0.12682138201214105,0.0
84,1.0,0.05,0.00011933172964375931,10.531036421852292,0.007129477742913275,0.12682138201214105,0.0
85,1.0,0.05,0.00011933172964375931,10.531036421852292,0.007129477742913275,0.12682138201214105,0.0
86,1.0,0.05,0.00011933172964375931,10.531036421852292,0.007129477742913275,0.12689045663921777,0.0
87,1.0,0.05,0.00011933172964375931,10.531036421852292,0.007129477742913275,0.12689045663921777,0.0
88,1.0,0.05,0.00011933172964375931,10.531036421852292,0.007129477742913275,0.1408963106199072,0.0
89,1.0,0.05,0.00011933172964375931,10.531036421852292,0.007129477742913275,0.1408963106199072,0.0
90,1.0,0.05,0.00011933172964375931,10.531036421852292,0.007129477742913275,0.13382682107090169,0.0
91,1.0,0.05,0.00011933172964375931,10.531036421852292,0.007472543441808029,0.13382682107090169,0.0
92,1.0,0.05,0.00011933172964375931,10.531036421852292,0.007472543441808029,0.1471198415038943,0.0
93,1.0,0.05,0.00011933172964375931,10.531036421852292,0.007472543441808029,0.13201204819546547,0.0
94,1.0,0.05,0.00011933172964375931,10.531036421852292,0.007521191258636265,0.13201204819546547,0.0
95,1.0,0.05,0.00011933172964375931,10.531036421852292,0.007521191258636265,0.13201204819546547,0.0
96,1.0,0.05,0.0001230310255600653,10.531036421852292,0.007521191258636265,0.13201204819546547,0.0
97,1.0,0.05,0.0001230310255600653,10.531036421852292,0.007521191258636265,0.13201204819546547,0.0
98,1.0,0.05,0.0001230310255600653,9.775889113605146,0.007521191258636265,0.13201204819546547,0.0
99,1.0,0.05,0.0001230310255600653,10.89429739623246,0.007521191258636265,0.13201204819546547,0.0
100,1.0,0.05,0.0001230310255600653,10.89429739623246,0.007521191258636265,0.13201204819546547,0.0
101,1.0,0.05,0.0001230310255600653,10.89429739623246,0.007521191258636265,0.13201204819546547,0.0
102,1.0,0.05,0.0001230310255600653,10.89429739623246,0.007521191258636265,0.13201204819546547,0.0
103,1.0,0.05,0.0001230310255600653,10.89429739623246,0.007521191258636265,0.13201204819546547,0.0
104,1.0,0.05,0.0001230310255600653,10.89429739623246,0.007521191258636265,0.13201204819546547,0.0
105,1.0,0.05,0.0001230310255600653,10.89429739623246,0.007521191258636265,0.13201204819546547,0.0
106,1.0,0.05,0.0001230310255600653,10.89429739623246,0.007521191258636265,0.13201204819546547,0.0
107,1.0,0.05,0.0001230310255600653,7.553483601226503,0.006678562079878601,0.13201204819546547,0.0
108,1.0,0.05,0.0001230310255600653,7.553483601226503,0.006678562079878601,0.13201204819546547,0.0
109,1.0,0.05,0.0001230310255600653,7.553483601226503,0.006678562079878601,0.13201204819546547,0.0
110,1.0,0.05,0.0001230310255600653,7.553483601226503,0.006678562079878601,0.17648404927699718,0.0
111,1.0,0.05,0.0001230310255600653,7.553483601226503,0.006678562079878601,0.13297604010908395,0.0
112,1.0,0.05,0.0001230310255600653,7.553483601226503,0.007738376746319422,0.13297604010908395,0.0
113,1.0,0.05,0.0001230310255600653,7.553483601226503,0.005851977900912538,0.13297604010908395,0.0
114,1.0,0.05,0.0001230310255600653,7.553483601226503,0.005851977900912538,0.13297604010908395,0.0
115,1.0,0.05,0.0001230310255600653,7.553483601226503,0.005851977900912538,0.13297604010908395,0.0
116,1.0,0.05,0.0001230310255600653,7.553483601226503,0.005851977900912538,0.13297604010908395,0.0
117,1.0,0.05,0.0001230310255600653,7.553483601226503,0.005851977900912538,0.13297604010908395,0.0
118,1.0,0.05,0.0001230310255600653,7.553483601226503,0.005851977900912538,0.13297604010908395,0.0
119,1.0,0.05,0.0001230310255600653,7.553483601226503,0.005851977900912538,0.13297604010908395,0.0
120,1.0,0.05,0.0001230310255600653,7.553483601226503,0.00625747525166654,0.13297604010908395,0.0
121,1.0,0.05,0.0001230310255600653,7.553483601226503,0.00625747525166654,0.13297604010908395,0.0
122,1.0,0.05,0.0001230310255600653,7.553483601226503,0.00625747525166654,0.13297604010908395,0.0
123,1.0,0.05,0.0001230310255600653,7.211858499743528,0.00625747525166654,0.13297604010908395,0.0
124,1.0,0.05,0.0001230310255600653,7.211858499743528,0.00625747525166654,0.13297604010908395,0.0
125,1.0,0.05,0.0001230310255600653,7.211858499743528,0.00625747525166654,0.13297604010908395,0.0
126,1.0,0.05,0.0001230310255600653,5.605506831137916,0.00625747525166654,0.13297604010908395,0.0
127,1.0,0.05,0.0001230310255600653,5.605506831137916,0.00625747525166654,0.13297604010908395,0.0
128,1.0,0.05,0.0001230310255600653,5.605506831137916,0.00625747525166654,0.13297604010908395,0.0
129,1.0,0.05,0.0001230310255600653,7.09848981838708,0.00625747525166654,0.13297604010908395,0.0
130,1.0,0.05,0.0001230310255600653,7.09848981838708,0.006157366480229191,0.13297604010908395,0.0
131,1.0,0.05,0.0001230310255600653,7.656167293022563,0.006157366480229191,0.13297604010908395,0.0
132,1.0,0.05,0.0001230310255600653,7.656167293022563,0.0068066144648404,0.13297604010908395,0.0
133,1.0,0.05,0.0001230310255600653,7.656167293022563,0.0068066144648404,0.13297604010908395,0.0
134,1.0,0.05,0.0001230310255600653,7.656167293022563,0.0068066144648404,0.13315445288690025,0.0
135,1.0,0.05,0.0001230310255600653,8.334670726593657,0.0068066144648404,0.13315445288690025,0.0
136,1.0,0.05,0.0001230310255600653,8.334670726593657,0.007266292309958112,0.13315445288690025,0.0
137,1.0,0.05,0.0001230310255600653,8.334670726593657,0.007266292309958112,0.13315445288690025,0.0
138,1.0,0.05,0.0001230310255600653,8.334670726593657,0.007266292309958112,0.13315445288690025,0.0
139,1.0,0.05,0.00012310763410073206,8.334670726593657,0.007266292309958112,0.13315445288690025,0.0
140,1.0,0.05,0.00012310763410073206,8.858545050100645,0.006659990011636981,0.13315445288690025,0.0
141,1.0,0.05,0.00012310763410073206,8.858545050100645,0.0066843934934255386,0.13315445288690025,0.0
142,1.0,0.05,0.00012310763410073206,8.858545050100645,0.0066843934934255386,0.13315445288690025,0.0
143,1.0,0.05,0.00012310763410073206,8.858545050100645,0.0066843934934255386,0.11545604576541356,0.0
144,1.0,0.05,0.00012310763410073206,8.858545050100645,0.0066843934934255386,0.11545604576541356,0.0
145,1.0,0.05,0.00012310763410073206,8.858545050100645,0.0066843934934255386,0.11545604576541356,0.0
146,1.0,0.05,0.00012310763410073206,9.5358484019944,0.006967493076111815,0.11545604576541356,0.0
147,1.0,0.05,0.00012385489470248176,9.5358484019944,0.006967493076111815,0.11545604576541356,0.0
148,1.0,0.05,0.00012385489470248176,9.5358484019944,0.006967493076111815,0.1606576212244834,0.0
149,1.0,0.05,0.00012385489470248176,9.5358484019944,0.006967493076111815,0.1606576212244834,0.0
150,1.0,0.05,0.00012385489470248176,9.279332235306043,0.006967493076111815,0.15926761337140688,0.0
151,1.0,0.05,0.00012385489470248176,9.279332235306043,0.006967493076111815,0.15926761337140688,0.0
152,1.0,0.05,0.00012385489470248176,9.279332235306043,0.006967493076111815,0.15926761337140688,0.0
153,1.0,0.05,0.00012385489470248176,9.279332235306043,0.006967493076111815,0.15926761337140688,0.0
154,1.0,0.05,0.00012528011107403036,6.565228937927685,0.006967493076111815,0.15926761337140688,0.0
155,1.0,0.05,0.00012528011107403036,7.085466230150601,0.006967493076111815,0.16132832859116825,0.0
156,1.0,0.05,0.00012528011107403036,7.085466230150601,0.006967493076111815,0.16132832859116825,0.0
157,1.0,0.05,0.00012528011107403036,7.085466230150601,0.006967493076111815,0.16132832859116825,0.0
158,1.0,0.05,0.00012528011107403036,7.085466230150601,0.006967493076111815,0.16132832859116825,0.0
159,1.0,0.05,0.00012528011107403036,7.085466230150601,0.006967493076111815,0.16132832859116825,0.0
160,1.0,0.05,0.00012528011107403036,7.085466230150601,0.007065380690828442,0.16132832859116825,0.0
161,1.0,0.05,0.00012528011107403036,7.085466230150601,0.007065380690828442,0.12186602637232168,0.0
162,1.0,0.05,0.00012528011107403036,6.448779269360401,0.007065380690828442,0.15450768184899022,0.0
163,1.0,0.05,0.00012528011107403036,6.448779269360401,0.006772013755249592,0.15450768184899022,0.0
164,1.0,0.05,0.00012528011107403036,6.448779269360401,0.006772013755249592,0.15450768184899022,0.0
165,1.0,0.05,0.00011413746495875171,6.448779269360401,0.006772013755249592,0.1712741453103986,0.0
166,1.0,0.05,0.00011643913164627235,6.448779269360401,0.006772013755249592,0.1712741453103986,0.0
167,1.0,0.05,0.00011643913164627235,6.448779269360401,0.007855675238512739,0.14624086657996752,0.0
168,1.0,0.05,0.00012065739639629817,6.448779269360401,0.007247983051027968,0.14624086657996752,0.0
169,1.0,0.05,0.00012065739639629817,6.448779269360401,0.007247983051027968,0.14624086657996752,0.0
170,1.0,0.05,0.00012065739639629817,6.448779269360401,0.007503976967533558,0.14624086657996752,0.0
171,1.0,0.05,0.00012065739639629817,6.448779269360401,0.007503976967533558,0.14624086657996752,0.0
172,1.0,0.05,0.00012065739639629817,6.448779269360401,0.007503976967533558,0.14624086657996752,0.0
173,1.0,0.05,0.00012065739639629817,6.448779269360401,0.007503976967533558,0.14624086657996752,0.0
174,1.0,0.05,0.00012065739639629817,6.448779269360401,0.007503976967533558,0.14624086657996752,0.0
175,1.0,0.05,0.00012065739639629817,6.448779269360401,0.007503976967533558,0.14624086657996752,0.0
176,1.0,0.05,0.00012065739639629817,9.57322108433138,0.007503976967533558,0.14624086657996752,0.0
177,1.0,0.05,0.00012065739639629817,9.57322108433138,0.007254680670172074,0.14624086657996752,0.0
178,1.0,0.05,0.00011774342711524665,9.57322108433138,0.007254680670172074,0.1507813512358281,0.0
179,1.0,0.05,0.00011774342711524665,9.57322108433138,0.007254680670172074,0.1507813512358281,0.0
180,1.0,0.05,0.00011774342711524665,9.57322108433138,0.007254680670172074,0.1507813512358281,0.0
181,1.0,0.05,0.00011774342711524665,9.57322108433138,0.007254680670172074,0.1507813512358281,0.0
182,1.0,0.05,0.00011774342711524665,9.57322108433138,0.007254680670172074,0.14069600208150787,0.0
183,1.0,0.05,0.00011774342711524665,9.57322108433138,0.007254680670172074,0.14069600208150787,0.0
184,1.0,0.05,0.00011774342711524665,9.381165192699541,0.007254680670172074,0.14069600208150787,0.0
185,1.0,0.05,0.00012260640241652877,9.381165192699541,0.007254680670172074,0.14069600208150787,0.0
186,1.0,0.05,0.00012260640241652877,9.381165192699541,0.007254680670172074,0.14069600208150787,0.0
187,1.0,0.05,0.00012260640241652877,9.381165192699541,0.007254680670172074,0.14069600208150787,0.0
188,1.0,0.05,0.00012260640241652877,9.381165192699541,0.006431662808455738,0.14069600208150787,0.0
189,1.0,0.05,0.00012260640241652877,9.381165192699541,0.006431662808455738,0.14069600208150787,0.0
190,1.0,0.05,0.00012260640241652877,9.381165192699541,0.006431662808455738,0.14069600208150787,0.0
191,1.0,0.05,0.00012260640241652877,9.381165192699541,0.006431662808455738,0.14069600208150787,0.0
192,1.0,0.05,0.00012260640241652877,9.381165192699541,0.006431662808455738,0.14069600208150787,0.0
193,1.0,0.05,0.00012260640241652877,9.381165192699541,0.006431662808455738,0.14069600208150787,0.0
194,1.0,0.05,0.00012260640241652877,9.381165192699541,0.006431662808455738,0.14069600208150787,0.0
195,1.0,0.05,0.00012260640241652877,9.381165192699541,0.006431662808455738,0.12099676091673764,0.0
196,1.0,0.05,0.00012260640241652877,9.381165192699541,0.006431662808455738,0.12099676091673764,0.0
197,1.0,0.05,0.00012260640241652877,9.381165192699541,0.006652928971247902,0.12099676091673764,0.0
198,1.0,0.05,0.00012260640241652877,9.381165192699541,0.006652928971247902,0.12099676091673764,0.0
199,1.0,0.05,0.00012260640241652877,9.381165192699541,0.006652928971247902,0.12099676091673764,0.0
200,1.0,0.05,0.00012260640241652877,9.381165192699541,0.006652928971247902,0.12099676091673764,0.0
201,1.0,0.05,0.00012260640241652877,9.381165192699541,0.006652928971247902,0.12099676091673764,0.0
202,1.0,0.05,0.00012260640241652877,9.381165192699541,0.006652928971247902,0.12099676091673764,0.0
203,1.0,0.05,0.00012260640241652877,9.381165192699541,0.006652928971247902,0.12895792455869096,0.0
204,1.0,0.05,0.00012260640241652877,9.381165192699541,0.006652928971247902,0.12895792455869096,0.0
205,1.0,0.05,0.00012260640241652877,9.381165192699541,0.006652928971247902,0.12895792455869096,0.0
206,1.0,0.05,0.00012260640241652877,5.308064545172769,0.0069672446338299,0.12895792455869096,0.0
207,1.0,0.05,0.00012260640241652877,5.308064545172769,0.0069672446338299,0.12895792455869096,0.0
208,1.0,0.05,0.00012260640241652877,5.308064545172769,0.0069672446338299,0.12895792455869096,0.0
209,1.0,0.05,0.00012260640241652877,5.308064545172769,0.0069672446338299,0.12895792455869096,0.0
210,1.0,0.05,0.00012260640241652877,5.308064545172769,0.0069672446338299,0.12895792455869096,0.0
211,1.0,0.05,0.00012260640241652877,5.308064545172769,0.0069672446338299,0.12895792455869096,0.0
212,1.0,0.05,0.00012260640241652877,5.308064545172769,0.0069672446338299,0.12564420164665324,0.0
213,1.0,0.05,0.00012260640241652877,5.308064545172769,0.0069672446338299,0.12564420164665324,0.0
214,1.0,0.05,0.00012260640241652877,12.5868584877078,0.0065298013612518115,0.12564420164665324,0.0
215,1.0,0.05,0.00012260640241652877,12.5868584877078,0.0065298013612518115,0.12564420164665324,0.0
216,1.0,0.05,0.00012260640241652877,13.140799569577538,0.0065298013612518115,0.11652246098816985,0.0
217,1.0,0.05,0.00012260640241652877,13.140799569577538,0.0065298013612518115,0.09321267931066754,0.0
218,1.0,0.05,0.00012260640241652877,14.561653327003029,0.0065298013612518115,0.09321267931066754,0.0
219,1.0,0.05,0.00012260640241652877,14.561653327003029,0.0065298013612518115,0.09321267931066754,0.0
220,1.0,0.05,0.0001254866743759063,14.561653327003029,0.0065298013612518115,0.09321267931066754,0.0
221,1.0,0.05,0.0001254866743759063,14.561653327003029,0.0065298013612518115,0.09321267931066754,0.0
222,1.0,0.05,0.0001254866743759063,14.561653327003029,0.0065298013612518115,0.09321267931066754,0.0
223,1.0,0.05,0.0001254866743759063,14.561653327003029,0.0065298013612518115,0.09321267931066754,0.0
224,1.0,0.05,0.0001254866743759063,14.561653327003029,0.0065298013612518115,0.07116190428629467,0.0
225,1.0,0.05,0.0001254866743759063,14.561653327003029,0.0065298013612518115,0.11633997001971377,0.0
226,1.0,0.05,0.0001254866743759063,14.561653327003029,0.0065298013612518115,0.11633997001971377,0.0
227,1.0,0.05,0.0001254866743759063,14.561653327003029,0.0065298013612518115,0.11633997001971377,0.0
228,1.0,0.05,0.0001254866743759063,14.561653327003029,0.006494526469222733,0.07370921929652993,0.0
229,1.0,0.05,0.0001254866743759063,14.561653327003029,0.006494526469222733,0.07370921929652993,0.0
230,1.0,0.05,0.0001254866743759063,14.561653327003029,0.005640055246021368,0.07291710995358713,0.0
231,1.0,0.05,0.0001254866743759063,14.561653327003029,0.005640055246021368,0.07291710995358713,0.0
232,1.0,0.05,0.0001254866743759063,14.561653327003029,0.007555100066825799,0.07291710995358713,0.0
233,1.0,0.05,0.0001254866743759063,14.561653327003029,0.007555100066825799,0.07291710995358713,0.0
234,1.0,0.05,0.0001254866743759063,14.561653327003029,0.006155141240721337,0.07347622539657059,0.0
235,1.0,0.05,0.0001254866743759063,14.561653327003029,0.006780923365181057,0.07437556873357515,0.0
236,1.0,0.05,0.0001254866743759063,8.657188921090736,0.006780923365181057,0.10510929085527483,0.0
237,1.0,0.05,0.0001254866743759063,8.657188921090736,0.006567151189966157,0.10510929085527483,0.0
238,1.0,0.05,0.0001254866743759063,8.657188921090736,0.006948610367171386,0.10510929085527483,0.0
239,1.0,0.05,0.0001254866743759063,8.657188921090736,0.006025906970914046,0.10510929085527483,0.0
240,1.0,0.05,0.0001254866743759063,8.657188921090736,0.006025906970914046,0.1205839680823166,0.0
241,1.0,0.05,0.0001254866743759063,8.657188921090736,0.006025906970914046,0.1205839680823166,0.0
242,1.0,0.05,0.0001254866743759063,8.657188921090736,0.006025906970914046,0.1205839680823166,0.0
243,1.0,0.05,0.0001254866743759063,11.382088872476999,0.006025906970914046,0.1205839680823166,0.0
244,1.0,0.05,0.0001254866743759063,11.382088872476999,0.006025906970914046,0.11370694819578948,0.0
245,1.0,0.05,0.0001254866743759063,11.917006228690894,0.007254112763853884,0.11370694819578948,0.0
246,1.0,0.05,0.0001254866743759063,11.917006228690894,0.006917097526094226,0.11370694819578948,0.0
247,1.0,0.05,0.0001254866743759063,11.917006228690894,0.006917097526094226,0.11370694819578948,0.0
248,1.0,0.05,0.0001254866743759063,11.917006228690894,0.006917097526094226,0.11370694819578948,0.0
249,1.0,0.05,0.0001254866743759063,11.917006228690894,0.006173187747084666,0.11370694819578948,0.0
250,1.0,0.05,0.0001254866743759063,11.917006228690894,0.007220956236094292,0.11370694819578948,0.0
251,1.0,0.05,0.0001254866743759063,11.917006228690894,0.007220956236094292,0.10732033179701203,0.0
252,1.0,0.05,0.0001254866743759063,11.917006228690894,0.005710239446040137,0.10732033179701203,0.0
253,1.0,0.05,0.0001254866743759063,11.917006228690894,0.005710239446040137,0.10732033179701203,0.0
254,1.0,0.05,0.0001254866743759063,11.917006228690894,0.005834512531761375,0.10732033179701203,0.0
255,1.0,0.05,0.0001254866743759063,11.917006228690894,0.005834512531761375,0.10732033179701203,0.0
256,1.0,0.05,0.0001254866743759063,11.917006228690894,0.005834512531761375,0.10732033179701203,0.0
257,1.0,0.05,0.0001254866743759063,11.917006228690894,0.006597608014761821,0.10732033179701203,0.0
258,1.0,0.05,0.0001254866743759063,11.917006228690894,0.006597608014761821,0.10732033179701203,0.0
259,1.0,0.05,0.0001254866743759063,11.917006228690894,0.0062745306071088644,0.10732033179701203,0.0
260,1.0,0.05,0.0001254866743759063,8.161453105357054,0.0062745306071088644,0.10732033179701203,0.0
261,1.0,0.05,0.0001254866743759063,8.161453105357054,0.0062745306071088644,0.1258196311216638,0.0
262,1.0,0.05,0.0001254866743759063,8.161453105357054,0.0062745306071088644,0.1258196311216638,0.0
263,1.0,0.05,0.0001254866743759063,8.161453105357054,0.0062745306071088644,0.1258196311216638,0.0
264,1.0,0.05,0.0001254866743759063,8.161453105357054,0.006308184665344376,0.1258196311216638,0.0
265,1.0,0.05,0.0001254866743759063,8.161453105357054,0.006308184665344376,0.1258196311216638,0.0
266,1.0,0.05,0.0001254866743759063,8.161453105357054,0.006308184665344376,0.1258196311216638,0.0
267,1.0,0.05,0.0001254866743759063,8.161453105357054,0.006308184665344376,0.1258196311216638,0.0
268,1.0,0.05,0.0001254866743759063,8.161453105357054,0.006308184665344376,0.1258196311216638,0.0
269,1.0,0.05,0.0001254866743759063,8.161453105357054,0.006308184665344376,0.1258196311216638,0.0
270,1.0,0.05,0.00012921890182664804,8.161453105357054,0.006308184665344376,0.12624123629282416,0.0
271,1.0,0.05,0.00012921890182664804,6.738828225158471,0.006859603997038157,0.12624123629282416,0.0
272,1.0,0.05,0.00012482141730546216,6.738828225158471,0.006859603997038157,0.12624123629282416,0.0
273,1.0,0.05,0.00012482141730546216,9.20841836060356,0.006859603997038157,0.12624123629282416,0.0
274,1.0,0.05,0.00012482141730546216,9.20841836060356,0.006859603997038157,0.12624123629282416,0.0
275,1.0,0.05,0.00012482141730546216,9.20841836060356,0.006540956218157442,0.12624123629282416,0.0
276,1.0,0.05,0.00012482141730546216,9.20841836060356,0.006540956218157442,0.12624123629282416,0.0
277,1.0,0.05,0.00012482141730546216,9.20841836060356,0.006540956218157442,0.12624123629282416,0.0
278,1.0,0.05,0.00012482141730546216,9.20841836060356,0.006540956218157442,0.12624123629282416,0.0
279,1.0,0.05,0.00012482141730546216,9.20841836060356,0.007030421579667397,0.12624123629282416,0.0
280,1.0,0.05,0.00012482141730546216,9.20841836060356,0.007030421579667397,0.12624123629282416,0.0
281,1.0,0.05,0.00012482141730546216,9.20841836060356,0.007030421579667397,0.12624123629282416,0.0
282,1.0,0.05,0.00012482141730546216,10.671266973203927,0.007030421579667397,0.12624123629282416,0.0
283,1.0,0.05,0.00012482141730546216,7.333231393764066,0.007030421579667397,0.12624123629282416,0.0
284,1.0,0.05,0.00012482141730546216,7.333231393764066,0.0058667757059825834,0.12624123629282416,0.0
285,1.0,0.05,0.00012482141730546216,7.333231393764066,0.0058667757059825834,0.12624123629282416,0.0
286,1.0,0.05,0.00012482141730546216,7.333231393764066,0.0058667757059825834,0.12624123629282416,0.0
287,1.0,0.05,0.00012482141730546216,7.333231393764066,0.0058667757059825834,0.12624123629282416,0.0
288,1.0,0.05,0.00012482141730546216,7.333231393764066,0.0058667757059825834,0.12624123629282416,0.0
289,1.0,0.05,0.00012482141730546216,7.333231393764066,0.0058667757059825834,0.12624123629282416,0.0
290,1.0,0.05,0.00012482141730546216,7.333231393764066,0.0058667757059825834,0.11904041708803435,0.0
291,1.0,0.05,0.00012169379365320848,7.333231393764066,0.0058667757059825834,0.11904041708803435,0.0
292,1.0,0.05,0.00012169379365320848,7.333231393764066,0.0058667757059825834,0.11904041708803435,0.0
293,1.0,0.05,0.00012169379365320848,7.333231393764066,0.0058667757059825834,0.11904041708803435,0.0
294,1.0,0.05,0.00012169379365320848,7.333231393764066,0.0058667757059825834,0.11904041708803435,0.0
295,1.0,0.05,0.00012169379365320848,7.333231393764066,0.0058667757059825834,0.11904041708803435,0.0
296,1.0,0.05,0.00012169379365320848,7.333231393764066,0.0058667757059825834,0.11904041708803435,0.0
297,1.0,0.05,0.00012169379365320848,7.333231393764066,0.0068318601721880775,0.11904041708803435,0.0
298,1.0,0.05,0.00012169379365320848,7.333231393764066,0.007264487489420488,0.11904041708803435,0.0
299,1.0,0.05,0.00012169379365320848,7.333231393764066,0.007264487489420488,0.11904041708803435,0.0
300,1.0,0.05,0.00012169379365320848,9.141950762652414,0.007264487489420488,0.11904041708803435,0.0
301,1.0,0.05,0.00012169379365320848,9.141950762652414,0.007264487489420488,0.16665936050212055,0.0
302,1.0,0.05,0.00012169379365320848,9.141950762652414,0.007264487489420488,0.16665936050212055,0.0
303,1.0,0.05,0.00012169379365320848,9.141950762652414,0.007264487489420488,0.16665936050212055,0.0
304,1.0,0.05,0.00012169379365320848,9.141950762652414,0.007264487489420488,0.16665936050212055,0.0
305,1.0,0.05,0.00012169379365320848,9.141950762652414,0.007264487489420488,0.16672533948869228,0.0
306,1.0,0.05,0.00012169379365320848,5.444399344735757,0.007264487489420488,0.1455812834170336,0.0
307,1.0,0.05,0.00012169379365320848,13.043797753611486,0.007264487489420488,0.1455812834170336,0.0
308,1.0,0.05,0.00012169379365320848,13.043797753611486,0.007264487489420488,0.12918255640176687,0.0
309,1.0,0.05,0.00012169379365320848,13.043797753611486,0.007264487489420488,0.12918255640176687,0.0
310,1.0,0.05,0.00012015033921540653,13.043797753611486,0.007264487489420488,0.12918255640176687,0.0
311,1.0,0.05,0.00012015033921540653,11.345262679528162,0.007264487489420488,0.12918255640176687,0.0
312,1.0,0.05,0.0001229165266931977,11.345262679528162,0.0069361267486786685,0.12918255640176687,0.0
313,1.0,0.05,0.00012242064674556667,10.457215333069286,0.0069361267486786685,0.12918255640176687,0.0
314,1.0,0.05,0.00012242064674556667,10.457215333069286,0.0069361267486786685,0.12918255640176687,0.0
315,1.0,0.05,0.00012242064674556667,9.365526817389195,0.0069361267486786685,0.12918255640176687,0.0
316,1.0,0.05,0.00012179253411153908,9.365526817389195,0.0069361267486786685,0.12918255640176687,0.0
317,1.0,0.05,0.00012179253411153908,9.365526817389195,0.0069361267486786685,0.13697207541752793,0.0
318,1.0,0.05,0.00012179253411153908,9.365526817389195,0.0069361267486786685,0.13697207541752793,0.0
319,1.0,0.05,0.00012179253411153908,9.365526817389195,0.0069361267486786685,0.13697207541752793,0.0
320,1.0,0.05,0.00012179253411153908,9.294064118196815,0.0069361267486786685,0.13697207541752793,0.0
321,1.0,0.05,0.00012179253411153908,9.294064118196815,0.0069361267486786685,0.13053800421007852,0.0
322,1.0,0.05,0.00011764135483011746,9.294064118196815,0.006519402970618813,0.1366614604700581,0.0
323,1.0,0.05,0.00011764135483011746,9.294064118196815,0.006519402970618813,0.13283925930571236,0.0
324,1.0,0.05,0.00011764135483011746,8.725379072015642,0.006519402970618813,0.13283925930571236,0.0
325,1.0,0.05,0.00011764135483011746,8.725379072015642,0.006519402970618813,0.13283925930571236,0.0
326,1.0,0.05,0.00011764135483011746,8.725379072015642,0.006519402970618813,0.15448057914377045,0.0
327,1.0,0.05,0.00011764135483011746,8.725379072015642,0.006519402970618813,0.15448057914377045,0.0
328,1.0,0.05,0.00011764135483011746,8.725379072015642,0.006979465689067356,0.15448057914377045,0.0
329,1.0,0.05,0.00011764135483011746,8.725379072015642,0.006979465689067356,0.15448057914377045,0.0
330,1.0,0.05,0.00011764135483011746,8.725379072015642,0.006979465689067356,0.15448057914377045,0.0
331,1.0,0.05,0.00011764135483011746,8.725379072015642,0.006979465689067356,0.15448057914377045,0.0
332,1.0,0.05,0.00011764135483011746,12.694166504348715,0.007948823738981344,0.15448057914377045,0.0
333,1.0,0.05,0.00011764135483011746,12.694166504348715,0.007560816730055679,0.15448057914377045,0.0
334,1.0,0.05,0.00011764135483011746,12.694166504348715,0.007560816730055679,0.15448057914377045,0.0
335,1.0,0.05,0.00011764135483011746,8.642819590715604,0.007560816730055679,0.15448057914377045,0.0
336,1.0,0.05,0.00011764135483011746,9.845409683143643,0.007560816730055679,0.13904239239875427,0.0
337,1.0,0.05,0.00011764135483011746,9.845409683143643,0.007560816730055679,0.13904239239875427,0.0
338,1.0,0.05,0.00011764135483011746,9.845409683143643,0.007560816730055679,0.13904239239875427,0.0
339,1.0,0.05,0.00011764135483011746,9.845409683143643,0.007560816730055679,0.13904239239875427,0.0
340,1.0,0.05,0.00011764135483011746,9.845409683143643,0.007560816730055679,0.17441884049448161,0.0
341,1.0,0.05,0.00011764135483011746,9.845409683143643,0.007560816730055679,0.17441884049448161,0.0
342,1.0,0.05,0.00011764135483011746,9.845409683143643,0.007560816730055679,0.17441884049448161,0.0
343,1.0,0.05,0.00011900392283293764,9.845409683143643,0.007560816730055679,0.17441884049448161,0.0
344,1.0,0.05,0.00011900392283293764,9.845409683143643,0.007560816730055679,0.17441884049448161,0.0
345,1.0,0.05,0.00011900392283293764,9.845409683143643,0.007560816730055679,0.17441884049448161,0.0
346,1.0,0.05,0.00011900392283293764,9.845409683143643,0.007560816730055679,0.17441884049448161,0.0
347,1.0,0.05,0.00011900392283293764,9.845409683143643,0.007333901745579542,0.1753932817608741,0.0
348,1.0,0.05,0.00011900392283293764,9.845409683143643,0.007333901745579542,0.1092227466358679,0.0
349,1.0,0.05,0.0001237027456702157,9.845409683143643,0.006635313827766328,0.117841041934211,0.0
350,1.0,0.05,0.0001237027456702157,9.845409683143643,0.006635313827766328,0.117841041934211,0.0
351,1.0,0.05,0.0001260712030789514,9.845409683143643,0.006114824446398872,0.117841041934211,0.0
352,1.0,0.05,0.0001260712030789514,9.845409683143643,0.0062208618851694346,0.117841041934211,0.0
353,1.0,0.05,0.0001260712030789514,9.845409683143643,0.0062208618851694346,0.09724270151928441,0.0
354,1.0,0.05,0.0001260712030789514,9.845409683143643,0.0062208618851694346,0.10322710823407043,0.0
355,1.0,0.05,0.0001260712030789514,9.845409683143643,0.0062208618851694346,0.10322710823407043,0.0
356,1.0,0.05,0.0001260712030789514,9.845409683143643,0.0062208618851694346,0.10322710823407043,0.0
357,1.0,0.05,0.0001260712030789514,9.845409683143643,0.0062208618851694346,0.10322710823407043,0.0
358,1.0,0.05,0.0001260712030789514,9.845409683143643,0.0062208618851694346,0.10322710823407043,0.0
359,1.0,0.05,0.0001260712030789514,9.845409683143643,0.0062208618851694346,0.10322710823407043,0.0
360,1.0,0.05,0.0001260712030789514,9.845409683143643,0.006209797937623208,0.11406401477331754,0.0
361,1.0,0.05,0.0001260712030789514,9.845409683143643,0.006228511399676277,0.08634836554942271,0.0
362,1.0,0.05,0.0001260712030789514,9.845409683143643,0.006228511399676277,0.08634836554942271,0.0
363,1.0,0.05,0.0001260712030789514,18.087946433174153,0.006228511399676277,0.08634836554942271,0.0
364,1.0,0.05,0.00012469339584601658,17.663927199439854,0.0067551992151495075,0.08634836554942271,0.0
365,1.0,0.05,0.00012469339584601658,17.663927199439854,0.0075156396334596625,0.08634836554942271,0.0
366,1.0,0.05,0.00012469339584601658,17.663927199439854,0.0075156396334596625,0.08634836554942271,0.0
367,1.0,0.05,0.00012469339584601658,17.663927199439854,0.006500334972002744,0.08634836554942271,0.0
368,1.0,0.05,0.00012469339584601658,15.26896719726642,0.006500334972002744,0.08634836554942271,0.0
369,1.0,0.05,0.00012469339584601658,17.935435784735247,0.006500334972002744,0.08634836554942271,0.0
370,1.0,0.05,0.00012469339584601658,17.935435784735247,0.006500334972002744,0.08634836554942271,0.0
371,1.0,0.05,0.00012469339584601658,17.935435784735247,0.006500334972002744,0.0959912197596963,0.0
372,1.0,0.05,0.00012469339584601658,17.935435784735247,0.006500334972002744,0.0959912197596963,0.0
373,1.0,0.05,0.00012469339584601658,7.2493442418672345,0.006500334972002744,0.0959912197596963,0.0
374,1.0,0.05,0.00012469339584601658,7.2493442418672345,0.005913260626674021,0.0959912197596963,0.0
375,1.0,0.05,0.00012469339584601658,7.2493442418672345,0.005913260626674021,0.0959912197596963,0.0
376,1.0,0.05,0.00012469339584601658,7.2493442418672345,0.005913260626674021,0.10463166426999243,0.0
377,1.0,0.05,0.00012469339584601658,12.632422424320396,0.005913260626674021,0.10463166426999243,0.0
378,1.0,0.05,0.00012469339584601658,12.632422424320396,0.005913260626674021,0.10463166426999243,0.0
379,1.0,0.05,0.00012469339584601658,12.632422424320396,0.00695640465756049,0.10463166426999243,0.0
380,1.0,0.05,0.00012469339584601658,12.632422424320396,0.00695640465756049,0.10463166426999243,0.0
381,1.0,0.05,0.00012469339584601658,12.632422424320396,0.006767527431093929,0.10463166426999243,0.0
382,1.0,0.05,0.00012469339584601658,12.632422424320396,0.005833420275571415,0.10463166426999243,0.0
383,1.0,0.05,0.00012469339584601658,12.632422424320396,0.005833420275571415,0.10463166426999243,0.0
384,1.0,0.05,0.00012469339584601658,12.632422424320396,0.005833420275571415,0.10463166426999243,0.0
385,1.0,0.05,0.00012469339584601658,12.632422424320396,0.005833420275571415,0.11415892821843787,0.0
386,1.0,0.05,0.00012469339584601658,12.632422424320396,0.005833420275571415,0.11415892821843787,0.0
387,1.0,0.05,0.00012469339584601658,12.632422424320396,0.005833420275571415,0.11415892821843787,0.0
388,1.0,0.05,0.00012469339584601658,12.632422424320396,0.006599280016660276,0.11415892821843787,0.0
389,1.0,0.05,0.00011500974954666856,12.632422424320396,0.00705204734449502,0.11415892821843787,0.0
390,1.0,0.05,0.00011500974954666856,12.632422424320396,0.00705204734449502,0.11847133789350574,0.0
391,1.0,0.05,0.00011500974954666856,12.632422424320396,0.0071847970620016206,0.11847133789350574,0.0
392,1.0,0.05,0.00011500974954666856,12.632422424320396,0.0071847970620016206,0.11847133789350574,0.0
393,1.0,0.05,0.00011500974954666856,12.632422424320396,0.0071847970620016206,0.11847133789350574,0.0
394,1.0,0.05,0.00011500974954666856,12.806134477334922,0.007031434728985819,0.13439987133965042,0.0
395,1.0,0.05,0.00011500974954666856,12.806134477334922,0.007031434728985819,0.13439987133965042,0.0
396,1.0,0.05,0.00011500974954666856,15.210536223486955,0.007031434728985819,0.12716580346486794,0.0
397,1.0,0.05,0.00011500974954666856,15.210536223486955,0.007031434728985819,0.12716580346486794,0.0
398,1.0,0.05,0.00011500974954666856,15.210536223486955,0.007031434728985819,0.12716580346486794,0.0
399,1.0,0.05,0.00012004161641905513,11.86527845769541,0.007031434728985819,0.12716580346486794,0.0
400,1.0,0.05,0.00012004161641905513,11.86527845769541,0.007031434728985819,0.12716580346486794,0.0
401,1.0,0.05,0.00012004161641905513,15.708160426786023,0.007031434728985819,0.12716580346486794,0.0
402,1.0,0.05,0.00012004161641905513,15.708160426786023,0.007031434728985819,0.12716580346486794,0.0
403,1.0,0.05,0.00012004161641905513,15.708160426786023,0.007031434728985819,0.11545627852386399,0.0
404,1.0,0.05,0.00012004161641905513,15.708160426786023,0.007031434728985819,0.11545627852386399,0.0
405,1.0,0.05,0.00012004161641905513,15.708160426786023,0.007031434728985819,0.1273324102958567,0.0
406,1.0,0.05,0.00011501385749761743,15.708160426786023,0.007031434728985819,0.1273324102958567,0.0
407,1.0,0.05,0.00011501385749761743,15.708160426786023,0.007031434728985819,0.1273324102958567,0.0
408,1.0,0.05,0.00011501385749761743,15.708160426786023,0.007031434728985819,0.1273324102958567,0.0
409,1.0,0.05,0.00011501385749761743,15.708160426786023,0.007031434728985819,0.1273324102958567,0.0
410,1.0,0.05,0.00011501385749761743,15.708160426786023,0.007031434728985819,0.1273324102958567,0.0
411,1.0,0.05,0.00011501385749761743,15.708160426786023,0.007031434728985819,0.1273324102958567,0.0
412,1.0,0.05,0.00011501385749761743,15.708160426786023,0.007031434728985819,0.1273324102958567,0.0
413,1.0,0.05,0.00011501385749761743,15.708160426786023,0.007031434728985819,0.1273324102958567,0.0
414,1.0,0.05,0.00011501385749761743,15.708160426786023,0.007031434728985819,0.11942960008448728,0.0
415,1.0,0.05,0.00011501385749761743,15.708160426786023,0.007172774048909915,0.11942960008448728,0.0
416,1.0,0.05,0.00011501385749761743,15.708160426786023,0.007172774048909915,0.11942960008448728,0.0
417,1.0,0.05,0.00011501385749761743,14.221608128774093,0.007172774048909915,0.11942960008448728,0.0
418,1.0,0.05,0.00011501385749761743,14.221608128774093,0.007172774048909915,0.11942960008448728,0.0
419,1.0,0.05,0.00011501385749761743,14.221608128774093,0.007502861347217869,0.11942960008448728,0.0
420,1.0,0.05,0.00011501385749761743,14.221608128774093,0.007502861347217869,0.11942960008448728,0.0
421,1.0,0.05,0.00011997260620288639,14.221608128774093,0.007502861347217869,0.11942960008448728,0.0
422,1.0,0.05,0.00011997260620288639,14.221608128774093,0.00678627172757436,0.11942960008448728,0.0
423,1.0,0.05,0.00011997260620288639,14.221608128774093,0.00678627172757436,0.11942960008448728,0.0
424,1.0,0.05,0.00011997260620288639,14.221608128774093,0.00678627172757436,0.11942960008448728,0.0
425,1.0,0.05,0.00011997260620288639,14.221608128774093,0.0067178609509257565,0.09704139590814784,0.0
426,1.0,0.05,0.00011997260620288639,7.630504138623479,0.007047371157168356,0.1220664923847989,0.0
427,1.0,0.05,0.00011997260620288639,7.630504138623479,0.007047371157168356,0.1783822312658406,0.0
428,1.0,0.05,0.00011997260620288639,7.630504138623479,0.007047371157168356,0.1783822312658406,0.0
429,1.0,0.05,0.00011997260620288639,7.630504138623479,0.007047371157168356,0.12634501200734494,0.0
430,1.0,0.05,0.00011997260620288639,7.630504138623479,0.007047371157168356,0.14900721353980678,0.0
431,1.0,0.05,0.00011913329354351202,7.630504138623479,0.007339221146180348,0.1552966116440843,0.0
432,1.0,0.05,0.00011913329354351202,7.630504138623479,0.0068071674673246966,0.1552966116440843,0.0
433,1.0,0.05,0.00011913329354351202,7.630504138623479,0.0068071674673246966,0.14465439633114158,0.0
434,1.0,0.05,0.00011913329354351202,7.630504138623479,0.0068071674673246966,0.14465439633114158,0.0
435,1.0,0.05,0.00011913329354351202,7.630504138623479,0.0068071674673246966,0.14465439633114158,0.0
436,1.0,0.05,0.00011913329354351202,7.630504138623479,0.007276360021056285,0.14465439633114158,0.0
437,1.0,0.05,0.00011913329354351202,7.630504138623479,0.007294302232026263,0.14465439633114158,0.0
438,1.0,0.05,0.00011913329354351202,7.630504138623479,0.007294302232026263,0.14465439633114158,0.0
439,1.0,0.05,0.00011913329354351202,7.630504138623479,0.007294302232026263,0.14465439633114158,0.0
440,1.0,0.05,0.00011913329354351202,7.630504138623479,0.007294302232026263,0.14465439633114158,0.0
441,1.0,0.05,0.00011913329354351202,7.630504138623479,0.007476405047486925,0.14465439633114158,0.0
442,1.0,0.05,0.00011913329354351202,7.630504138623479,0.007476405047486925,0.14465439633114158,0.0
443,1.0,0.05,0.00011913329354351202,13.069832130433937,0.007476405047486925,0.14465439633114158,0.0
444,1.0,0.05,0.00011913329354351202,12.831784837791147,0.007476405047486925,0.14465439633114158,0.0
445,1.0,0.05,0.00011913329354351202,12.831784837791147,0.007476405047486925,0.14465439633114158,0.0
446,1.0,0.05,0.00011913329354351202,12.831784837791147,0.007476405047486925,0.14465439633114158,0.0
447,1.0,0.05,0.00011459736008933141,13.27425012086077,0.007476405047486925,0.14465439633114158,0.0
448,1.0,0.05,0.00011459736008933141,13.27425012086077,0.007476405047486925,0.14465439633114158,0.0
449,1.0,0.05,0.00011459736008933141,13.27425012086077,0.007476405047486925,0.14465439633114158,0.0
450,1.0,0.05,0.00011459736008933141,13.27425012086077,0.007476405047486925,0.14465439633114158,0.0
451,1.0,0.05,0.00011459736008933141,13.27425012086077,0.007476405047486925,0.14465439633114158,0.0
452,1.0,0.05,0.00011459736008933141,13.27425012086077,0.007476405047486925,0.14465439633114158,0.0
453,1.0,0.05,0.00011459736008933141,13.27425012086077,0.007476405047486925,0.14465439633114158,0.0
454,1.0,0.05,0.00011459736008933141,13.6164720269214,0.007476405047486925,0.14465439633114158,0.0
455,1.0,0.05,0.00011459736008933141,9.049782943653,0.008382507139322707,0.14465439633114158,0.0
456,1.0,0.05,0.00011459736008933141,9.049782943653,0.008382507139322707,0.18869936400962223,0.0
457,1.0,0.05,0.00011459736008933141,9.049782943653,0.008382507139322707,0.18869936400962223,0.0
458,1.0,0.05,0.00011459736008933141,9.049782943653,0.008382507139322707,0.18869936400962223,0.0
459,1.0,0.05,0.00011459736008933141,9.049782943653,0.008382507139322707,0.18869936400962223,0.0
460,1.0,0.05,0.00011459736008933141,9.049782943653,0.008382507139322707,0.18869936400962223,0.0
461,1.0,0.05,0.00011459736008933141,11.607992177835342,0.008382507139322707,0.17854030331090964,0.0
462,1.0,0.05,0.00011459736008933141,11.607992177835342,0.008382507139322707,0.17854030331090964,0.0
463,1.0,0.05,0.00011459736008933141,11.607992177835342,0.00750803738646044,0.19965121063392183,0.0
464,1.0,0.05,0.00011459736008933141,11.607992177835342,0.00750803738646044,0.20131121864788193,0.0
465,1.0,0.05,0.00011459736008933141,11.607992177835342,0.00750803738646044,0.20455619187950638,0.0
466,1.0,0.05,0.00011459736008933141,11.15914082498675,0.00750803738646044,0.20455619187950638,0.0
467,1.0,0.05,0.00011459736008933141,11.15914082498675,0.00750803738646044,0.20455619187950638,0.0
468,1.0,0.05,0.00011459736008933141,7.228166076528538,0.00750803738646044,0.20455619187950638,0.0
469,1.0,0.05,0.00011459736008933141,7.228166076528538,0.0069601328514586665,0.20455619187950638,0.0
470,1.0,0.05,0.00011459736008933141,7.228166076528538,0.0069601328514586665,0.20455619187950638,0.0
471,1.0,0.05,0.00011459736008933141,7.228166076528538,0.0069601328514586665,0.20455619187950638,0.0
472,1.0,0.05,0.00011741195807852898,7.228166076528538,0.0069601328514586665,0.20455619187950638,0.0
473,1.0,0.05,0.00011741195807852898,7.228166076528538,0.007076882629466967,0.20455619187950638,0.0
474,1.0,0.05,0.00011741195807852898,7.228166076528538,0.007076882629466967,0.20455619187950638,0.0
475,1.0,0.05,0.00011741195807852898,7.228166076528538,0.007076882629466967,0.20455619187950638,0.0
476,1.0,0.05,0.00011741195807852898,7.228166076528538,0.007076882629466967,0.20455619187950638,0.0
477,1.0,0.05,0.00011741195807852898,7.228166076528538,0.00863197737213629,0.22666685482844243,0.0
478,1.0,0.05,0.00011741195807852898,7.228166076528538,0.00863197737213629,0.22666685482844243,0.0
479,1.0,0.05,0.00011741195807852898,7.228166076528538,0.00863197737213629,0.15219212965040735,0.0
480,1.0,0.05,0.00011741195807852898,7.228166076528538,0.006377246283288208,0.15219212965040735,0.0
481,1.0,0.05,0.00011741195807852898,8.454844843043574,0.006377246283288208,0.15219212965040735,0.0
482,1.0,0.05,0.00011741195807852898,11.008780382973526,0.006377246283288208,0.15219212965040735,0.0
483,1.0,0.05,0.00011741195807852898,11.008780382973526,0.006377246283288208,0.15219212965040735,0.0
484,1.0,0.05,0.00011741195807852898,7.836279507398089,0.006377246283288208,0.15219212965040735,0.0
485,1.0,0.05,0.00011741195807852898,7.836279507398089,0.006377246283288208,0.15219212965040735,0.0
486,1.0,0.05,0.00011741195807852898,7.836279507398089,0.006651334067329135,0.15219212965040735,0.0
487,1.0,0.05,0.00012035876272958724,7.836279507398089,0.006906459747528191,0.15219212965040735,0.0
488,1.0,0.05,0.00012035876272958724,10.391221086534756,0.006906459747528191,0.15219212965040735,0.0
489,1.0,0.05,0.00012035876272958724,10.391221086534756,0.006850492951115696,0.133168976797605,0.0
490,1.0,0.05,0.00012035876272958724,12.528928663846699,0.006850492951115696,0.133168976797605,0.0
491,1.0,0.05,0.00012035876272958724,12.528928663846699,0.006850492951115696,0.133168976797605,0.0
492,1.0,0.05,0.00012035876272958724,12.528928663846699,0.006850492951115696,0.14216762990933285,0.0
493,1.0,0.05,0.00012035876272958724,9.589708871775969,0.006850492951115696,0.14216762990933285,0.0
494,1.0,0.05,0.00012035876272958724,9.589708871775969,0.006850492951115696,0.14216762990933285,0.0
495,1.0,0.05,0.00012035876272958724,9.589708871775969,0.006850492951115696,0.14216762990933285,0.0
496,1.0,0.05,0.00012035876272958724,9.589708871775969,0.006850492951115696,0.14216762990933285,0.0
497,1.0,0.05,0.00012035876272958724,9.589708871775969,0.006850492951115696,0.14216762990933285,0.0
498,1.0,0.05,0.00012035876272958724,9.589708871775969,0.006850492951115696,0.15079484288281397,0.0
499,1.0,0.05,0.00012035876272958724,9.589708871775969,0.006850492951115696,0.15079484288281397,0.0
500,1.0,0.05,0.00012035876272958724,9.589708871775969,0.006850492951115696,0.15079484288281397,0.0
501,1.0,0.05,0.00012035876272958724,10.769723707578166,0.006850492951115696,0.15079484288281397,0.0
502,1.0,0.05,0.00012035876272958724,10.769723707578166,0.006850492951115696,0.15079484288281397,0.0
503,1.0,0.05,0.00012035876272958724,10.769723707578166,0.007006323701643084,0.15079484288281397,0.0
504,1.0,0.05,0.00012035876272958724,10.769723707578166,0.007006323701643084,0.15079484288281397,0.0
505,1.0,0.05,0.00012035876272958724,10.769723707578166,0.007006323701643084,0.15079484288281397,0.0
506,1.0,0.05,0.00011708438011794254,10.769723707578166,0.00678943673816552,0.15079484288281397,0.0
507,1.0,0.05,0.00011708438011794254,10.769723707578166,0.00678943673816552,0.15079484288281397,0.0
508,1.0,0.05,0.00011708438011794254,10.769723707578166,0.00678943673816552,0.13161097036543187,0.0
509,1.0,0.05,0.00011708438011794254,10.769723707578166,0.006870120061454381,0.13161097036543187,0.0
510,1.0,0.05,0.00011708438011794254,10.769723707578166,0.006870120061454381,0.13161097036543187,0.0
511,1.0,0.05,0.00011708438011794254,10.769723707578166,0.006870120061454381,0.13161097036543187,0.0
512,1.0,0.05,0.00011708438011794254,10.769723707578166,0.006870120061454381,0.13161097036543187,0.0
513,1.0,0.05,0.00011708438011794254,10.769723707578166,0.006271275745520562,0.13161097036543187,0.0
514,1.0,0.05,0.00011708438011794254,10.769723707578166,0.006271275745520562,0.13161097036543187,0.0
515,1.0,0.05,0.00011708438011794254,9.953073713483292,0.006271275745520562,0.13161097036543187,0.0
516,1.0,0.05,0.00012128631157408404,9.953073713483292,0.006271275745520562,0.13161097036543187,0.0
517,1.0,0.05,0.00012128631157408404,7.9703196772595675,0.006271275745520562,0.13161097036543187,0.0
518,1.0,0.05,0.00012128631157408404,7.9703196772595675,0.006271275745520562,0.13161097036543187,0.0
519,1.0,0.05,0.00012128631157408404,7.9703196772595675,0.006271275745520562,0.13161097036543187,0.0
520,1.0,0.05,0.00012128631157408404,7.9703196772595675,0.006635091625937816,0.13161097036543187,0.0
521,1.0,0.05,0.00012128631157408404,7.9703196772595675,0.006635091625937816,0.13161097036543187,0.0
522,1.0,0.05,0.00011884163458441744,7.9703196772595675,0.006647591393622428,0.13161097036543187,0.0
523,1.0,0.05,0.00011884163458441744,7.9703196772595675,0.006647591393622428,0.13161097036543187,0.0
524,1.0,0.05,0.00011884163458441744,7.9703196772595675,0.006647591393622428,0.1537680098514574,0.0
525,1.0,0.05,0.00011884163458441744,7.9703196772595675,0.006647591393622428,0.1537680098514574,0.0
526,1.0,0.05,0.00011884163458441744,7.9703196772595675,0.007415867872891366,0.1537680098514574,0.0
527,1.0,0.05,0.00011884163458441744,7.9703196772595675,0.007415867872891366,0.1537680098514574,0.0
528,1.0,0.05,0.00011884163458441744,7.9703196772595675,0.006598772383165025,0.1769425775436666,0.0
529,1.0,0.05,0.00011884163458441744,7.9703196772595675,0.006598772383165025,0.1769425775436666,0.0
530,1.0,0.05,0.00011884163458441744,7.9703196772595675,0.006598772383165025,0.1769425775436666,0.0
531,1.0,0.05,0.00011884163458441744,7.9703196772595675,0.006598772383165025,0.1769425775436666,0.0
532,1.0,0.05,0.00011884163458441744,7.9703196772595675,0.006598772383165025,0.1769425775436666,0.0
533,1.0,0.05,0.00011884163458441744,7.9703196772595675,0.006598772383165025,0.16163202369841106,0.0
534,1.0,0.05,0.00011884163458441744,7.9703196772595675,0.006598772383165025,0.15511300028831435,0.0
535,1.0,0.05,0.00011884163458441744,7.9703196772595675,0.006787653527204073,0.15511300028831435,0.0
536,1.0,0.05,0.00011884163458441744,7.9703196772595675,0.006787653527204073,0.15511300028831435,0.0
537,1.0,0.05,0.00011884163458441744,7.9703196772595675,0.006787653527204073,0.15511300028831435,0.0
538,1.0,0.05,0.00011884163458441744,7.9703196772595675,0.006787653527204073,0.15511300028831435,0.0
539,1.0,0.05,0.00011884163458441744,7.9703196772595675,0.0074497838759228505,0.17615157925815225,0.0
540,1.0,0.05,0.00011884163458441744,7.9703196772595675,0.0074497838759228505,0.17615157925815225,0.0
541,1.0,0.05,0.0001174786378509678,7.9703196772595675,0.0074497838759228505,0.17615157925815225,0.0
542,1.0,0.05,0.0001174786378509678,9.31173305206454,0.0074497838759228505,0.17615157925815225,0.0
543,1.0,0.05,0.0001174786378509678,9.31173305206454,0.0074497838759228505,0.17615157925815225,0.0
544,1.0,0.05,0.0001174786378509678,9.31173305206454,0.0074497838759228505,0.16089800393079695,0.0
545,1.0,0.05,0.0001174786378509678,9.31173305206454,0.0074497838759228505,0.16089800393079695,0.0
546,1.0,0.05,0.0001174786378509678,9.31173305206454,0.0074497838759228505,0.16089800393079695,0.0
547,1.0,0.05,0.0001174786378509678,9.31173305206454,0.0074497838759228505,0.16089800393079695,0.0
548,1.0,0.05,0.0001174786378509678,9.31173305206454,0.0074497838759228505,0.16089800393079695,0.0
549,1.0,0.05,0.0001174786378509678,9.31173305206454,0.0074497838759228505,0.16089800393079695,0.0
550,1.0,0.05,0.0001174786378509678,9.31173305206454,0.0074497838759228505,0.16089800393079695,0.0
551,1.0,0.05,0.0001174786378509678,9.31173305206454,0.0074497838759228505,0.16089800393079695,0.0
552,1.0,0.05,0.0001174786378509678,9.31173305206454,0.0074497838759228505,0.16089800393079695,0.0
553,1.0,0.05,0.0001174786378509678,9.31173305206454,0.0074497838759228505,0.16089800393079695,0.0
554,1.0,0.05,0.0001174786378509678,9.31173305206454,0.0074497838759228505,0.16089800393079695,0.0
555,1.0,0.05,0.0001174786378509678,9.31173305206454,0.007253467031629622,0.16089800393079695,0.0
556,1.0,0.05,0.0001174786378509678,9.31173305206454,0.007253467031629622,0.16089800393079695,0.0
557,1.0,0.05,0.0001174786378509678,9.31173305206454,0.007253467031629622,0.16089800393079695,0.0
558,1.0,0.05,0.0001174786378509678,9.31173305206454,0.007253467031629622,0.16089800393079695,0.0
559,1.0,0.05,0.00012098705469084266,9.31173305206454,0.007253467031629622,0.16089800393079695,0.0
560,1.0,0.05,0.00012098705469084266,9.31173305206454,0.007253467031629622,0.16089800393079695,0.0
561,1.0,0.05,0.00012098705469084266,9.31173305206454,0.007253467031629622,0.16089800393079695,0.0
562,1.0,0.05,0.00012098705469084266,9.31173305206454,0.007253467031629622,0.16089800393079695,0.0
563,1.0,0.05,0.00012098705469084266,9.31173305206454,0.007253467031629622,0.13613745841552005,0.0
564,1.0,0.05,0.00012098705469084266,9.31173305206454,0.007253467031629622,0.13613745841552005,0.0
565,1.0,0.05,0.00012098705469084266,9.31173305206454,0.007253467031629622,0.13613745841552005,0.0
566,1.0,0.05,0.00012098705469084266,9.31173305206454,0.007253467031629622,0.13613745841552005,0.0
567,1.0,0.05,0.00012098705469084266,9.31173305206454,0.007293663547183935,0.13613745841552005,0.0
568,1.0,0.05,0.00012098705469084266,9.31173305206454,0.007293663547183935,0.13613745841552005,0.0
569,1.0,0.05,0.00012098705469084266,9.31173305206454,0.007293663547183935,0.13613745841552005,0.0
570,1.0,0.05,0.00012098705469084266,9.31173305206454,0.007293663547183935,0.13613745841552005,0.0
571,1.0,0.05,0.00012098705469084266,9.233560866789887,0.007293663547183935,0.13613745841552005,0.0
572,1.0,0.05,0.00012098705469084266,9.172303688100953,0.007293663547183935,0.13613745841552005,0.0
573,1.0,0.05,0.00012098705469084266,9.172303688100953,0.007293663547183935,0.13613745841552005,0.0
574,1.0,0.05,0.00012098705469084266,9.172303688100953,0.007293663547183935,0.13613745841552005,0.0
575,1.0,0.05,0.00012098705469084266,9.140810723907904,0.007293663547183935,0.13613745841552005,0.0
576,1.0,0.05,0.00012098705469084266,9.140810723907904,0.007727136778178534,0.13613745841552005,0.0
577,1.0,0.05,0.00012098705469084266,9.140810723907904,0.007727136778178534,0.13613745841552005,0.0
578,1.0,0.05,0.00012098705469084266,9.140810723907904,0.007727136778178534,0.13613745841552005,0.0
579,1.0,0.05,0.00012098705469084266,9.140810723907904,0.007727136778178534,0.13613745841552005,0.0
580,1.0,0.05,0.00012098705469084266,9.140810723907904,0.007727136778178534,0.13613745841552005,0.0
581,1.0,0.05,0.00012098705469084266,9.140810723907904,0.007727136778178534,0.13613745841552005,0.0
582,1.0,0.05,0.00012098705469084266,9.140810723907904,0.007727136778178534,0.13613745841552005,0.0
583,1.0,0.05,0.00012098705469084266,9.140810723907904,0.007727136778178534,0.13613745841552005,0.0
584,1.0,0.05,0.00012823474530688323,9.140810723907904,0.007727136778178534,0.13613745841552005,0.0
585,1.0,0.05,0.00012823474530688323,9.140810723907904,0.007727136778178534,0.13613745841552005,0.0
586,1.0,0.05,0.00012823474530688323,9.140810723907904,0.007727136778178534,0.13613745841552005,0.0
587,1.0,0.05,0.00012791527551584317,9.140810723907904,0.006088390390514789,0.13613745841552005,0.0
588,1.0,0.05,0.00012791527551584317,9.140810723907904,0.006088390390514789,0.13613745841552005,0.0
589,1.0,0.05,0.00012791527551584317,9.140810723907904,0.006088390390514789,0.13613745841552005,0.0
590,1.0,0.05,0.00012791527551584317,10.297942165764809,0.006088390390514789,0.13613745841552005,0.0
591,1.0,0.05,0.00012791527551584317,10.297942165764809,0.006088390390514789,0.13613745841552005,0.0
592,1.0,0.05,0.00012791527551584317,4.542973218181771,0.006088390390514789,0.13613745841552005,0.0
593,1.0,0.05,0.00012791527551584317,4.542973218181771,0.006088390390514789,0.13613745841552005,0.0
594,1.0,0.05,0.00012791527551584317,7.082701418859443,0.006088390390514789,0.13613745841552005,0.0
595,1.0,0.05,0.00012791527551584317,7.082701418859443,0.006541927030254542,0.13613745841552005,0.0
596,1.0,0.05,0.00012791527551584317,7.082701418859443,0.006541927030254542,0.13613745841552005,0.0
597,1.0,0.05,0.00012791527551584317,7.082701418859443,0.006541927030254542,0.13613745841552005,0.0
598,1.0,0.05,0.00012791527551584317,7.082701418859443,0.006541927030254542,0.13613745841552005,0.0
599,1.0,0.05,0.00012791527551584317,7.082701418859443,0.006541927030254542,0.13613745841552005,0.0
600,1.0,0.05,0.00012791527551584317,7.082701418859443,0.006541927030254542,0.13613745841552005,0.0
601,1.0,0.05,0.00012791527551584317,7.082701418859443,0.006541927030254542,0.13613745841552005,0.0
602,1.0,0.05,0.00012791527551584317,7.082701418859443,0.006311729394914778,0.13613745841552005,0.0
603,1.0,0.05,0.00012791527551584317,7.672256514688101,0.006311729394914778,0.13613745841552005,0.0
604,1.0,0.05,0.00012791527551584317,7.672256514688101,0.0065084145107351735,0.13613745841552005,0.0
605,1.0,0.05,0.00012791527551584317,7.672256514688101,0.0065084145107351735,0.13613745841552005,0.0
606,1.0,0.05,0.00012791527551584317,7.672256514688101,0.0065084145107351735,0.13613745841552005,0.0
607,1.0,0.05,0.00012791527551584317,7.672256514688101,0.0065084145107351735,0.14735868358882093,0.0
608,1.0,0.05,0.00012791527551584317,7.672256514688101,0.0065084145107351735,0.13971134226604248,0.0
609,1.0,0.05,0.00012816309803841,7.672256514688101,0.0065084145107351735,0.13971134226604248,0.0
610,1.0,0.05,0.00012816309803841,7.672256514688101,0.0065084145107351735,0.13971134226604248,0.0
611,1.0,0.05,0.00012816309803841,11.89881556176391,0.0065084145107351735,0.13464101015966856,0.0
612,1.0,0.05,0.00012816309803841,11.89881556176391,0.0065084145107351735,0.13464101015966856,0.0
613,1.0,0.05,0.00012816309803841,11.89881556176391,0.0065084145107351735,0.10746007522859792,0.0
614,1.0,0.05,0.00012816309803841,11.89881556176391,0.0065084145107351735,0.10746007522859792,0.0
615,1.0,0.05,0.00012816309803841,11.89881556176391,0.0065084145107351735,0.10746007522859792,0.0
616,1.0,0.05,0.0001233996415393229,11.89881556176391,0.0065084145107351735,0.10746007522859792,0.0
617,1.0,0.05,0.0001233996415393229,9.123107086257718,0.0065084145107351735,0.1280896889268123,0.0
618,1.0,0.05,0.0001233996415393229,9.631828152316075,0.0065084145107351735,0.1280896889268123,0.0
619,1.0,0.05,0.0001233996415393229,9.631828152316075,0.0065084145107351735,0.13166365826518295,0.0
620,1.0,0.05,0.0001233996415393229,9.631828152316075,0.0065084145107351735,0.13912999717058647,0.0
621,1.0,0.05,0.0001233996415393229,9.631828152316075,0.006863035646226068,0.13912999717058647,0.0
622,1.0,0.05,0.0001233996415393229,9.631828152316075,0.006863035646226068,0.13912999717058647,0.0
623,1.0,0.05,0.0001233996415393229,9.631828152316075,0.006863035646226068,0.13912999717058647,0.0
624,1.0,0.05,0.0001233996415393229,9.631828152316075,0.006863035646226068,0.13912999717058647,0.0
625,1.0,0.05,0.0001233996415393229,9.631828152316075,0.006863035646226068,0.13912999717058647,0.0
626,1.0,0.05,0.0001233996415393229,9.631828152316075,0.006863035646226068,0.13912999717058647,0.0
627,1.0,0.05,0.0001233996415393229,9.631828152316075,0.006863035646226068,0.13912999717058647,0.0
628,1.0,0.05,0.0001233996415393229,9.631828152316075,0.006223530881892657,0.13912999717058647,0.0
629,1.0,0.05,0.0001233996415393229,9.631828152316075,0.006223530881892657,0.13912999717058647,0.0
630,1.0,0.05,0.0001233996415393229,9.631828152316075,0.006223530881892657,0.13912999717058647,0.0
631,1.0,0.05,0.0001233996415393229,9.631828152316075,0.007521958635492031,0.13914168847922218,0.0
632,1.0,0.05,0.0001233996415393229,9.631828152316075,0.007521958635492031,0.13356325223015825,0.0
633,1.0,0.05,0.0001233996415393229,9.631828152316075,0.005918778842458669,0.13356325223015825,0.0
634,1.0,0.05,0.0001233996415393229,9.631828152316075,0.007032286587056759,0.13356325223015825,0.0
635,1.0,0.05,0.0001233996415393229,9.631828152316075,0.007032286587056759,0.13356325223015825,0.0
636,1.0,0.05,0.0001233996415393229,10.702525711522213,0.007032286587056759,0.11907638320995893,0.0
637,1.0,0.05,0.0001233996415393229,10.702525711522213,0.007203861523305263,0.11907638320995893,0.0
638,1.0,0.05,0.0001233996415393229,10.702525711522213,0.007203861523305263,0.11907638320995893,0.0
639,1.0,0.05,0.0001233996415393229,10.702525711522213,0.007203861523305263,0.11907638320995893,0.0
640,1.0,0.05,0.0001233996415393229,10.702525711522213,0.007203861523305263,0.11907638320995893,0.0
641,1.0,0.05,0.0001233996415393229,10.702525711522213,0.007203861523305263,0.11907638320995893,0.0
642,1.0,0.05,0.0001233996415393229,10.702525711522213,0.007203861523305263,0.11907638320995893,0.0
643,1.0,0.05,0.0001233996415393229,10.702525711522213,0.006841544637479066,0.11907638320995893,0.0
644,1.0,0.05,0.0001233996415393229,10.994547811260077,0.006841544637479066,0.11907638320995893,0.0
645,1.0,0.05,0.0001233996415393229,10.994547811260077,0.006841544637479066,0.11907638320995893,0.0
646,1.0,0.05,0.0001233996415393229,10.994547811260077,0.006841544637479066,0.11907638320995893,0.0
647,1.0,0.05,0.0001233996415393229,10.994547811260077,0.006841544637479066,0.11907638320995893,0.0
648,1.0,0.05,0.0001233996415393229,10.994547811260077,0.006841544637479066,0.11907638320995893,0.0
649,1.0,0.05,0.0001233996415393229,10.994547811260077,0.006841544637479066,0.11907638320995893,0.0
650,1.0,0.05,0.0001233996415393229,10.994547811260077,0.006841544637479066,0.10626991603719028,0.0
651,1.0,0.05,0.0001233996415393229,10.994547811260077,0.0062373821992129,0.10626991603719028,0.0
652,1.0,0.05,0.0001233996415393229,10.994547811260077,0.0062373821992129,0.121619291688052,0.0
653,1.0,0.05,0.0001233996415393229,10.994547811260077,0.0062373821992129,0.121619291688052,0.0
654,1.0,0.05,0.0001233996415393229,10.994547811260077,0.0062373821992129,0.121619291688052,0.0
655,1.0,0.05,0.0001233996415393229,10.994547811260077,0.0062373821992129,0.121619291688052,0.0
656,1.0,0.05,0.0001233996415393229,10.994547811260077,0.0062373821992129,0.121619291688052,0.0
657,1.0,0.05,0.0001233996415393229,10.994547811260077,0.0062373821992129,0.121619291688052,0.0
658,1.0,0.05,0.0001233996415393229,10.994547811260077,0.0062373821992129,0.14404614091850906,0.0
659,1.0,0.05,0.0001233996415393229,9.367079162998948,0.0062373821992129,0.14404614091850906,0.0
660,1.0,0.05,0.0001233996415393229,9.367079162998948,0.006153411768292691,0.14404614091850906,0.0
661,1.0,0.05,0.0001233996415393229,9.367079162998948,0.006153411768292691,0.14404614091850906,0.0
662,1.0,0.05,0.0001233996415393229,9.367079162998948,0.006153411768292691,0.14404614091850906,0.0
663,1.0,0.05,0.0001233996415393229,9.367079162998948,0.006153411768292691,0.14404614091850906,0.0
664,1.0,0.05,0.0001233996415393229,9.367079162998948,0.006153411768292691,0.14404614091850906,0.0
665,1.0,0.05,0.0001233996415393229,9.367079162998948,0.006153411768292691,0.14404614091850906,0.0
666,1.0,0.05,0.0001233996415393229,9.367079162998948,0.006643077056976186,0.14404614091850906,0.0
667,1.0,0.05,0.0001233996415393229,5.078990461286878,0.006643077056976186,0.14404614091850906,0.0
668,1.0,0.05,0.0001233996415393229,5.078990461286878,0.006643077056976186,0.14404614091850906,0.0
669,1.0,0.05,0.0001233996415393229,5.078990461286878,0.006670131827328524,0.14404614091850906,0.0
670,1.0,0.05,0.0001233996415393229,5.078990461286878,0.006670131827328524,0.14404614091850906,0.0
671,1.0,0.05,0.00012019368897463919,5.078990461286878,0.006670131827328524,0.14404614091850906,0.0
672,1.0,0.05,0.00012019368897463919,5.078990461286878,0.006670131827328524,0.18335911799819318,0.0
673,1.0,0.05,0.00012019368897463919,5.078990461286878,0.006670131827328524,0.18335911799819318,0.0
674,1.0,0.05,0.00012019368897463919,5.078990461286878,0.006670131827328524,0.18335911799819318,0.0
675,1.0,0.05,0.00012019368897463919,5.078990461286878,0.006670131827328524,0.18335911799819318,0.0
676,1.0,0.05,0.00012019368897463919,5.078990461286878,0.006670131827328524,0.18335911799819318,0.0
677,1.0,0.05,0.00012019368897463919,5.078990461286878,0.006586990193674177,0.18335911799819318,0.0
678,1.0,0.05,0.00012019368897463919,5.078990461286878,0.006586990193674177,0.18335911799819318,0.0
679,1.0,0.05,0.00012019368897463919,5.078990461286878,0.006363588545229057,0.18335911799819318,0.0
680,1.0,0.05,0.00012019368897463919,5.078990461286878,0.006363588545229057,0.18335911799819318,0.0
681,1.0,0.05,0.00012019368897463919,5.078990461286878,0.006363588545229057,0.18335911799819318,0.0
682,1.0,0.05,0.00012019368897463919,5.078990461286878,0.007800515813172206,0.18335911799819318,0.0
683,1.0,0.05,0.00012019368897463919,5.078990461286878,0.007800515813172206,0.1909826059173396,0.0
684,1.0,0.05,0.00012019368897463919,5.078990461286878,0.007800515813172206,0.1909826059173396,0.0
685,1.0,0.05,0.00012019368897463919,5.078990461286878,0.006750833230886717,0.1909826059173396,0.0
686,1.0,0.05,0.00012019368897463919,5.078990461286878,0.006750833230886717,0.1909826059173396,0.0
687,1.0,0.05,0.00012019368897463919,5.078990461286878,0.006750833230886717,0.1909826059173396,0.0
688,1.0,0.05,0.00012019368897463919,6.889598870632966,0.006750833230886717,0.1909826059173396,0.0
689,1.0,0.05,0.00012019368897463919,6.889598870632966,0.006750833230886717,0.1909826059173396,0.0
690,1.0,0.05,0.00012019368897463919,6.889598870632966,0.006750833230886717,0.1909826059173396,0.0
691,1.0,0.05,0.00012019368897463919,6.889598870632966,0.006750833230886717,0.1909826059173396,0.0
692,1.0,0.05,0.00012019368897463919,6.889598870632966,0.007302658868038091,0.16287988635368067,0.0
693,1.0,0.05,0.00012019368897463919,6.889598870632966,0.007548563198778173,0.16287988635368067,0.0
694,1.0,0.05,0.00012019368897463919,6.889598870632966,0.007548563198778173,0.16287988635368067,0.0
695,1.0,0.05,0.00011785119002495326,7.397966200755462,0.007548563198778173,0.16287988635368067,0.0
696,1.0,0.05,0.00011785119002495326,12.44754301665212,0.007316567332826366,0.16287988635368067,0.0
697,1.0,0.05,0.00011785119002495326,12.44754301665212,0.007316567332826366,0.14989901621279791,0.0
698,1.0,0.05,0.00011785119002495326,12.44754301665212,0.007316567332826366,0.15880418069208466,0.0
699,1.0,0.05,0.00011785119002495326,12.44754301665212,0.007316567332826366,0.15880418069208466,0.0
700,1.0,0.05,0.00011785119002495326,12.44754301665212,0.007316567332826366,0.15880418069208466,0.0
701,1.0,0.05,0.00011332261290646512,12.44754301665212,0.007316567332826366,0.1527167531889387,0.0
702,1.0,0.05,0.00011332261290646512,12.44754301665212,0.007316567332826366,0.1527167531889387,0.0
703,1.0,0.05,0.00011332261290646512,12.44754301665212,0.007316567332826366,0.1527167531889387,0.0
704,1.0,0.05,0.00011332261290646512,12.44754301665212,0.007316567332826366,0.1527167531889387,0.0
705,1.0,0.05,0.00011332261290646512,12.44754301665212,0.007316567332826366,0.1527167531889387,0.0
706,1.0,0.05,0.00011332261290646512,12.44754301665212,0.007316567332826366,0.1527167531889387,0.0
707,1.0,0.05,0.00011332261290646512,12.44754301665212,0.007316567332826366,0.1527167531889387,0.0
708,1.0,0.05,0.00011332261290646512,12.44754301665212,0.008357975850686858,0.1527167531889387,0.0
709,1.0,0.05,0.00011332261290646512,12.44754301665212,0.008357975850686858,0.1527167531889387,0.0
710,1.0,0.05,0.00011332261290646512,12.44754301665212,0.007149279452741632,0.1527167531889387,0.0
711,1.0,0.05,0.00011332261290646512,12.44754301665212,0.007149279452741632,0.1527167531889387,0.0
712,1.0,0.05,0.00011332261290646512,12.44754301665212,0.00770646157232409,0.1527167531889387,0.0
713,1.0,0.05,0.00011332261290646512,13.02828227583457,0.00770646157232409,0.1527167531889387,0.0
714,1.0,0.05,0.00011332261290646512,13.02828227583457,0.00770646157232409,0.1527167531889387,0.0
715,1.0,0.05,0.00011332261290646512,13.02828227583457,0.00770646157232409,0.1527167531889387,0.0
716,1.0,0.05,0.00011332261290646512,13.02828227583457,0.00770646157232409,0.13580255531112206,0.0
717,1.0,0.05,0.00011332261290646512,13.02828227583457,0.00770646157232409,0.13580255531112206,0.0
718,1.0,0.05,0.00011964277113761319,13.02828227583457,0.00770646157232409,0.13580255531112206,0.0
719,1.0,0.05,0.00011964277113761319,13.02828227583457,0.00770646157232409,0.13580255531112206,0.0
720,1.0,0.05,0.00011964277113761319,13.02828227583457,0.00770646157232409,0.13580255531112206,0.0
721,1.0,0.05,0.00011964277113761319,13.02828227583457,0.00770646157232409,0.13580255531112206,0.0
722,1.0,0.05,0.00011964277113761319,13.02828227583457,0.00770646157232409,0.13580255531112206,0.0
723,1.0,0.05,0.00011173629466053108,13.02828227583457,0.00770646157232409,0.13580255531112206,0.0
724,1.0,0.05,0.00011173629466053108,13.02828227583457,0.00770646157232409,0.13580255531112206,0.0
725,1.0,0.05,0.00011173629466053108,13.02828227583457,0.00770646157232409,0.13580255531112206,0.0
726,1.0,0.05,0.00011173629466053108,13.791300711151152,0.007563644155290237,0.13430288586719022,0.0
727,1.0,0.05,0.00011173629466053108,13.791300711151152,0.0074469028363580055,0.13430288586719022,0.0
728,1.0,0.05,0.00011173629466053108,13.791300711151152,0.0074469028363580055,0.13430288586719022,0.0
729,1.0,0.05,0.00011396008404731297,13.791300711151152,0.0074469028363580055,0.13430288586719022,0.0
730,1.0,0.05,0.00011396008404731297,13.791300711151152,0.0074469028363580055,0.13430288586719022,0.0
731,1.0,0.05,0.00011396008404731297,13.791300711151152,0.0074469028363580055,0.13430288586719022,0.0
732,1.0,0.05,0.00011396008404731297,15.458758752313344,0.0074469028363580055,0.13430288586719022,0.0
733,1.0,0.05,0.00011396008404731297,15.458758752313344,0.007772130511000502,0.13430288586719022,0.0
734,1.0,0.05,0.00011396008404731297,15.458758752313344,0.007772130511000502,0.13430288586719022,0.0
735,1.0,0.05,0.00011396008404731297,15.458758752313344,0.00810280162568399,0.13430288586719022,0.0
736,1.0,0.05,0.00011396008404731297,15.458758752313344,0.00810280162568399,0.13430288586719022,0.0
737,1.0,0.05,0.00011396008404731297,16.080873878939016,0.00810280162568399,0.13430288586719022,0.0
738,1.0,0.05,0.00011396008404731297,18.78943070291372,0.00810280162568399,0.13430288586719022,0.0
739,1.0,0.05,0.00011396008404731297,18.78943070291372,0.00810280162568399,0.13430288586719022,0.0
740,1.0,0.05,0.00011396008404731297,18.78943070291372,0.00810280162568399,0.13430288586719022,0.0
741,1.0,0.05,0.00011396008404731297,12.064527164737797,0.00810280162568399,0.13430288586719022,0.0
742,1.0,0.05,0.00011396008404731297,12.064527164737797,0.008010561666431175,0.13430288586719022,0.0
743,1.0,0.05,0.00011396008404731297,12.064527164737797,0.008010561666431175,0.15600073225100067,0.0
744,1.0,0.05,0.00011396008404731297,12.064527164737797,0.008010561666431175,0.15600073225100067,0.0
745,1.0,0.05,0.00011396008404731297,16.93662678865482,0.008010561666431175,0.1422398433585584,0.0
746,1.0,0.05,0.00011396008404731297,16.93662678865482,0.008010561666431175,0.1411341842383223,0.0
747,1.0,0.05,0.00011396008404731297,17.023230218715923,0.008010561666431175,0.1411341842383223,0.0
748,1.0,0.05,0.00011396008404731297,17.023230218715923,0.008319088615198639,0.1411341842383223,0.0
749,1.0,0.05,0.00011396008404731297,17.023230218715923,0.008319088615198639,0.13369584492882025,0.0
750,1.0,0.05,0.00011396008404731297,17.023230218715923,0.008319088615198639,0.13369584492882025,0.0
751,1.0,0.05,0.00011396008404731297,12.303371422749947,0.008319088615198639,0.13369584492882025,0.0
752,1.0,0.05,0.00011396008404731297,12.303371422749947,0.008319088615198639,0.13369584492882025,0.0
753,1.0,0.05,0.00011396008404731297,12.303371422749947,0.008319088615198639,0.13369584492882025,0.0
754,1.0,0.05,0.00011396008404731297,12.303371422749947,0.008319088615198639,0.124471821581486,0.0
755,1.0,0.05,0.00011396008404731297,12.303371422749947,0.008319088615198639,0.124471821581486,0.0
756,1.0,0.05,0.00011396008404731297,12.303371422749947,0.008319088615198639,0.124471821581486,0.0
757,1.0,0.05,0.00011396008404731297,15.754777898346958,0.008319088615198639,0.124471821581486,0.0
758,1.0,0.05,0.00011396008404731297,15.754777898346958,0.008319088615198639,0.124471821581486,0.0
759,1.0,0.05,0.00011396008404731297,15.754777898346958,0.008319088615198639,0.09761082284191695,0.0
760,1.0,0.05,0.00011396008404731297,15.754777898346958,0.008319088615198639,0.15257135724886473,0.0
761,1.0,0.05,0.00011396008404731297,15.754777898346958,0.008319088615198639,0.15257135724886473,0.0
762,1.0,0.05,0.00011396008404731297,15.754777898346958,0.008137951052963277,0.136607358481091,0.0
763,1.0,0.05,0.00011396008404731297,15.754777898346958,0.008137951052963277,0.12942819714642925,0.0
764,1.0,0.05,0.00011141525677184192,15.754777898346958,0.008137951052963277,0.12418852573930958,0.0
765,1.0,0.05,0.00011141525677184192,12.24710722888689,0.008137951052963277,0.12418852573930958,0.0
766,1.0,0.05,0.00011141525677184192,12.24710722888689,0.008137951052963277,0.1343739437276571,0.0
767,1.0,0.05,0.00011141525677184192,12.24710722888689,0.008137951052963277,0.1343739437276571,0.0
768,1.0,0.05,0.00011814696887903724,12.24710722888689,0.008137951052963277,0.1343739437276571,0.0
769,1.0,0.05,0.00011814696887903724,12.24710722888689,0.007122004445645901,0.1343739437276571,0.0
770,1.0,0.05,0.00011814696887903724,12.24710722888689,0.007122004445645901,0.1343739437276571,0.0
771,1.0,0.05,0.00011814696887903724,12.24710722888689,0.007122004445645901,0.1343739437276571,0.0
772,1.0,0.05,0.00011814696887903724,11.487524875065702,0.007169388942644161,0.1578634716889885,0.0
773,1.0,0.05,0.00011814696887903724,11.487524875065702,0.007169388942644161,0.1578634716889885,0.0
774,1.0,0.05,0.00011814696887903724,11.487524875065702,0.006793005188772396,0.1253100437786597,0.0
775,1.0,0.05,0.00011966049539782972,11.487524875065702,0.006793005188772396,0.1253100437786597,0.0
776,1.0,0.05,0.00011966049539782972,11.487524875065702,0.006793005188772396,0.1253100437786597,0.0
777,1.0,0.05,0.00011966049539782972,11.487524875065702,0.006793005188772396,0.1253100437786597,0.0
778,1.0,0.05,0.00011966049539782972,11.487524875065702,0.006793005188772396,0.1253100437786597,0.0
779,1.0,0.05,0.00011966049539782972,11.487524875065702,0.006793005188772396,0.1253100437786597,0.0
780,1.0,0.05,0.00011966049539782972,11.487524875065702,0.006793005188772396,0.1253100437786597,0.0
781,1.0,0.05,0.00011966049539782972,11.487524875065702,0.006793005188772396,0.1253100437786597,0.0
782,1.0,0.05,0.00011966049539782972,11.487524875065702,0.006793005188772396,0.11533334311798199,0.0
783,1.0,0.05,0.00012237242409449364,11.487524875065702,0.007141458310053098,0.11914679955833218,0.0
784,1.0,0.05,0.00012237242409449364,11.487524875065702,0.007141458310053098,0.11914679955833218,0.0
785,1.0,0.05,0.00012237242409449364,11.487524875065702,0.007141458310053098,0.11914679955833218,0.0
786,1.0,0.05,0.00012237242409449364,11.487524875065702,0.006609259297655497,0.12525170715605372,0.0
787,1.0,0.05,0.00012237242409449364,10.239257386268747,0.006609259297655497,0.12525170715605372,0.0
788,1.0,0.05,0.00012237242409449364,10.239257386268747,0.006609259297655497,0.12525170715605372,0.0
789,1.0,0.05,0.00012237242409449364,10.239257386268747,0.006609259297655497,0.15478183180090904,0.0
790,1.0,0.05,0.00012237242409449364,10.239257386268747,0.005841795845196454,0.09558596725815655,0.0
791,1.0,0.05,0.00012237242409449364,10.239257386268747,0.00593524684297325,0.09558596725815655,0.0
792,1.0,0.05,0.00012237242409449364,10.239257386268747,0.00593524684297325,0.09558596725815655,0.0
793,1.0,0.05,0.00012237242409449364,10.239257386268747,0.00593524684297325,0.12999970160574398,0.0
794,1.0,0.05,0.00012237242409449364,10.239257386268747,0.00593524684297325,0.12999970160574398,0.0
795,1.0,0.05,0.00012237242409449364,10.239257386268747,0.00593524684297325,0.12999970160574398,0.0
796,1.0,0.05,0.00012237242409449364,10.239257386268747,0.005825044934930545,0.12999970160574398,0.0
797,1.0,0.05,0.00012237242409449364,9.482489651953259,0.005825044934930545,0.09756654256459643,0.0
798,1.0,0.05,0.00012237242409449364,10.052172986511636,0.005825044934930545,0.09756654256459643,0.0
799,1.0,0.05,0.00012237242409449364,10.052172986511636,0.005825044934930545,0.12437730586273225,0.0
800,1.0,0.05,0.00012237242409449364,10.052172986511636,0.007387643366411769,0.12437730586273225,0.0
801,1.0,0.05,0.00012237242409449364,10.052172986511636,0.007387643366411769,0.12437730586273225,0.0
802,1.0,0.05,0.00012237242409449364,10.052172986511636,0.007387643366411769,0.12437730586273225,0.0
803,1.0,0.05,0.00012237242409449364,10.052172986511636,0.007387643366411769,0.12437730586273225,0.0
804,1.0,0.05,0.00012237242409449364,10.052172986511636,0.007387643366411769,0.12437730586273225,0.0
805,1.0,0.05,0.00012237242409449364,10.052172986511636,0.006412724285002605,0.12437730586273225,0.0
806,1.0,0.05,0.00012237242409449364,10.052172986511636,0.006412724285002605,0.12437730586273225,0.0
807,1.0,0.05,0.00012237242409449364,10.052172986511636,0.006412724285002605,0.12437730586273225,0.0
808,1.0,0.05,0.00012237242409449364,10.052172986511636,0.0076977023372899,0.12437730586273225,0.0
809,1.0,0.05,0.00012237242409449364,10.052172986511636,0.0076977023372899,0.12437730586273225,0.0
810,1.0,0.05,0.00012237242409449364,10.052172986511636,0.0076977023372899,0.12437730586273225,0.0
811,1.0,0.05,0.00012237242409449364,10.052172986511636,0.0076977023372899,0.12437730586273225,0.0
812,1.0,0.05,0.00012237242409449364,10.052172986511636,0.0076977023372899,0.12437730586273225,0.0
813,1.0,0.05,0.00011516607173967731,10.052172986511636,0.0076977023372899,0.12437730586273225,0.0
814,1.0,0.05,0.00011516607173967731,10.052172986511636,0.0076977023372899,0.12437730586273225,0.0
815,1.0,0.05,0.00011516607173967731,10.052172986511636,0.0076977023372899,0.12437730586273225,0.0
816,1.0,0.05,0.00011516607173967731,10.052172986511636,0.0076977023372899,0.12437730586273225,0.0
817,1.0,0.05,0.00011516607173967731,10.052172986511636,0.0076977023372899,0.11430425549024498,0.0
818,1.0,0.05,0.00011516607173967731,11.978513585185539,0.0076977023372899,0.11430425549024498,0.0
819,1.0,0.05,0.00011516607173967731,13.639060457461767,0.0076977023372899,0.11430425549024498,0.0
820,1.0,0.05,0.00011516607173967731,13.639060457461767,0.006903957159510909,0.11430425549024498,0.0
821,1.0,0.05,0.00011516607173967731,13.309227303302109,0.006903957159510909,0.11430425549024498,0.0
822,1.0,0.05,0.00011516607173967731,13.309227303302109,0.006903957159510909,0.11430425549024498,0.0
823,1.0,0.05,0.00011516607173967731,13.309227303302109,0.007787679641447359,0.11430425549024498,0.0
824,1.0,0.05,0.00011516607173967731,13.309227303302109,0.007787679641447359,0.11430425549024498,0.0
825,1.0,0.05,0.00011516607173967731,13.309227303302109,0.008333079200228181,0.11430425549024498,0.0
826,1.0,0.05,0.00011516607173967731,13.309227303302109,0.006819976398323442,0.11430425549024498,0.0
827,1.0,0.05,0.00011516607173967731,13.309227303302109,0.006819976398323442,0.11430425549024498,0.0
828,1.0,0.05,0.00011516607173967731,13.309227303302109,0.007003766756201045,0.11430425549024498,0.0
829,1.0,0.05,0.00011516607173967731,13.309227303302109,0.007003766756201045,0.11430425549024498,0.0
830,1.0,0.05,0.00011516607173967731,13.309227303302109,0.007003766756201045,0.11430425549024498,0.0
831,1.0,0.05,0.00011516607173967731,13.309227303302109,0.007003766756201045,0.11430425549024498,0.0
832,1.0,0.05,0.00011516607173967731,13.309227303302109,0.007003766756201045,0.11430425549024498,0.0
833,1.0,0.05,0.00011516607173967731,13.309227303302109,0.0069594504281050825,0.1353724902293081,0.0
834,1.0,0.05,0.00011516607173967731,10.669243305310644,0.0069594504281050825,0.12583248773558595,0.0
835,1.0,0.05,0.00011516607173967731,10.669243305310644,0.0069594504281050825,0.12583248773558595,0.0
836,1.0,0.05,0.0001128205777887156,10.669243305310644,0.007024129148194517,0.12583248773558595,0.0
837,1.0,0.05,0.0001128205777887156,10.669243305310644,0.007024129148194517,0.12583248773558595,0.0
838,1.0,0.05,0.0001128205777887156,10.669243305310644,0.007024129148194517,0.12583248773558595,0.0
839,1.0,0.05,0.00012504023123593893,10.669243305310644,0.007024129148194517,0.14420192685956604,0.0
840,1.0,0.05,0.00012504023123593893,9.497503608652053,0.007024129148194517,0.14420192685956604,0.0
841,1.0,0.05,0.00012504023123593893,9.497503608652053,0.007024129148194517,0.14420192685956604,0.0
842,1.0,0.05,0.00012504023123593893,9.497503608652053,0.007024129148194517,0.14420192685956604,0.0
843,1.0,0.05,0.00012504023123593893,9.497503608652053,0.007024129148194517,0.14420192685956604,0.0
844,1.0,0.05,0.00012504023123593893,9.497503608652053,0.005828801406567382,0.14420192685956604,0.0
845,1.0,0.05,0.00012504023123593893,14.814251387262132,0.005828801406567382,0.08817520590049698,0.0
846,1.0,0.05,0.00012504023123593893,14.814251387262132,0.005828801406567382,0.08817520590049698,0.0
847,1.0,0.05,0.00012504023123593893,14.814251387262132,0.005828801406567382,0.08817520590049698,0.0
848,1.0,0.05,0.00012504023123593893,14.814251387262132,0.005828801406567382,0.08817520590049698,0.0
849,1.0,0.05,0.00012504023123593893,17.71934140288225,0.005828801406567382,0.08817520590049698,0.0
850,1.0,0.05,0.00012504023123593893,17.71934140288225,0.005913043955487181,0.08817520590049698,0.0
851,1.0,0.05,0.00012504023123593893,17.132236889332148,0.005913043955487181,0.08817520590049698,0.0
852,1.0,0.05,0.00012504023123593893,17.132236889332148,0.005767132905536228,0.08817520590049698,0.0
853,1.0,0.05,0.00012504023123593893,4.550036073856376,0.005767132905536228,0.10744914671053349,0.0
854,1.0,0.05,0.00012504023123593893,4.550036073856376,0.005767132905536228,0.10744914671053349,0.0
855,1.0,0.05,0.00012504023123593893,4.550036073856376,0.00576692570308817,0.10744914671053349,0.0
856,1.0,0.05,0.00012504023123593893,4.550036073856376,0.00576692570308817,0.10744914671053349,0.0
857,1.0,0.05,0.00012504023123593893,4.550036073856376,0.00576692570308817,0.18082020624241457,0.0
858,1.0,0.05,0.00012504023123593893,4.550036073856376,0.00576692570308817,0.18082020624241457,0.0
859,1.0,0.05,0.00012504023123593893,4.550036073856376,0.00576692570308817,0.18082020624241457,0.0
860,1.0,0.05,0.00012504023123593893,4.550036073856376,0.0064747625760019425,0.18082020624241457,0.0
861,1.0,0.05,0.00012504023123593893,4.550036073856376,0.005847945016664929,0.18082020624241457,0.0
862,1.0,0.05,0.00012504023123593893,4.550036073856376,0.005847945016664929,0.18082020624241457,0.0
863,1.0,0.05,0.00012504023123593893,4.550036073856376,0.007056806428801655,0.18082020624241457,0.0
864,1.0,0.05,0.00012504023123593893,4.550036073856376,0.006408069546420681,0.18082020624241457,0.0
865,1.0,0.05,0.00012504023123593893,4.550036073856376,0.006408069546420681,0.16387083874992608,0.0
866,1.0,0.05,0.00012504023123593893,4.550036073856376,0.006408069546420681,0.16387083874992608,0.0
867,1.0,0.05,0.00012504023123593893,4.550036073856376,0.006408069546420681,0.16387083874992608,0.0
868,1.0,0.05,0.00012504023123593893,4.550036073856376,0.006408069546420681,0.13539990814498967,0.0
869,1.0,0.05,0.00013248412952053865,4.71329873903143,0.006408069546420681,0.13539990814498967,0.0
870,1.0,0.05,0.00013248412952053865,6.929499176469818,0.006408069546420681,0.1532946123293891,0.0
871,1.0,0.05,0.00013248412952053865,6.929499176469818,0.006408069546420681,0.1532946123293891,0.0
872,1.0,0.05,0.00013248412952053865,6.929499176469818,0.006408069546420681,0.1532946123293891,0.0
873,1.0,0.05,0.00013248412952053865,6.929499176469818,0.006408069546420681,0.1532946123293891,0.0
874,1.0,0.05,0.00013248412952053865,6.929499176469818,0.006133684193885119,0.1532946123293891,0.0
875,1.0,0.05,0.00013248412952053865,6.929499176469818,0.006133684193885119,0.1532946123293891,0.0
876,1.0,0.05,0.00013248412952053865,6.929499176469818,0.006133684193885119,0.09134980900782712,0.0
877,1.0,0.05,0.00013248412952053865,6.929499176469818,0.006133684193885119,0.09134980900782712,0.0
878,1.0,0.05,0.00013248412952053865,6.929499176469818,0.006133684193885119,0.08729511461174759,0.0
879,1.0,0.05,0.00012554822043688848,6.929499176469818,0.006942136039143088,0.11549025027300092,0.0
880,1.0,0.05,0.00012554822043688848,6.929499176469818,0.006942136039143088,0.11549025027300092,0.0
881,1.0,0.05,0.00012554822043688848,6.929499176469818,0.006942136039143088,0.1632500955365207,0.0
882,1.0,0.05,0.0001281316621492244,6.929499176469818,0.006942136039143088,0.1632500955365207,0.0
883,1.0,0.05,0.0001281316621492244,6.929499176469818,0.006170687527659279,0.1632500955365207,0.0
884,1.0,0.05,0.0001281316621492244,6.929499176469818,0.006170687527659279,0.1632500955365207,0.0
885,1.0,0.05,0.0001281316621492244,10.700369430229316,0.006170687527659279,0.09897667636215823,0.0
886,1.0,0.05,0.0001281316621492244,10.700369430229316,0.006170687527659279,0.09897667636215823,0.0
887,1.0,0.05,0.0001281316621492244,14.191457510177358,0.006387395125262878,0.09897667636215823,0.0
888,1.0,0.05,0.0001281316621492244,14.191457510177358,0.006387395125262878,0.10123231377041388,0.0
889,1.0,0.05,0.0001281316621492244,14.191457510177358,0.006206304776140497,0.10123231377041388,0.0
890,1.0,0.05,0.0001281316621492244,14.62570389991798,0.006206304776140497,0.10123231377041388,0.0
891,1.0,0.05,0.0001281316621492244,14.62570389991798,0.006206304776140497,0.07464148538095136,0.0
892,1.0,0.05,0.00012819900344552767,18.61466753254051,0.006206304776140497,0.07464148538095136,0.0
893,1.0,0.05,0.00012819900344552767,18.61466753254051,0.006206304776140497,0.07464148538095136,0.0
894,1.0,0.05,0.00012819900344552767,18.61466753254051,0.006206304776140497,0.07464148538095136,0.0
895,1.0,0.05,0.00012819900344552767,12.646082903958415,0.006206304776140497,0.07464148538095136,0.0
896,1.0,0.05,0.00012819900344552767,12.646082903958415,0.006206304776140497,0.09598279580852559,0.0
897,1.0,0.05,0.00012819900344552767,11.299207225635726,0.006206304776140497,0.09598279580852559,0.0
898,1.0,0.05,0.00012819900344552767,11.299207225635726,0.006206304776140497,0.09598279580852559,0.0
899,1.0,0.05,0.00012819900344552767,11.299207225635726,0.006206304776140497,0.09598279580852559,0.0
900,1.0,0.05,0.00012819900344552767,11.299207225635726,0.006206304776140497,0.09598279580852559,0.0
901,1.0,0.05,0.00012819900344552767,11.299207225635726,0.006206304776140497,0.09598279580852559,0.0
902,1.0,0.05,0.00012819900344552767,11.299207225635726,0.006206304776140497,0.09598279580852559,0.0
903,1.0,0.05,0.00012819900344552767,11.299207225635726,0.006206304776140497,0.09598279580852559,0.0
904,1.0,0.05,0.00012819900344552767,10.777595713488225,0.006206304776140497,0.09598279580852559,0.0
905,1.0,0.05,0.00012819900344552767,10.777595713488225,0.006206304776140497,0.09598279580852559,0.0
906,1.0,0.05,0.0001247322816805886,10.777595713488225,0.006206304776140497,0.09598279580852559,0.0
907,1.0,0.05,0.0001247322816805886,10.777595713488225,0.006206304776140497,0.09598279580852559,0.0
908,1.0,0.05,0.0001247322816805886,10.777595713488225,0.006206304776140497,0.09598279580852559,0.0
909,1.0,0.05,0.0001247322816805886,10.777595713488225,0.006206304776140497,0.09598279580852559,0.0
910,1.0,0.05,0.000127172377416751,10.777595713488225,0.006206304776140497,0.09598279580852559,0.0
911,1.0,0.05,0.000127172377416751,10.777595713488225,0.006206304776140497,0.09598279580852559,0.0
912,1.0,0.05,0.000127172377416751,10.777595713488225,0.006206304776140497,0.09598279580852559,0.0
913,1.0,0.05,0.000127172377416751,10.777595713488225,0.006206304776140497,0.09598279580852559,0.0
914,1.0,0.05,0.000127172377416751,10.777595713488225,0.006206304776140497,0.09598279580852559,0.0
915,1.0,0.05,0.000127172377416751,10.777595713488225,0.006206304776140497,0.09598279580852559,0.0
916,1.0,0.05,0.000127172377416751,10.777595713488225,0.005889893962799997,0.09427515904209788,0.0
917,1.0,0.05,0.000127172377416751,10.411249936143577,0.005889893962799997,0.09427515904209788,0.0
918,1.0,0.05,0.000127172377416751,10.411249936143577,0.005889893962799997,0.09427515904209788,0.0
919,1.0,0.05,0.0001307448867536215,10.411249936143577,0.005889893962799997,0.09427515904209788,0.0
920,1.0,0.05,0.00013259229923597048,10.411249936143577,0.005889893962799997,0.09427515904209788,0.0
921,1.0,0.05,0.00013259229923597048,10.411249936143577,0.005889893962799997,0.09427515904209788,0.0
922,1.0,0.05,0.00013259229923597048,10.411249936143577,0.005889893962799997,0.09427515904209788,0.0
923,1.0,0.05,0.00013259229923597048,10.411249936143577,0.006579773903837723,0.09427515904209788,0.0
924,1.0,0.05,0.00013259229923597048,10.411249936143577,0.006579773903837723,0.09427515904209788,0.0
925,1.0,0.05,0.00013259229923597048,10.411249936143577,0.006579773903837723,0.09427515904209788,0.0
926,1.0,0.05,0.00013259229923597048,10.411249936143577,0.006579773903837723,0.09427515904209788,0.0
927,1.0,0.05,0.00013259229923597048,10.41594578859619,0.006579773903837723,0.09427515904209788,0.0
928,1.0,0.05,0.00012849564892745808,10.41594578859619,0.006579773903837723,0.107183523442397,0.0
929,1.0,0.05,0.00012849564892745808,10.41594578859619,0.006579773903837723,0.107183523442397,0.0
930,1.0,0.05,0.00012849564892745808,10.41594578859619,0.006579773903837723,0.1080849694210967,0.0
931,1.0,0.05,0.00012849564892745808,10.41594578859619,0.006579773903837723,0.1080849694210967,0.0
932,1.0,0.05,0.00012849564892745808,10.41594578859619,0.006579773903837723,0.1080849694210967,0.0
933,1.0,0.05,0.00012849564892745808,10.41594578859619,0.006579773903837723,0.10783616665706693,0.0
934,1.0,0.05,0.00012849564892745808,10.41594578859619,0.005701268946949347,0.10783616665706693,0.0
935,1.0,0.05,0.00012827536204230232,10.41594578859619,0.005701268946949347,0.10783616665706693,0.0
936,1.0,0.05,0.00012827536204230232,10.41594578859619,0.005701268946949347,0.0924431965816795,0.0
937,1.0,0.05,0.00012827536204230232,10.41594578859619,0.005701268946949347,0.0924431965816795,0.0
938,1.0,0.05,0.00012827536204230232,10.41594578859619,0.005701268946949347,0.0924431965816795,0.0
939,1.0,0.05,0.00012827536204230232,8.442540483158268,0.005701268946949347,0.0924431965816795,0.0
940,1.0,0.05,0.00012827536204230232,8.442540483158268,0.005701268946949347,0.0924431965816795,0.0
941,1.0,0.05,0.00012827536204230232,8.442540483158268,0.005701268946949347,0.0924431965816795,0.0
942,1.0,0.05,0.00012827536204230232,8.442540483158268,0.005701268946949347,0.0924431965816795,0.0
943,1.0,0.05,0.00012827536204230232,8.442540483158268,0.005701268946949347,0.0924431965816795,0.0
944,1.0,0.05,0.00012827536204230232,8.442540483158268,0.005701268946949347,0.0924431965816795,0.0
945,1.0,0.05,0.00012827536204230232,8.442540483158268,0.005701268946949347,0.0924431965816795,0.0
946,1.0,0.05,0.00012827536204230232,8.442540483158268,0.005701268946949347,0.0924431965816795,0.0
947,1.0,0.05,0.00012827536204230232,8.442540483158268,0.005701268946949347,0.0924431965816795,0.0
948,1.0,0.05,0.00012827536204230232,11.672840555962964,0.005701268946949347,0.0924431965816795,0.0
949,1.0,0.05,0.00012827536204230232,11.672840555962964,0.005701268946949347,0.0924431965816795,0.0
950,1.0,0.05,0.00012827536204230232,11.672840555962964,0.00574855534659929,0.0924431965816795,0.0
951,1.0,0.05,0.00012827536204230232,11.672840555962964,0.00574855534659929,0.0924431965816795,0.0
952,1.0,0.05,0.00012827536204230232,5.419061269264901,0.005767642813536971,0.11288035000773174,0.0
953,1.0,0.05,0.00012669937830962552,5.419061269264901,0.005767642813536971,0.11288035000773174,0.0
954,1.0,0.05,0.00012669937830962552,5.419061269264901,0.005767642813536971,0.11288035000773174,0.0
955,1.0,0.05,0.00012669937830962552,5.419061269264901,0.006537285947139086,0.16400694330668178,0.0
956,1.0,0.05,0.00012669937830962552,5.419061269264901,0.006537285947139086,0.16400694330668178,0.0
957,1.0,0.05,0.00012645469348151534,5.419061269264901,0.006537285947139086,0.16400694330668178,0.0
958,1.0,0.05,0.00012645469348151534,5.419061269264901,0.006537285947139086,0.16400694330668178,0.0
959,1.0,0.05,0.00012645469348151534,5.419061269264901,0.006459259373829895,0.14330074072429194,0.0
960,1.0,0.05,0.00012645469348151534,5.419061269264901,0.006459259373829895,0.14330074072429194,0.0
961,1.0,0.05,0.00012645469348151534,5.419061269264901,0.006459259373829895,0.14330074072429194,0.0
962,1.0,0.05,0.00012645469348151534,5.419061269264901,0.007161858351447539,0.14330074072429194,0.0
963,1.0,0.05,0.00012645469348151534,5.419061269264901,0.007161858351447539,0.14330074072429194,0.0
964,1.0,0.05,0.00012645469348151534,5.419061269264901,0.007161858351447539,0.14330074072429194,0.0
965,1.0,0.05,0.00012645469348151534,5.419061269264901,0.007161858351447539,0.14330074072429194,0.0
966,1.0,0.05,0.00012645469348151534,5.419061269264901,0.007161858351447539,0.15346881874813623,0.0
967,1.0,0.05,0.00012645469348151534,5.419061269264901,0.005853146598316937,0.15346881874813623,0.0
968,1.0,0.05,0.00012645469348151534,5.419061269264901,0.005853146598316937,0.15346881874813623,0.0
969,1.0,0.05,0.00012645469348151534,5.419061269264901,0.005853146598316937,0.15346881874813623,0.0
970,1.0,0.05,0.00012645469348151534,5.419061269264901,0.005853146598316937,0.15346881874813623,0.0
971,1.0,0.05,0.00012645469348151534,5.419061269264901,0.005853146598316937,0.15346881874813623,0.0
972,1.0,0.05,0.00012645469348151534,5.419061269264901,0.005853146598316937,0.15346881874813623,0.0
973,1.0,0.05,0.00012645469348151534,5.419061269264901,0.005853146598316937,0.13876452593043112,0.0
974,1.0,0.05,0.00012645469348151534,5.419061269264901,0.005853146598316937,0.13876452593043112,0.0
975,1.0,0.05,0.00012984089829342035,8.956546498962823,0.005853146598316937,0.1220649424628425,0.0
976,1.0,0.05,0.00012984089829342035,5.392280104038321,0.006160500503723325,0.1220649424628425,0.0
977,1.0,0.05,0.00012984089829342035,7.266264564311101,0.006160500503723325,0.1220649424628425,0.0
978,1.0,0.05,0.00012984089829342035,7.266264564311101,0.006160500503723325,0.1220649424628425,0.0
979,1.0,0.05,0.00012984089829342035,7.266264564311101,0.006160500503723325,0.12397442154035954,0.0
980,1.0,0.05,0.00012984089829342035,7.266264564311101,0.006160500503723325,0.12397442154035954,0.0
981,1.0,0.05,0.00012984089829342035,7.266264564311101,0.006160500503723325,0.12397442154035954,0.0
982,1.0,0.05,0.00012984089829342035,7.266264564311101,0.006160500503723325,0.12397442154035954,0.0
983,1.0,0.05,0.00012984089829342035,7.266264564311101,0.006160500503723325,0.11515767189511582,0.0
984,1.0,0.05,0.00012984089829342035,6.308516959809367,0.006342395952531407,0.11515767189511582,0.0
985,1.0,0.05,0.00013048912982665747,6.308516959809367,0.006342395952531407,0.12337046525403056,0.0
986,1.0,0.05,0.00012577811469007292,6.308516959809367,0.006342395952531407,0.12337046525403056,0.0
987,1.0,0.05,0.00012577811469007292,6.308516959809367,0.006213464203423198,0.12337046525403056,0.0
988,1.0,0.05,0.00012577811469007292,6.308516959809367,0.006213464203423198,0.13450979318099573,0.0
989,1.0,0.05,0.00012577811469007292,6.308516959809367,0.00725944522788018,0.13450979318099573,0.0
990,1.0,0.05,0.00012577811469007292,6.308516959809367,0.00725944522788018,0.13450979318099573,0.0
991,1.0,0.05,0.00012577811469007292,6.308516959809367,0.00725944522788018,0.13450979318099573,0.0
992,1.0,0.05,0.00012577811469007292,6.308516959809367,0.00725944522788018,0.13450979318099573,0.0
993,1.0,0.05,0.00012577811469007292,6.308516959809367,0.00725944522788018,0.13450979318099573,0.0
994,1.0,0.05,0.00012577811469007292,6.308516959809367,0.006994076131029958,0.13450979318099573,0.0
995,1.0,0.05,0.00012577811469007292,6.308516959809367,0.006466215639911598,0.13450979318099573,0.0
996,1.0,0.05,0.00012577811469007292,6.308516959809367,0.006466215639911598,0.13450979318099573,0.0
997,1.0,0.05,0.00012577811469007292,6.308516959809367,0.006466215639911598,0.13450979318099573,0.0
998,1.0,0.05,0.00012577811469007292,6.308516959809367,0.006466215639911598,0.13450979318099573,0.0
999,1.0,0.05,0.00012577811469007292,6.308516959809367,0.006466215639911598,0.14212850882657907,0.0
1000,1.0,0.05,0.00012577811469007292,6.308516959809367,0.006466215639911598,0.14212850882657907,0.0
1001,1.0,0.05,0.00012577811469007292,6.308516959809367,0.006466215639911598,0.14212850882657907,0.0
1002,1.0,0.05,0.00012577811469007292,6.308516959809367,0.006466215639911598,0.14212850882657907,0.0
1003,1.0,0.05,0.00012577811469007292,6.308516959809367,0.006466215639911598,0.14212850882657907,0.0
1004,1.0,0.05,0.00012577811469007292,6.308516959809367,0.006466215639911598,0.14208376747416154,0.0
1005,1.0,0.05,0.00012577811469007292,6.308516959809367,0.006466215639911598,0.12450915111249239,0.0
1006,1.0,0.05,0.00012577811469007292,6.308516959809367,0.0067766388157216905,0.12450915111249239,0.0
1007,1.0,0.05,0.00012577811469007292,6.308516959809367,0.0067766388157216905,0.12450915111249239,0.0
1008,1.0,0.05,0.00012577811469007292,6.308516959809367,0.0067766388157216905,0.1404564171076572,0.0
1009,1.0,0.05,0.00012577811469007292,6.308516959809367,0.0067766388157216905,0.1404564171076572,0.0
1010,1.0,0.05,0.00012577811469007292,6.308516959809367,0.0067766388157216905,0.1404564171076572,0.0
1011,1.0,0.05,0.00012577811469007292,6.308516959809367,0.0067766388157216905,0.1404564171076572,0.0
1012,1.0,0.05,0.00012577811469007292,6.308516959809367,0.0067766388157216905,0.1404564171076572,0.0
1013,1.0,0.05,0.00012577811469007292,6.308516959809367,0.0067766388157216905,0.1404564171076572,0.0
1014,1.0,0.05,0.00012577811469007292,6.308516959809367,0.0067766388157216905,0.1404564171076572,0.0
1015,1.0,0.05,0.00012577811469007292,6.308516959809367,0.0067766388157216905,0.1404564171076572,0.0
1016,1.0,0.05,0.00012577811469007292,6.308516959809367,0.0067766388157216905,0.1404564171076572,0.0
1017,1.0,0.05,0.00012577811469007292,6.308516959809367,0.0067766388157216905,0.13484034101295223,0.0
1018,1.0,0.05,0.00012577811469007292,6.308516959809367,0.0067766388157216905,0.13484034101295223,0.0
1019,1.0,0.05,0.00012577811469007292,6.308516959809367,0.006611749171674771,0.13484034101295223,0.0
1020,1.0,0.05,0.00012577811469007292,6.308516959809367,0.006611749171674771,0.13484034101295223,0.0
1021,1.0,0.05,0.00012577811469007292,6.308516959809367,0.006611749171674771,0.13484034101295223,0.0
1022,1.0,0.05,0.00012577811469007292,6.308516959809367,0.006611749171674771,0.15791448508160597,0.0
1023,1.0,0.05,0.00012577811469007292,6.308516959809367,0.006611749171674771,0.15791448508160597,0.0
1024,1.0,0.05,0.00012577811469007292,6.308516959809367,0.006611749171674771,0.15791448508160597,0.0
1025,1.0,0.05,0.00012577811469007292,6.308516959809367,0.006611749171674771,0.15791448508160597,0.0
1026,1.0,0.05,0.00012577811469007292,6.308516959809367,0.006611749171674771,0.15791448508160597,0.0
1027,1.0,0.05,0.00012577811469007292,6.308516959809367,0.006611749171674771,0.15791448508160597,0.0
1028,1.0,0.05,0.00012577811469007292,6.308516959809367,0.006611749171674771,0.15791448508160597,0.0
1029,1.0,0.05,0.00012577811469007292,6.308516959809367,0.006611749171674771,0.15791448508160597,0.0
1030,1.0,0.05,0.00012577811469007292,6.308516959809367,0.006611749171674771,0.1234493634969068,0.0
1031,1.0,0.05,0.00012577811469007292,6.308516959809367,0.006611749171674771,0.1234493634969068,0.0
1032,1.0,0.05,0.00012577811469007292,6.308516959809367,0.005407327753438994,0.1114574028038326,0.0
1033,1.0,0.05,0.00012577811469007292,6.308516959809367,0.007184862637337261,0.1114574028038326,0.0
1034,1.0,0.05,0.00012577811469007292,6.308516959809367,0.007184862637337261,0.1114574028038326,0.0
1035,1.0,0.05,0.00012247757504566063,6.308516959809367,0.007184862637337261,0.14178831294567573,0.0
1036,1.0,0.05,0.00012247757504566063,8.330724264002058,0.007184862637337261,0.1789461399138846,0.0
1037,1.0,0.05,0.00012247757504566063,8.330724264002058,0.007184862637337261,0.13389621683359004,0.0
1038,1.0,0.05,0.00012247757504566063,8.330724264002058,0.007184862637337261,0.13389621683359004,0.0
1039,1.0,0.05,0.00012247757504566063,8.330724264002058,0.007184862637337261,0.13389621683359004,0.0
1040,1.0,0.05,0.00011973027359923358,8.330724264002058,0.007184862637337261,0.13389621683359004,0.0
1041,1.0,0.05,0.00011973027359923358,8.330724264002058,0.007264637265827848,0.13389621683359004,0.0
1042,1.0,0.05,0.00011973027359923358,8.662782071150275,0.007264637265827848,0.1511335181692448,0.0
1043,1.0,0.05,0.00011973027359923358,8.662782071150275,0.007264637265827848,0.12226115120392655,0.0
1044,1.0,0.05,0.00011973027359923358,8.662782071150275,0.007264637265827848,0.12226115120392655,0.0
1045,1.0,0.05,0.00011973027359923358,8.662782071150275,0.006201466960247642,0.11509096295768469,0.0
1046,1.0,0.05,0.00011973027359923358,8.662782071150275,0.006201466960247642,0.1664857171620515,0.0
1047,1.0,0.05,0.00011973027359923358,8.662782071150275,0.006201466960247642,0.1664857171620515,0.0
1048,1.0,0.05,0.00011973027359923358,8.662782071150275,0.00725976801909993,0.1664857171620515,0.0
1049,1.0,0.05,0.00011973027359923358,8.662782071150275,0.00725976801909993,0.1664857171620515,0.0
1050,1.0,0.05,0.00011973027359923358,8.662782071150275,0.007655551430248899,0.1632208207146656,0.0
1051,1.0,0.05,0.00011973027359923358,8.662782071150275,0.007655551430248899,0.1632208207146656,0.0
1052,1.0,0.05,0.00011973027359923358,8.662782071150275,0.007655551430248899,0.1632208207146656,0.0
1053,1.0,0.05,0.00011234682080012258,8.662782071150275,0.007655551430248899,0.1632208207146656,0.0
1054,1.0,0.05,0.00011234682080012258,8.662782071150275,0.007655551430248899,0.1632208207146656,0.0
1055,1.0,0.05,0.00011234682080012258,8.662782071150275,0.007655551430248899,0.1632208207146656,0.0
1056,1.0,0.05,0.00011234682080012258,11.26241557506198,0.007655551430248899,0.1632208207146656,0.0
1057,1.0,0.05,0.00011234682080012258,11.26241557506198,0.008893285356929495,0.1632208207146656,0.0
1058,1.0,0.05,0.00011234682080012258,13.126248465573937,0.008893285356929495,0.1632208207146656,0.0
1059,1.0,0.05,0.00011234682080012258,13.126248465573937,0.00794138580750116,0.1632208207146656,0.0
1060,1.0,0.05,0.00011234682080012258,13.126248465573937,0.00794138580750116,0.1632208207146656,0.0
1061,1.0,0.05,0.00011234682080012258,13.126248465573937,0.00794138580750116,0.1632208207146656,0.0
1062,1.0,0.05,0.00011234682080012258,13.126248465573937,0.00794138580750116,0.15997314884744232,0.0
1063,1.0,0.05,0.00011234682080012258,13.126248465573937,0.007329632615721714,0.15997314884744232,0.0
1064,1.0,0.05,0.00011137634533904702,13.126248465573937,0.007329632615721714,0.17138598308336134,0.0
1065,1.0,0.05,0.00011137634533904702,13.126248465573937,0.007329632615721714,0.17694326922161105,0.0
1066,1.0,0.05,0.00011137634533904702,13.126248465573937,0.007468554671024411,0.17694326922161105,0.0
1067,1.0,0.05,0.00011137634533904702,13.126248465573937,0.008636399084930291,0.17694326922161105,0.0
1068,1.0,0.05,0.00011137634533904702,13.126248465573937,0.008636399084930291,0.17694326922161105,0.0
1069,1.0,0.05,0.00011137634533904702,13.126248465573937,0.008636399084930291,0.16128209398534596,0.0
1070,1.0,0.05,0.00011137634533904702,13.126248465573937,0.008636399084930291,0.16128209398534596,0.0
1071,1.0,0.05,0.00011137634533904702,8.766770003731764,0.008636399084930291,0.16128209398534596,0.0
1072,1.0,0.05,0.00011732117724690652,8.766770003731764,0.008636399084930291,0.16128209398534596,0.0
1073,1.0,0.05,0.00011732117724690652,8.766770003731764,0.008636399084930291,0.16128209398534596,0.0
1074,1.0,0.05,0.00011732117724690652,8.766770003731764,0.008636399084930291,0.16128209398534596,0.0
1075,1.0,0.05,0.00011732117724690652,8.766770003731764,0.008636399084930291,0.16128209398534596,0.0
1076,1.0,0.05,0.00011732117724690652,6.241680351838895,0.007626486299548547,0.16128209398534596,0.0
1077,1.0,0.05,0.00011732117724690652,6.241680351838895,0.007626486299548547,0.16128209398534596,0.0
1078,1.0,0.05,0.0001160946266477205,6.241680351838895,0.007626486299548547,0.16128209398534596,0.0
1079,1.0,0.05,0.0001160946266477205,6.241680351838895,0.007626486299548547,0.16128209398534596,0.0
1080,1.0,0.05,0.0001160946266477205,9.665769581382094,0.007626486299548547,0.19708676030000477,0.0
1081,1.0,0.05,0.0001160946266477205,9.665769581382094,0.007626486299548547,0.19708676030000477,0.0
1082,1.0,0.05,0.0001160946266477205,9.665769581382094,0.007626486299548547,0.19708676030000477,0.0
1083,1.0,0.05,0.0001160946266477205,9.665769581382094,0.008197303512798085,0.19708676030000477,0.0
1084,1.0,0.05,0.0001160946266477205,9.665769581382094,0.007250439826891841,0.19708676030000477,0.0
1085,1.0,0.05,0.0001160946266477205,9.665769581382094,0.0077368227650595105,0.19708676030000477,0.0
1086,1.0,0.05,0.0001160946266477205,9.665769581382094,0.0077368227650595105,0.19708676030000477,0.0
1087,1.0,0.05,0.0001160946266477205,9.665769581382094,0.0077368227650595105,0.19708676030000477,0.0
1088,1.0,0.05,0.0001160946266477205,9.665769581382094,0.0077368227650595105,0.17212019155466107,0.0
1089,1.0,0.05,0.0001160946266477205,9.665769581382094,0.0077368227650595105,0.17212019155466107,0.0
1090,1.0,0.05,0.0001160946266477205,9.665769581382094,0.0077368227650595105,0.17212019155466107,0.0
1091,1.0,0.05,0.0001160946266477205,9.665769581382094,0.0077368227650595105,0.17212019155466107,0.0
1092,1.0,0.05,0.00011645333921948795,9.665769581382094,0.0077368227650595105,0.18551831054870208,0.0
1093,1.0,0.05,0.00011645333921948795,9.665769581382094,0.007674633524453964,0.18551831054870208,0.0
1094,1.0,0.05,0.00011645333921948795,9.665769581382094,0.007674633524453964,0.18597094530521094,0.0
1095,1.0,0.05,0.00011464033582165313,9.665769581382094,0.007674633524453964,0.18597094530521094,0.0
1096,1.0,0.05,0.00011464033582165313,9.665769581382094,0.007674633524453964,0.18597094530521094,0.0
1097,1.0,0.05,0.00011464033582165313,13.37358970232168,0.007674633524453964,0.18597094530521094,0.0
1098,1.0,0.05,0.00011464033582165313,13.37358970232168,0.007674633524453964,0.18597094530521094,0.0
1099,1.0,0.05,0.00011464033582165313,13.37358970232168,0.008272442211004821,0.18597094530521094,0.0
1100,1.0,0.05,0.00011464033582165313,13.37358970232168,0.008272442211004821,0.18597094530521094,0.0
1101,1.0,0.05,0.00011464033582165313,13.37358970232168,0.008272442211004821,0.19766383096349327,0.0
1102,1.0,0.05,0.00011464033582165313,13.566349014765208,0.008272442211004821,0.11702995622287038,0.0
1103,1.0,0.05,0.00011464033582165313,13.566349014765208,0.008272442211004821,0.11702995622287038,0.0
1104,1.0,0.05,0.00011464033582165313,13.566349014765208,0.008272442211004821,0.11702995622287038,0.0
1105,1.0,0.05,0.00011464033582165313,13.566349014765208,0.008272442211004821,0.11702995622287038,0.0
1106,1.0,0.05,0.00011464033582165313,13.566349014765208,0.008272442211004821,0.11702995622287038,0.0
1107,1.0,0.05,0.00011464033582165313,13.566349014765208,0.007160635555896057,0.11702995622287038,0.0
1108,1.0,0.05,0.00011464033582165313,13.566349014765208,0.007160635555896057,0.11702995622287038,0.0
1109,1.0,0.05,0.00011464033582165313,13.566349014765208,0.007581544277135434,0.11702995622287038,0.0
1110,1.0,0.05,0.00011464033582165313,13.566349014765208,0.007581544277135434,0.11702995622287038,0.0
1111,1.0,0.05,0.00011464033582165313,13.566349014765208,0.007581544277135434,0.11702995622287038,0.0
1112,1.0,0.05,0.00011464033582165313,13.566349014765208,0.007096067409788481,0.1035493935230599,0.0
1113,1.0,0.05,0.00011464033582165313,13.566349014765208,0.007096067409788481,0.1035493935230599,0.0
1114,1.0,0.05,0.00011464033582165313,13.566349014765208,0.007096067409788481,0.11393865350081507,0.0
1115,1.0,0.05,0.00011464033582165313,13.566349014765208,0.007127420271788821,0.11393865350081507,0.0
1116,1.0,0.05,0.00011464033582165313,13.566349014765208,0.007127420271788821,0.11393865350081507,0.0
1117,1.0,0.05,0.00011464033582165313,13.566349014765208,0.007127420271788821,0.10700236358844742,0.0
1118,1.0,0.05,0.00011464033582165313,13.566349014765208,0.007127420271788821,0.10700236358844742,0.0
1119,1.0,0.05,0.00011464033582165313,13.566349014765208,0.007167410567957976,0.10700236358844742,0.0
1120,1.0,0.05,0.00011464033582165313,13.566349014765208,0.007167410567957976,0.10700236358844742,0.0
1121,1.0,0.05,0.00011464033582165313,13.566349014765208,0.007167410567957976,0.10700236358844742,0.0
1122,1.0,0.05,0.00012064782512059401,13.566349014765208,0.007167410567957976,0.10862198794984637,0.0
1123,1.0,0.05,0.00012219805231247115,13.566349014765208,0.007167410567957976,0.10862198794984637,0.0
1124,1.0,0.05,0.00012219805231247115,13.566349014765208,0.00681294731072947,0.10862198794984637,0.0
1125,1.0,0.05,0.00012219805231247115,13.566349014765208,0.00681294731072947,0.10862198794984637,0.0
1126,1.0,0.05,0.00012219805231247115,8.452613974861237,0.00681294731072947,0.10862198794984637,0.0
1127,1.0,0.05,0.00012219805231247115,8.452613974861237,0.00681294731072947,0.10862198794984637,0.0
1128,1.0,0.05,0.00012219805231247115,8.452613974861237,0.00681294731072947,0.10862198794984637,0.0
1129,1.0,0.05,0.00012219805231247115,8.452613974861237,0.00681294731072947,0.10862198794984637,0.0
1130,1.0,0.05,0.00012219805231247115,8.452613974861237,0.006642465548247075,0.10862198794984637,0.0
1131,1.0,0.05,0.00012219805231247115,16.1043052954642,0.006642465548247075,0.10862198794984637,0.0
1132,1.0,0.05,0.00012219805231247115,16.1043052954642,0.006642465548247075,0.10862198794984637,0.0
1133,1.0,0.05,0.00012219805231247115,16.1043052954642,0.006642465548247075,0.10862198794984637,0.0
1134,1.0,0.05,0.00012219805231247115,16.1043052954642,0.006642465548247075,0.09823344287747332,0.0
1135,1.0,0.05,0.00012219805231247115,16.1043052954642,0.006642465548247075,0.09823344287747332,0.0
1136,1.0,0.05,0.00012219805231247115,16.1043052954642,0.0062993588242500455,0.08829362153483014,0.0
1137,1.0,0.05,0.00012219805231247115,16.1043052954642,0.006858956990546133,0.08829362153483014,0.0
1138,1.0,0.05,0.00012219805231247115,16.1043052954642,0.006858956990546133,0.08829362153483014,0.0
1139,1.0,0.05,0.00012219805231247115,16.1043052954642,0.006858956990546133,0.08829362153483014,0.0
1140,1.0,0.05,0.00012219805231247115,16.1043052954642,0.006858956990546133,0.08829362153483014,0.0
1141,1.0,0.05,0.00012219805231247115,16.1043052954642,0.006858956990546133,0.09083249193872842,0.0
1142,1.0,0.05,0.00012219805231247115,16.1043052954642,0.006858956990546133,0.09083249193872842,0.0
1143,1.0,0.05,0.00012219805231247115,16.1043052954642,0.006858956990546133,0.09083249193872842,0.0
1144,1.0,0.05,0.00012219805231247115,16.1043052954642,0.0070610521587712366,0.09083249193872842,0.0
1145,1.0,0.05,0.00012219805231247115,16.1043052954642,0.0070610521587712366,0.09083249193872842,0.0
1146,1.0,0.05,0.00012219805231247115,16.1043052954642,0.0070610521587712366,0.11744532114445166,0.0
1147,1.0,0.05,0.00012219805231247115,16.1043052954642,0.0070610521587712366,0.11612605267952988,0.0
1148,1.0,0.05,0.00012219805231247115,14.9672163186938,0.0070610521587712366,0.11612605267952988,0.0
1149,1.0,0.05,0.00012219805231247115,14.9672163186938,0.007102416003357743,0.11612605267952988,0.0
1150,1.0,0.05,0.00012219805231247115,14.9672163186938,0.007096493709722553,0.11612605267952988,0.0
1151,1.0,0.05,0.00012219805231247115,14.9672163186938,0.007096493709722553,0.11612605267952988,0.0
1152,1.0,0.05,0.00012219805231247115,14.9672163186938,0.007096493709722553,0.11612605267952988,0.0
1153,1.0,0.05,0.00012219805231247115,14.9672163186938,0.007096493709722553,0.09213968782562691,0.0
1154,1.0,0.05,0.00012219805231247115,14.9672163186938,0.007096493709722553,0.09213968782562691,0.0
1155,1.0,0.05,0.00012219805231247115,14.9672163186938,0.006933143666692551,0.09213968782562691,0.0
1156,1.0,0.05,0.00012219805231247115,14.9672163186938,0.006731762768075804,0.10137746588003578,0.0
1157,1.0,0.05,0.00012219805231247115,14.9672163186938,0.006731762768075804,0.10137746588003578,0.0
1158,1.0,0.05,0.00012219805231247115,14.9672163186938,0.006731762768075804,0.10137746588003578,0.0
1159,1.0,0.05,0.00012219805231247115,11.142205028056878,0.006731762768075804,0.10137746588003578,0.0
1160,1.0,0.05,0.00012219805231247115,11.142205028056878,0.006731762768075804,0.14138257538726076,0.0
1161,1.0,0.05,0.00012219805231247115,11.53724567364722,0.006731762768075804,0.14138257538726076,0.0
1162,1.0,0.05,0.00012219805231247115,11.53724567364722,0.007057583682399883,0.14138257538726076,0.0
1163,1.0,0.05,0.00012219805231247115,11.53724567364722,0.007057583682399883,0.14138257538726076,0.0
1164,1.0,0.05,0.00012219805231247115,8.260955542679255,0.007057583682399883,0.14138257538726076,0.0
1165,1.0,0.05,0.00012219805231247115,8.260955542679255,0.0071642455390859,0.14138257538726076,0.0
1166,1.0,0.05,0.00012219805231247115,9.611144331356854,0.0071642455390859,0.14138257538726076,0.0
1167,1.0,0.05,0.00012219805231247115,9.611144331356854,0.0071642455390859,0.14138257538726076,0.0
1168,1.0,0.05,0.00012219805231247115,9.611144331356854,0.0071642455390859,0.13171573263536443,0.0
1169,1.0,0.05,0.00012219805231247115,9.611144331356854,0.0071642455390859,0.13171573263536443,0.0
1170,1.0,0.05,0.00012219805231247115,9.611144331356854,0.0071642455390859,0.13171573263536443,0.0
1171,1.0,0.05,0.00012219805231247115,9.611144331356854,0.0071642455390859,0.13171573263536443,0.0
1172,1.0,0.05,0.00012219805231247115,9.611144331356854,0.006892517918787981,0.13171573263536443,0.0
1173,1.0,0.05,0.00012219805231247115,9.611144331356854,0.006892517918787981,0.12249375096335646,0.0
1174,1.0,0.05,0.00012219805231247115,9.611144331356854,0.007149020716421065,0.12249375096335646,0.0
1175,1.0,0.05,0.00012219805231247115,9.611144331356854,0.007149020716421065,0.12249375096335646,0.0
1176,1.0,0.05,0.00012219805231247115,9.611144331356854,0.007149020716421065,0.12249375096335646,0.0
1177,1.0,0.05,0.00012219805231247115,9.611144331356854,0.007014257795528663,0.12249375096335646,0.0
1178,1.0,0.05,0.00012219805231247115,9.611144331356854,0.007014257795528663,0.12249375096335646,0.0
1179,1.0,0.05,0.00012219805231247115,9.611144331356854,0.007014257795528663,0.12249375096335646,0.0
1180,1.0,0.05,0.00012219805231247115,9.611144331356854,0.007014257795528663,0.12249375096335646,0.0
1181,1.0,0.05,0.00012219805231247115,9.611144331356854,0.007010767711583966,0.12249375096335646,0.0
1182,1.0,0.05,0.00012219805231247115,9.611144331356854,0.006826351459913239,0.12249375096335646,0.0
1183,1.0,0.05,0.00012219805231247115,9.611144331356854,0.006826351459913239,0.12249375096335646,0.0
1184,1.0,0.05,0.00012488536029939222,9.611144331356854,0.006826351459913239,0.12249375096335646,0.0
1185,1.0,0.05,0.00012488536029939222,9.611144331356854,0.006826351459913239,0.12249375096335646,0.0
1186,1.0,0.05,0.00012488536029939222,9.611144331356854,0.006826351459913239,0.12249375096335646,0.0
1187,1.0,0.05,0.00012488536029939222,9.611144331356854,0.00685056729945323,0.12249375096335646,0.0
1188,1.0,0.05,0.00012488536029939222,9.611144331356854,0.007182584173808791,0.12249375096335646,0.0
1189,1.0,0.05,0.00012488536029939222,9.611144331356854,0.005905149262452058,0.12249375096335646,0.0
1190,1.0,0.05,0.00012488536029939222,9.611144331356854,0.005905149262452058,0.12249375096335646,0.0
1191,1.0,0.05,0.0001249115822952847,5.878272229237027,0.005905149262452058,0.12249375096335646,0.0
1192,1.0,0.05,0.0001249115822952847,5.878272229237027,0.005905149262452058,0.12249375096335646,0.0
1193,1.0,0.05,0.0001249115822952847,5.878272229237027,0.005905149262452058,0.12249375096335646,0.0
1194,1.0,0.05,0.0001249115822952847,11.69237425033603,0.005905149262452058,0.12249375096335646,0.0
1195,1.0,0.05,0.0001249115822952847,11.69237425033603,0.00777654099193268,0.12249375096335646,0.0
1196,1.0,0.05,0.0001249115822952847,11.69237425033603,0.00777654099193268,0.12249375096335646,0.0
1197,1.0,0.05,0.0001249115822952847,11.69237425033603,0.007196121814418437,0.12249375096335646,0.0
1198,1.0,0.05,0.0001249115822952847,11.69237425033603,0.006516201597223793,0.12249375096335646,0.0
1199,1.0,0.05,0.0001249115822952847,11.69237425033603,0.006516201597223793,0.12237196791448988,0.0
1200,1.0,0.05,0.0001249115822952847,11.69237425033603,0.006516201597223793,0.12237196791448988,0.0
1201,1.0,0.05,0.0001249115822952847,11.69237425033603,0.006516201597223793,0.12237196791448988,0.0
1202,1.0,0.05,0.0001249115822952847,11.69237425033603,0.007269973582460986,0.12237196791448988,0.0
1203,1.0,0.05,0.0001249115822952847,11.541965930471804,0.007269973582460986,0.12237196791448988,0.0
1204,1.0,0.05,0.0001249115822952847,11.541965930471804,0.007358948057346406,0.09674462196660344,0.0
1205,1.0,0.05,0.0001249115822952847,11.541965930471804,0.006995599284452352,0.09674462196660344,0.0
1206,1.0,0.05,0.0001249115822952847,11.541965930471804,0.0066296262244805735,0.11849462954925281,0.0
1207,1.0,0.05,0.0001249115822952847,11.541965930471804,0.0066296262244805735,0.11849462954925281,0.0
1208,1.0,0.05,0.0001249115822952847,11.541965930471804,0.0066296262244805735,0.11849462954925281,0.0
1209,1.0,0.05,0.0001249115822952847,11.541965930471804,0.0066296262244805735,0.11849462954925281,0.0
1210,1.0,0.05,0.0001249115822952847,11.541965930471804,0.0066296262244805735,0.11849462954925281,0.0
1211,1.0,0.05,0.0001249115822952847,11.541965930471804,0.0066296262244805735,0.11849462954925281,0.0
1212,1.0,0.05,0.0001249115822952847,11.541965930471804,0.0066296262244805735,0.11849462954925281,0.0
1213,1.0,0.05,0.0001249115822952847,11.541965930471804,0.0066296262244805735,0.11849462954925281,0.0
1214,1.0,0.05,0.0001249115822952847,11.541965930471804,0.007290001991853098,0.11849462954925281,0.0
1215,1.0,0.05,0.0001249115822952847,11.541965930471804,0.007290001991853098,0.11849462954925281,0.0
1216,1.0,0.05,0.0001249115822952847,11.541965930471804,0.007290001991853098,0.10161935081466443,0.0
1217,1.0,0.05,0.0001249115822952847,11.541965930471804,0.007290001991853098,0.10161935081466443,0.0
1218,1.0,0.05,0.0001249115822952847,11.541965930471804,0.007290001991853098,0.10161935081466443,0.0
1219,1.0,0.05,0.0001249115822952847,11.541965930471804,0.007290001991853098,0.10709576115846203,0.0
1220,1.0,0.05,0.00012014166278526742,11.541965930471804,0.007290001991853098,0.10709576115846203,0.0
1221,1.0,0.05,0.00012014166278526742,11.541965930471804,0.007290001991853098,0.09497890176630294,0.0
1222,1.0,0.05,0.00012014166278526742,14.21528432596071,0.007290001991853098,0.09572916989487504,0.0
1223,1.0,0.05,0.00010753497275097171,14.21528432596071,0.007290001991853098,0.13499258851265555,0.0
1224,1.0,0.05,0.00010753497275097171,14.21528432596071,0.007290001991853098,0.13499258851265555,0.0
1225,1.0,0.05,0.00010753497275097171,14.21528432596071,0.007290001991853098,0.13499258851265555,0.0
1226,1.0,0.05,0.00011896585464576895,14.21528432596071,0.007290001991853098,0.14599177822156398,0.0
1227,1.0,0.05,0.00011896585464576895,9.593019045728155,0.007290001991853098,0.14599177822156398,0.0
1228,1.0,0.05,0.00011896585464576895,9.593019045728155,0.007290001991853098,0.14599177822156398,0.0
1229,1.0,0.05,0.00011896585464576895,9.593019045728155,0.007290001991853098,0.14599177822156398,0.0
1230,1.0,0.05,0.00011896585464576895,9.593019045728155,0.007290001991853098,0.14599177822156398,0.0
1231,1.0,0.05,0.00011896585464576895,9.593019045728155,0.007290001991853098,0.14599177822156398,0.0
1232,1.0,0.05,0.00011896585464576895,9.593019045728155,0.007290001991853098,0.14599177822156398,0.0
1233,1.0,0.05,0.00011896585464576895,9.593019045728155,0.007290001991853098,0.15873447763195855,0.0
1234,1.0,0.05,0.00011896585464576895,9.593019045728155,0.007290001991853098,0.15873447763195855,0.0
1235,1.0,0.05,0.00011896585464576895,9.593019045728155,0.007290001991853098,0.15873447763195855,0.0
1236,1.0,0.05,0.00011896585464576895,9.593019045728155,0.007290001991853098,0.15873447763195855,0.0
1237,1.0,0.05,0.00011896585464576895,9.593019045728155,0.007772264732727095,0.15873447763195855,0.0
1238,1.0,0.05,0.00011896585464576895,9.593019045728155,0.007772264732727095,0.15873447763195855,0.0
1239,1.0,0.05,0.00011896585464576895,9.593019045728155,0.007473968003825665,0.15873447763195855,0.0
1240,1.0,0.05,0.00011896585464576895,9.593019045728155,0.007473968003825665,0.17331350879068613,0.0
1241,1.0,0.05,0.00011896585464576895,9.593019045728155,0.007473968003825665,0.17331350879068613,0.0
1242,1.0,0.05,0.00011896585464576895,9.593019045728155,0.007473968003825665,0.17331350879068613,0.0
1243,1.0,0.05,0.00011896585464576895,9.593019045728155,0.007473968003825665,0.17331350879068613,0.0
1244,1.0,0.05,0.00011896585464576895,10.448418780716963,0.007473968003825665,0.1515814652355713,0.0
1245,1.0,0.05,0.00011896585464576895,10.448418780716963,0.007473968003825665,0.1515814652355713,0.0
1246,1.0,0.05,0.00011896585464576895,10.448418780716963,0.007473968003825665,0.18045908563450005,0.0
1247,1.0,0.05,0.00011896585464576895,10.448418780716963,0.007473968003825665,0.18045908563450005,0.0
1248,1.0,0.05,0.00011896585464576895,10.448418780716963,0.007473968003825665,0.18045908563450005,0.0
1249,1.0,0.05,0.00011896585464576895,10.448418780716963,0.006553849666968475,0.18045908563450005,0.0
1250,1.0,0.05,0.00011896585464576895,10.448418780716963,0.006553849666968475,0.18045908563450005,0.0
1251,1.0,0.05,0.00011896585464576895,10.448418780716963,0.006553849666968475,0.14726893801907887,0.0
1252,1.0,0.05,0.00011896585464576895,10.448418780716963,0.006553849666968475,0.14726893801907887,0.0
1253,1.0,0.05,0.00011896585464576895,10.448418780716963,0.007713170649147829,0.14726893801907887,0.0
1254,1.0,0.05,0.00011896585464576895,8.277223406227478,0.007713170649147829,0.14726893801907887,0.0
1255,1.0,0.05,0.00011896585464576895,8.277223406227478,0.007713170649147829,0.14726893801907887,0.0
1256,1.0,0.05,0.00011896585464576895,8.277223406227478,0.007713170649147829,0.13815207168849664,0.0
1257,1.0,0.05,0.00011817143850143272,8.277223406227478,0.007713170649147829,0.13815207168849664,0.0
1258,1.0,0.05,0.00011817143850143272,8.277223406227478,0.007713170649147829,0.13815207168849664,0.0
1259,1.0,0.05,0.00011817143850143272,8.277223406227478,0.008096121243413428,0.13815207168849664,0.0
1260,1.0,0.05,0.00011817143850143272,8.277223406227478,0.008096121243413428,0.13815207168849664,0.0
1261,1.0,0.05,0.00011817143850143272,8.277223406227478,0.005914594519957971,0.13815207168849664,0.0
1262,1.0,0.05,0.00011817143850143272,8.277223406227478,0.0066584678025484395,0.13815207168849664,0.0
1263,1.0,0.05,0.00011973346576370435,6.8792767158186905,0.0066584678025484395,0.13815207168849664,0.0
1264,1.0,0.05,0.00011973346576370435,6.8792767158186905,0.0066584678025484395,0.1414275282129241,0.0
1265,1.0,0.05,0.00011973346576370435,6.8792767158186905,0.0066584678025484395,0.1414275282129241,0.0
1266,1.0,0.05,0.00011973346576370435,6.8792767158186905,0.0066584678025484395,0.1414275282129241,0.0
1267,1.0,0.05,0.00011973346576370435,6.8792767158186905,0.0066584678025484395,0.1414275282129241,0.0
1268,1.0,0.05,0.00011973346576370435,6.8792767158186905,0.0066584678025484395,0.1414275282129241,0.0
1269,1.0,0.05,0.00011973346576370435,6.8792767158186905,0.0066584678025484395,0.16173082647955914,0.0
1270,1.0,0.05,0.00011973346576370435,6.8792767158186905,0.0066584678025484395,0.16173082647955914,0.0
1271,1.0,0.05,0.00011973346576370435,6.8792767158186905,0.0066584678025484395,0.16173082647955914,0.0
1272,1.0,0.05,0.00011973346576370435,6.8792767158186905,0.0066584678025484395,0.16173082647955914,0.0
1273,1.0,0.05,0.00011973346576370435,6.8792767158186905,0.0066584678025484395,0.16173082647955914,0.0
1274,1.0,0.05,0.00011973346576370435,6.8792767158186905,0.0066584678025484395,0.16173082647955914,0.0
1275,1.0,0.05,0.00011973346576370435,6.8792767158186905,0.0066584678025484395,0.16173082647955914,0.0
1276,1.0,0.05,0.00011973346576370435,6.8792767158186905,0.0066584678025484395,0.16173082647955914,0.0
1277,1.0,0.05,0.00011973346576370435,6.8792767158186905,0.0066584678025484395,0.16173082647955914,0.0
1278,1.0,0.05,0.00011973346576370435,6.8792767158186905,0.0066584678025484395,0.16173082647955914,0.0
1279,1.0,0.05,0.00011973346576370435,6.8792767158186905,0.0066584678025484395,0.16173082647955914,0.0
1280,1.0,0.05,0.00011973346576370435,6.8792767158186905,0.0066584678025484395,0.16173082647955914,0.0
1281,1.0,0.05,0.00011973346576370435,6.8792767158186905,0.0066584678025484395,0.16173082647955914,0.0
1282,1.0,0.05,0.00011973346576370435,6.8792767158186905,0.0066584678025484395,0.16173082647955914,0.0
1283,1.0,0.05,0.00011973346576370435,6.8792767158186905,0.0066584678025484395,0.16173082647955914,0.0
1284,1.0,0.05,0.00011973346576370435,6.8792767158186905,0.007043919642422094,0.16173082647955914,0.0
1285,1.0,0.05,0.00011973346576370435,9.533218467474285,0.007043919642422094,0.16173082647955914,0.0
1286,1.0,0.05,0.00011949816607805798,9.533218467474285,0.006495281015412043,0.1284424783475021,0.0
1287,1.0,0.05,0.00011949816607805798,9.533218467474285,0.006495281015412043,0.1284424783475021,0.0
1288,1.0,0.05,0.00011949816607805798,9.533218467474285,0.006495281015412043,0.1284424783475021,0.0
1289,1.0,0.05,0.00011949816607805798,9.533218467474285,0.006495281015412043,0.1284424783475021,0.0
1290,1.0,0.05,0.00011949816607805798,9.533218467474285,0.006495281015412043,0.1284424783475021,0.0
1291,1.0,0.05,0.00011949816607805798,9.533218467474285,0.006495281015412043,0.1284424783475021,0.0
1292,1.0,0.05,0.00011949816607805798,9.533218467474285,0.006495281015412043,0.1378591880957797,0.0
1293,1.0,0.05,0.00011949816607805798,9.533218467474285,0.006495281015412043,0.1378591880957797,0.0
1294,1.0,0.05,0.00011949816607805798,9.533218467474285,0.007362070617504656,0.1378591880957797,0.0
1295,1.0,0.05,0.00011949816607805798,9.533218467474285,0.007362070617504656,0.1378591880957797,0.0
1296,1.0,0.05,0.00012457500268129147,9.533218467474285,0.0064390548525659315,0.1378591880957797,0.0
1297,1.0,0.05,0.00012457500268129147,9.533218467474285,0.0064390548525659315,0.1378591880957797,0.0
1298,1.0,0.05,0.00012457500268129147,9.533218467474285,0.007140007828699828,0.1378591880957797,0.0
1299,1.0,0.05,0.00012457500268129147,10.235787111990533,0.007140007828699828,0.1378591880957797,0.0
1300,1.0,0.05,0.00012457500268129147,10.235787111990533,0.007140007828699828,0.1378591880957797,0.0
1301,1.0,0.05,0.00012457500268129147,10.235787111990533,0.007140007828699828,0.1378591880957797,0.0
1302,1.0,0.05,0.00012457500268129147,10.235787111990533,0.007140007828699828,0.1378591880957797,0.0
1303,1.0,0.05,0.00012457500268129147,10.235787111990533,0.007140007828699828,0.1378591880957797,0.0
1304,1.0,0.05,0.00010906455631772667,10.235787111990533,0.007140007828699828,0.1378591880957797,0.0
1305,1.0,0.05,0.00011016627687507495,10.235787111990533,0.007140007828699828,0.21548184405305346,0.0
1306,1.0,0.05,0.00011016627687507495,10.235787111990533,0.007504532865997195,0.21548184405305346,0.0
1307,1.0,0.05,0.00011016627687507495,7.558913576957622,0.007504532865997195,0.21548184405305346,0.0
1308,1.0,0.05,0.00011016627687507495,7.558913576957622,0.007504532865997195,0.21548184405305346,0.0
1309,1.0,0.05,0.00011016627687507495,7.2311365642134575,0.007504532865997195,0.21548184405305346,0.0
1310,1.0,0.05,0.00011016627687507495,7.2311365642134575,0.007504532865997195,0.21548184405305346,0.0
1311,1.0,0.05,0.00011016627687507495,7.2311365642134575,0.008100102262272812,0.21548184405305346,0.0
1312,1.0,0.05,0.00011016627687507495,7.2311365642134575,0.008100102262272812,0.2496605802659371,0.0
1313,1.0,0.05,0.00011016627687507495,7.2311365642134575,0.007709295786535928,0.2496605802659371,0.0
1314,1.0,0.05,0.00011016627687507495,8.00908470431321,0.007709295786535928,0.2496605802659371,0.0
1315,1.0,0.05,0.00011016627687507495,8.00908470431321,0.007709295786535928,0.2496605802659371,0.0
1316,1.0,0.05,0.00011016627687507495,8.00908470431321,0.007578579353260173,0.2496605802659371,0.0
1317,1.0,0.05,0.00010151470661402855,8.00908470431321,0.007578579353260173,0.257766562659563,0.0
1318,1.0,0.05,0.00010151470661402855,8.00908470431321,0.007578579353260173,0.257766562659563,0.0
1319,1.0,0.05,0.00010151470661402855,9.10358330268339,0.0077688587152581765,0.257766562659563,0.0
1320,1.0,0.05,0.00010151470661402855,9.10358330268339,0.0077688587152581765,0.257766562659563,0.0
1321,1.0,0.05,0.00010151470661402855,9.10358330268339,0.0077688587152581765,0.257766562659563,0.0
1322,1.0,0.05,0.00010151470661402855,9.10358330268339,0.0077688587152581765,0.2320684354707414,0.0
1323,1.0,0.05,0.00010151470661402855,9.10358330268339,0.007470740952143801,0.2320684354707414,0.0
1324,1.0,0.05,0.00010098495127191457,9.10358330268339,0.007470740952143801,0.2320684354707414,0.0
1325,1.0,0.05,0.00010098495127191457,9.10358330268339,0.007470740952143801,0.2320684354707414,0.0
1326,1.0,0.05,0.00010098495127191457,9.10358330268339,0.007470740952143801,0.2320684354707414,0.0
1327,1.0,0.05,0.00010098495127191457,8.48481621367874,0.007470740952143801,0.2320684354707414,0.0
1328,1.0,0.05,0.00010098495127191457,8.48481621367874,0.007591998996638396,0.2320684354707414,0.0
1329,1.0,0.05,0.0001157339051025187,8.48481621367874,0.0074695507901870175,0.2320684354707414,0.0
1330,1.0,0.05,0.0001157339051025187,8.48481621367874,0.0074695507901870175,0.1699629118045433,0.0
1331,1.0,0.05,0.0001157339051025187,8.48481621367874,0.0074695507901870175,0.1699629118045433,0.0
1332,1.0,0.05,0.0001157339051025187,8.48481621367874,0.0074695507901870175,0.1699629118045433,0.0
1333,1.0,0.05,0.0001157339051025187,8.48481621367874,0.0074695507901870175,0.1699629118045433,0.0
1334,1.0,0.05,0.0001157339051025187,8.48481621367874,0.0074695507901870175,0.1699629118045433,0.0
1335,1.0,0.05,0.00011624405849554805,8.48481621367874,0.0074695507901870175,0.1699629118045433,0.0
1336,1.0,0.05,0.00011624405849554805,8.48481621367874,0.0071148638653403635,0.1699629118045433,0.0
1337,1.0,0.05,0.00011624405849554805,8.48481621367874,0.0071148638653403635,0.1769028308684067,0.0
1338,1.0,0.05,0.00011624405849554805,8.48481621367874,0.0071148638653403635,0.1769028308684067,0.0
1339,1.0,0.05,0.00011624405849554805,8.48481621367874,0.0071148638653403635,0.1769028308684067,0.0
1340,1.0,0.05,0.00011624405849554805,8.48481621367874,0.0071148638653403635,0.12875050424338078,0.0
1341,1.0,0.05,0.00011624405849554805,8.48481621367874,0.0071148638653403635,0.12875050424338078,0.0
1342,1.0,0.05,0.00011624405849554805,8.48481621367874,0.0071148638653403635,0.12875050424338078,0.0
1343,1.0,0.05,0.00011624405849554805,8.48481621367874,0.0071148638653403635,0.12875050424338078,0.0
1344,1.0,0.05,0.00011624405849554805,8.48481621367874,0.006880276272960851,0.12875050424338078,0.0
1345,1.0,0.05,0.00011624405849554805,8.48481621367874,0.006399110460402395,0.12875050424338078,0.0
1346,1.0,0.05,0.00011624405849554805,8.48481621367874,0.006399110460402395,0.12875050424338078,0.0
1347,1.0,0.05,0.00011624405849554805,8.48481621367874,0.006399110460402395,0.12875050424338078,0.0
1348,1.0,0.05,0.00011624405849554805,8.48481621367874,0.006523528303543675,0.12875050424338078,0.0
1349,1.0,0.05,0.00011624405849554805,8.48481621367874,0.006523528303543675,0.12875050424338078,0.0
1350,1.0,0.05,0.00011624405849554805,5.5815588665826965,0.006523528303543675,0.12875050424338078,0.0
1351,1.0,0.05,0.00011624405849554805,5.5815588665826965,0.006523528303543675,0.12875050424338078,0.0
1352,1.0,0.05,0.00011624405849554805,5.5815588665826965,0.006523528303543675,0.1272805588663365,0.0
1353,1.0,0.05,0.00011624405849554805,5.5815588665826965,0.006523528303543675,0.15161012832481083,0.0
1354,1.0,0.05,0.00011624405849554805,5.5815588665826965,0.007921560221292943,0.15161012832481083,0.0
1355,1.0,0.05,0.00011624405849554805,5.5815588665826965,0.00794205836003829,0.15161012832481083,0.0
1356,1.0,0.05,0.00011624405849554805,5.5815588665826965,0.00794205836003829,0.15161012832481083,0.0
1357,1.0,0.05,0.00011624405849554805,5.5815588665826965,0.00794205836003829,0.15161012832481083,0.0
1358,1.0,0.05,0.00011624405849554805,5.5815588665826965,0.00794205836003829,0.15161012832481083,0.0
1359,1.0,0.05,0.00011624405849554805,5.5815588665826965,0.007577430791556367,0.15161012832481083,0.0
1360,1.0,0.05,0.00011624405849554805,5.5815588665826965,0.007577430791556367,0.15161012832481083,0.0
1361,1.0,0.05,0.00011624405849554805,5.5815588665826965,0.007577430791556367,0.15161012832481083,0.0
1362,1.0,0.05,0.00011624405849554805,5.5815588665826965,0.006896548711862537,0.15161012832481083,0.0
1363,1.0,0.05,0.00011624405849554805,5.5815588665826965,0.006896548711862537,0.16639446166090432,0.0
1364,1.0,0.05,0.00011624405849554805,5.5815588665826965,0.006896548711862537,0.16639446166090432,0.0
1365,1.0,0.05,0.00011624405849554805,5.5815588665826965,0.007867586970785875,0.16639446166090432,0.0
1366,1.0,0.05,0.00011624405849554805,5.5815588665826965,0.007867586970785875,0.16639446166090432,0.0
1367,1.0,0.05,0.00011624405849554805,5.5815588665826965,0.007867586970785875,0.16639446166090432,0.0
1368,1.0,0.05,0.00011624405849554805,5.5815588665826965,0.007867586970785875,0.16639446166090432,0.0
1369,1.0,0.05,0.00011624405849554805,5.5815588665826965,0.007867586970785875,0.19829841128211328,0.0
1370,1.0,0.05,0.00011237497841656332,5.5815588665826965,0.007867586970785875,0.19829841128211328,0.0
1371,1.0,0.05,0.00011237497841656332,5.5815588665826965,0.007867586970785875,0.19829841128211328,0.0
1372,1.0,0.05,0.00011237497841656332,5.5815588665826965,0.007649097749259051,0.19829841128211328,0.0
1373,1.0,0.05,0.00011237497841656332,5.5815588665826965,0.007649097749259051,0.19829841128211328,0.0
1374,1.0,0.05,0.00011237497841656332,5.5815588665826965,0.007649097749259051,0.19829841128211328,0.0
1375,1.0,0.05,0.00011237497841656332,5.5815588665826965,0.007649097749259051,0.19829841128211328,0.0
1376,1.0,0.05,0.00011237497841656332,5.5815588665826965,0.007649097749259051,0.19829841128211328,0.0
1377,1.0,0.05,0.00011237497841656332,5.5815588665826965,0.007649097749259051,0.19829841128211328,0.0
1378,1.0,0.05,0.00011237497841656332,5.5815588665826965,0.007649097749259051,0.19829841128211328,0.0
1379,1.0,0.05,0.00011237497841656332,5.5815588665826965,0.007649097749259051,0.19829841128211328,0.0
1380,1.0,0.05,0.00011237497841656332,5.5815588665826965,0.007649097749259051,0.19829841128211328,0.0
1381,1.0,0.05,0.00011237497841656332,10.237787074061046,0.007649097749259051,0.19829841128211328,0.0
1382,1.0,0.05,0.00011237497841656332,10.237787074061046,0.008402753725551017,0.19829841128211328,0.0
1383,1.0,0.05,0.00011237497841656332,10.237787074061046,0.008402753725551017,0.19829841128211328,0.0
1384,1.0,0.05,0.00011237497841656332,7.2910405650577985,0.007597699227357451,0.19829841128211328,0.0
1385,1.0,0.05,0.00011237497841656332,7.2910405650577985,0.007597699227357451,0.19829841128211328,0.0
1386,1.0,0.05,0.00012075865691039229,7.2910405650577985,0.007368356430254803,0.19829841128211328,0.0
1387,1.0,0.05,0.00012075865691039229,7.2910405650577985,0.007368356430254803,0.19829841128211328,0.0
1388,1.0,0.05,0.00012075865691039229,7.2910405650577985,0.007368356430254803,0.19829841128211328,0.0
1389,1.0,0.05,0.00012075865691039229,6.411617522470877,0.007368356430254803,0.19829841128211328,0.0
1390,1.0,0.05,0.00012075865691039229,6.411617522470877,0.007368356430254803,0.19829841128211328,0.0
1391,1.0,0.05,0.00012075865691039229,6.411617522470877,0.007368356430254803,0.19829841128211328,0.0
1392,1.0,0.05,0.00012075865691039229,6.411617522470877,0.007368356430254803,0.17169118806073605,0.0
1393,1.0,0.05,0.0001171322004956384,6.411617522470877,0.007368356430254803,0.17169118806073605,0.0
1394,1.0,0.05,0.0001171322004956384,6.411617522470877,0.007368356430254803,0.17169118806073605,0.0
1395,1.0,0.05,0.0001171322004956384,6.411617522470877,0.007368356430254803,0.17169118806073605,0.0
1396,1.0,0.05,0.0001171322004956384,6.411617522470877,0.007368356430254803,0.17169118806073605,0.0
1397,1.0,0.05,0.0001171322004956384,6.411617522470877,0.007368356430254803,0.17169118806073605,0.0
1398,1.0,0.05,0.0001171322004956384,6.411617522470877,0.007368356430254803,0.17169118806073605,0.0
1399,1.0,0.05,0.0001171322004956384,6.411617522470877,0.007368356430254803,0.17169118806073605,0.0
1400,1.0,0.05,0.0001171322004956384,6.139019166360683,0.007368356430254803,0.17169118806073605,0.0
1401,1.0,0.05,0.0001171322004956384,6.139019166360683,0.007368356430254803,0.17169118806073605,0.0
1402,1.0,0.05,0.0001171322004956384,6.139019166360683,0.007425254041875472,0.17169118806073605,0.0
1403,1.0,0.05,0.0001171322004956384,6.139019166360683,0.007425254041875472,0.17169118806073605,0.0
1404,1.0,0.05,0.0001171322004956384,6.139019166360683,0.007425254041875472,0.17169118806073605,0.0
1405,1.0,0.05,0.0001171322004956384,6.139019166360683,0.007425254041875472,0.17169118806073605,0.0
1406,1.0,0.05,0.0001171322004956384,6.139019166360683,0.007425254041875472,0.17169118806073605,0.0
1407,1.0,0.05,0.0001171322004956384,6.246475087801542,0.007425254041875472,0.17169118806073605,0.0
1408,1.0,0.05,0.0001171322004956384,6.246475087801542,0.007425254041875472,0.17169118806073605,0.0
1409,1.0,0.05,0.0001171322004956384,6.246475087801542,0.007425254041875472,0.17169118806073605,0.0
1410,1.0,0.05,0.0001171322004956384,6.246475087801542,0.0074693041881900265,0.17169118806073605,0.0
1411,1.0,0.05,0.0001171322004956384,6.246475087801542,0.008132638595337582,0.17169118806073605,0.0
1412,1.0,0.05,0.00011805867713520709,6.246475087801542,0.008132638595337582,0.17169118806073605,0.0
1413,1.0,0.05,0.00011805867713520709,6.246475087801542,0.008132638595337582,0.17169118806073605,0.0
1414,1.0,0.05,0.00011805867713520709,6.246475087801542,0.008132638595337582,0.17169118806073605,0.0
1415,1.0,0.05,0.00011805867713520709,6.246475087801542,0.008222404711700076,0.17169118806073605,0.0
1416,1.0,0.05,0.00011805867713520709,6.246475087801542,0.008222404711700076,0.17169118806073605,0.0
1417,1.0,0.05,0.00011805867713520709,6.246475087801542,0.008222404711700076,0.17169118806073605,0.0
1418,1.0,0.05,0.00011720146150085925,6.246475087801542,0.008222404711700076,0.17169118806073605,0.0
1419,1.0,0.05,0.00011720146150085925,6.246475087801542,0.008222404711700076,0.17169118806073605,0.0
1420,1.0,0.05,0.00011720146150085925,6.246475087801542,0.008222404711700076,0.17169118806073605,0.0
1421,1.0,0.05,0.00011720146150085925,8.918556189918192,0.008015045765761638,0.2212150255233775,0.0
1422,1.0,0.05,0.00011720146150085925,8.918556189918192,0.008015045765761638,0.12394844992390752,0.0
1423,1.0,0.05,0.00011720146150085925,8.918556189918192,0.007063268765761652,0.17545241291178806,0.0
1424,1.0,0.05,0.00011720146150085925,8.918556189918192,0.007063268765761652,0.17545241291178806,0.0
1425,1.0,0.05,0.00011720146150085925,8.918556189918192,0.007063268765761652,0.17545241291178806,0.0
1426,1.0,0.05,0.00011720146150085925,7.520275947366599,0.007063268765761652,0.17545241291178806,0.0
1427,1.0,0.05,0.00011720146150085925,7.520275947366599,0.007063268765761652,0.17545241291178806,0.0
1428,1.0,0.05,0.00011720146150085925,7.520275947366599,0.007063268765761652,0.17545241291178806,0.0
1429,1.0,0.05,0.00011720146150085925,7.520275947366599,0.007063268765761652,0.17545241291178806,0.0
1430,1.0,0.05,0.00011720146150085925,7.520275947366599,0.007063268765761652,0.17545241291178806,0.0
1431,1.0,0.05,0.00011720146150085925,11.27158107520954,0.006774994857276891,0.15094931767646047,0.0
1432,1.0,0.05,0.00011720146150085925,11.27158107520954,0.006774994857276891,0.15094931767646047,0.0
1433,1.0,0.05,0.00011720146150085925,11.27158107520954,0.006774994857276891,0.15094931767646047,0.0
1434,1.0,0.05,0.00011720146150085925,11.27158107520954,0.006774994857276891,0.15094931767646047,0.0
1435,1.0,0.05,0.00011720146150085925,11.27158107520954,0.006774994857276891,0.15094931767646047,0.0
1436,1.0,0.05,0.00011720146150085925,11.27158107520954,0.008439331853126833,0.15117932685552513,0.0
1437,1.0,0.05,0.00011720146150085925,11.27158107520954,0.008439331853126833,0.15117932685552513,0.0
1438,1.0,0.05,0.00011720146150085925,8.495348348018837,0.008439331853126833,0.15117932685552513,0.0
1439,1.0,0.05,0.00011720146150085925,8.495348348018837,0.008439331853126833,0.15117932685552513,0.0
1440,1.0,0.05,0.00011720146150085925,8.495348348018837,0.008439331853126833,0.15117932685552513,0.0
1441,1.0,0.05,0.00011720146150085925,8.495348348018837,0.008439331853126833,0.15117932685552513,0.0
1442,1.0,0.05,0.00011720146150085925,8.495348348018837,0.006817596073622494,0.15117932685552513,0.0
1443,1.0,0.05,0.00011720146150085925,8.495348348018837,0.006705962702993799,0.15117932685552513,0.0
1444,1.0,0.05,0.00011720146150085925,8.495348348018837,0.006705962702993799,0.15117932685552513,0.0
1445,1.0,0.05,0.00011720146150085925,8.495348348018837,0.007093149755608264,0.15117932685552513,0.0
1446,1.0,0.05,0.00011926851948409993,8.495348348018837,0.007093149755608264,0.15117932685552513,0.0
1447,1.0,0.05,0.00011926851948409993,8.495348348018837,0.007093149755608264,0.15117932685552513,0.0
1448,1.0,0.05,0.00011926851948409993,8.495348348018837,0.007093149755608264,0.15917126618608318,0.0
1449,1.0,0.05,0.00011926851948409993,8.495348348018837,0.007093149755608264,0.15917126618608318,0.0
1450,1.0,0.05,0.00011926851948409993,8.495348348018837,0.007093149755608264,0.15917126618608318,0.0
1451,1.0,0.05,0.00011926851948409993,8.495348348018837,0.007093149755608264,0.15917126618608318,0.0
1452,1.0,0.05,0.00011926851948409993,8.495348348018837,0.007093149755608264,0.15917126618608318,0.0
1453,1.0,0.05,0.00011926851948409993,6.975441973412515,0.007093149755608264,0.17533252136525984,0.0
1454,1.0,0.05,0.00011926851948409993,6.975441973412515,0.007093149755608264,0.17533252136525984,0.0
1455,1.0,0.05,0.00011926851948409993,6.975441973412515,0.006891823413636341,0.17533252136525984,0.0
1456,1.0,0.05,0.00011926851948409993,8.813158241823288,0.006891823413636341,0.17533252136525984,0.0
1457,1.0,0.05,0.00011926851948409993,8.813158241823288,0.006891823413636341,0.17533252136525984,0.0
1458,1.0,0.05,0.00011926851948409993,8.813158241823288,0.006891823413636341,0.17533252136525984,0.0
1459,1.0,0.05,0.00011926851948409993,8.813158241823288,0.007428003061834663,0.17533252136525984,0.0
1460,1.0,0.05,0.00011926851948409993,8.813158241823288,0.007428003061834663,0.17533252136525984,0.0
1461,1.0,0.05,0.00011926851948409993,8.813158241823288,0.007428003061834663,0.17533252136525984,0.0
1462,1.0,0.05,0.00011926851948409993,8.813158241823288,0.007428003061834663,0.17533252136525984,0.0
1463,1.0,0.05,0.00011926851948409993,8.813158241823288,0.007428003061834663,0.17533252136525984,0.0
1464,1.0,0.05,0.00011926851948409993,8.813158241823288,0.007056959335072548,0.17533252136525984,0.0
1465,1.0,0.05,0.00011926851948409993,8.813158241823288,0.007056959335072548,0.17533252136525984,0.0
1466,1.0,0.05,0.00011926851948409993,8.813158241823288,0.007056959335072548,0.17533252136525984,0.0
1467,1.0,0.05,0.00012027105574256248,8.813158241823288,0.007056959335072548,0.1180108065814022,0.0
1468,1.0,0.05,0.00012027105574256248,8.813158241823288,0.007056959335072548,0.1180108065814022,0.0
1469,1.0,0.05,0.00012027105574256248,13.335564158539796,0.007056959335072548,0.1180108065814022,0.0
1470,1.0,0.05,0.00012027105574256248,13.335564158539796,0.007056959335072548,0.1180108065814022,0.0
1471,1.0,0.05,0.00012027105574256248,13.335564158539796,0.007056959335072548,0.1180108065814022,0.0
1472,1.0,0.05,0.00012027105574256248,13.335564158539796,0.007056959335072548,0.1288031269416729,0.0
1473,1.0,0.05,0.00012027105574256248,13.335564158539796,0.007056959335072548,0.1288031269416729,0.0
1474,1.0,0.05,0.00012027105574256248,13.335564158539796,0.007056959335072548,0.1288031269416729,0.0
1475,1.0,0.05,0.00012027105574256248,13.335564158539796,0.007056959335072548,0.1375221242322595,0.0
1476,1.0,0.05,0.00012027105574256248,13.335564158539796,0.007056959335072548,0.140530073157431,0.0
1477,1.0,0.05,0.00012027105574256248,13.335564158539796,0.007056959335072548,0.140530073157431,0.0
1478,1.0,0.05,0.00012027105574256248,13.335564158539796,0.007056959335072548,0.140530073157431,0.0
1479,1.0,0.05,0.00012027105574256248,13.335564158539796,0.007056959335072548,0.14686513911373883,0.0
1480,1.0,0.05,0.00012027105574256248,13.335564158539796,0.007056959335072548,0.09064800126054443,0.0
1481,1.0,0.05,0.00012027105574256248,13.335564158539796,0.006428702775009992,0.08869953749495088,0.0
1482,1.0,0.05,0.00012027105574256248,13.335564158539796,0.006428702775009992,0.08869953749495088,0.0
1483,1.0,0.05,0.00012027105574256248,13.484371892775911,0.006428702775009992,0.08869953749495088,0.0
1484,1.0,0.05,0.00012027105574256248,13.484371892775911,0.006428702775009992,0.08869953749495088,0.0
1485,1.0,0.05,0.00012027105574256248,13.484371892775911,0.006428702775009992,0.08869953749495088,0.0
1486,1.0,0.05,0.00012027105574256248,13.484371892775911,0.006428702775009992,0.1279226384734725,0.0
1487,1.0,0.05,0.00012027105574256248,13.484371892775911,0.006428702775009992,0.11068461959788883,0.0
1488,1.0,0.05,0.00012027105574256248,15.384672285877315,0.006428702775009992,0.11068461959788883,0.0
1489,1.0,0.05,0.00012027105574256248,8.565012099857384,0.006428702775009992,0.10621243526729204,0.0
1490,1.0,0.05,0.00012027105574256248,8.739526809160594,0.006428702775009992,0.10621243526729204,0.0
1491,1.0,0.05,0.00012027105574256248,8.739526809160594,0.006428702775009992,0.10621243526729204,0.0
1492,1.0,0.05,0.00012027105574256248,8.739526809160594,0.006428702775009992,0.10621243526729204,0.0
1493,1.0,0.05,0.00012027105574256248,8.739526809160594,0.006428702775009992,0.16779290320080292,0.0
1494,1.0,0.05,0.00012027105574256248,8.739526809160594,0.006428702775009992,0.16779290320080292,0.0
1495,1.0,0.05,0.00012027105574256248,8.739526809160594,0.006428702775009992,0.13311296476070436,0.0
1496,1.0,0.05,0.00012027105574256248,8.739526809160594,0.006428702775009992,0.12829510098613367,0.0
1497,1.0,0.05,0.00012027105574256248,8.739526809160594,0.006428702775009992,0.12829510098613367,0.0
1498,1.0,0.05,0.00012138169809332092,8.739526809160594,0.006428702775009992,0.12829510098613367,0.0
1499,1.0,0.05,0.00012375351657363705,8.739526809160594,0.006428702775009992,0.12829510098613367,0.0
1500,1.0,0.05,0.00012375351657363705,8.739526809160594,0.007198971640340449,0.12829510098613367,0.0
1501,1.0,0.05,0.00012375351657363705,8.739526809160594,0.007198971640340449,0.12829510098613367,0.0
1502,1.0,0.05,0.00012375351657363705,8.739526809160594,0.007198971640340449,0.12829510098613367,0.0
1503,1.0,0.05,0.00012113619669911339,8.739526809160594,0.005507081748580468,0.12829510098613367,0.0
1504,1.0,0.05,0.00012113619669911339,8.739526809160594,0.006288945659068561,0.12829510098613367,0.0
1505,1.0,0.05,0.00012113619669911339,11.742166991134724,0.007628196370477638,0.12829510098613367,0.0
1506,1.0,0.05,0.00012113619669911339,11.742166991134724,0.007628196370477638,0.1374394994786204,0.0
1507,1.0,0.05,0.00012113619669911339,11.742166991134724,0.007628196370477638,0.11264560865518942,0.0
1508,1.0,0.05,0.00012113619669911339,11.185015649360224,0.006295569558901205,0.11264560865518942,0.0
1509,1.0,0.05,0.00012113619669911339,11.185015649360224,0.006295569558901205,0.11375259801464184,0.0
1510,1.0,0.05,0.00011892997526585665,11.185015649360224,0.007546227515664722,0.12269764296406256,0.0
1511,1.0,0.05,0.00011892997526585665,11.185015649360224,0.006434781054840658,0.15304018201688582,0.0
1512,1.0,0.05,0.00011892997526585665,11.185015649360224,0.006434781054840658,0.15304018201688582,0.0
1513,1.0,0.05,0.00011892997526585665,11.185015649360224,0.006434781054840658,0.15304018201688582,0.0
1514,1.0,0.05,0.00011892997526585665,11.185015649360224,0.006434781054840658,0.15304018201688582,0.0
1515,1.0,0.05,0.00011892997526585665,11.185015649360224,0.006434781054840658,0.15304018201688582,0.0
1516,1.0,0.05,0.00011750563873992058,11.185015649360224,0.006884749059998162,0.15304018201688582,0.0
1517,1.0,0.05,0.00011750563873992058,11.185015649360224,0.006884749059998162,0.12970178021956802,0.0
1518,1.0,0.05,0.00011750563873992058,11.185015649360224,0.006884749059998162,0.12970178021956802,0.0
1519,1.0,0.05,0.00011750563873992058,11.185015649360224,0.006884749059998162,0.12970178021956802,0.0
1520,1.0,0.05,0.00011750563873992058,11.185015649360224,0.006884749059998162,0.12970178021956802,0.0
1521,1.0,0.05,0.00011750563873992058,11.185015649360224,0.006884749059998162,0.12970178021956802,0.0
1522,1.0,0.05,0.00011750563873992058,7.976430886253127,0.006884749059998162,0.12970178021956802,0.0
1523,1.0,0.05,0.00011750563873992058,7.976430886253127,0.006884749059998162,0.17500729444318797,0.0
1524,1.0,0.05,0.00011750563873992058,7.976430886253127,0.005969685485229093,0.17500729444318797,0.0
1525,1.0,0.05,0.00011753608058826965,7.976430886253127,0.005969685485229093,0.17500729444318797,0.0
1526,1.0,0.05,0.00011753608058826965,7.976430886253127,0.005969685485229093,0.1779176801669767,0.0
1527,1.0,0.05,0.00011753608058826965,7.976430886253127,0.005969685485229093,0.1806492204260099,0.0
1528,1.0,0.05,0.00011753608058826965,7.976430886253127,0.005969685485229093,0.17114243510767208,0.0
1529,1.0,0.05,0.00011753608058826965,7.976430886253127,0.005969685485229093,0.17114243510767208,0.0
1530,1.0,0.05,0.00011753608058826965,7.976430886253127,0.007343535330166424,0.17114243510767208,0.0
1531,1.0,0.05,0.00011753608058826965,7.976430886253127,0.007860006570178381,0.20072930595036054,0.0
1532,1.0,0.05,0.00011753608058826965,7.976430886253127,0.007860006570178381,0.20072930595036054,0.0
1533,1.0,0.05,0.00011753608058826965,7.643276010358747,0.0066591425832801384,0.20072930595036054,0.0
1534,1.0,0.05,0.00011753608058826965,7.643276010358747,0.0066591425832801384,0.20072930595036054,0.0
1535,1.0,0.05,0.00011753608058826965,7.643276010358747,0.0066591425832801384,0.20072930595036054,0.0
1536,1.0,0.05,0.00011753608058826965,7.643276010358747,0.0066591425832801384,0.16914387770854192,0.0
1537,1.0,0.05,0.00011753608058826965,7.643276010358747,0.0066591425832801384,0.16914387770854192,0.0
1538,1.0,0.05,0.00011753608058826965,8.712139599655927,0.0066591425832801384,0.16914387770854192,0.0
1539,1.0,0.05,0.00011445170156878468,8.712139599655927,0.0066591425832801384,0.1773410135112434,0.0
1540,1.0,0.05,0.00011445170156878468,8.712139599655927,0.0066591425832801384,0.1773410135112434,0.0
1541,1.0,0.05,0.00011445170156878468,8.712139599655927,0.0066591425832801384,0.1773410135112434,0.0
1542,1.0,0.05,0.00011638098237685678,8.712139599655927,0.0066591425832801384,0.1773410135112434,0.0
1543,1.0,0.05,0.00011638098237685678,8.712139599655927,0.007887102875248471,0.1773410135112434,0.0
1544,1.0,0.05,0.00011638098237685678,8.712139599655927,0.007887102875248471,0.1773410135112434,0.0
1545,1.0,0.05,0.00011638098237685678,8.712139599655927,0.007887102875248471,0.13328744701450718,0.0
1546,1.0,0.05,0.00012733362328466423,8.712139599655927,0.007887102875248471,0.13328744701450718,0.0
1547,1.0,0.05,0.00012733362328466423,8.712139599655927,0.005588536772745132,0.13328744701450718,0.0
1548,1.0,0.05,0.00012792109332040026,8.712139599655927,0.005991189802083625,0.13328744701450718,0.0
1549,1.0,0.05,0.00012792109332040026,8.712139599655927,0.005991189802083625,0.13328744701450718,0.0
1550,1.0,0.05,0.00012792109332040026,7.893256689360001,0.005991189802083625,0.13328744701450718,0.0
1551,1.0,0.05,0.00012792109332040026,7.893256689360001,0.005932661065584229,0.13328744701450718,0.0
1552,1.0,0.05,0.00012792109332040026,7.893256689360001,0.005932661065584229,0.13328744701450718,0.0
1553,1.0,0.05,0.00012792109332040026,7.893256689360001,0.0066449714917192464,0.13328744701450718,0.0
1554,1.0,0.05,0.00012792109332040026,7.893256689360001,0.0066449714917192464,0.13328744701450718,0.0
1555,1.0,0.05,0.00012792109332040026,7.893256689360001,0.0066449714917192464,0.13328744701450718,0.0
1556,1.0,0.05,0.000125113360068007,4.948733947198164,0.0066449714917192464,0.13328744701450718,0.0
1557,1.0,0.05,0.000125113360068007,4.948733947198164,0.005965628796860738,0.13328744701450718,0.0
1558,1.0,0.05,0.000125113360068007,4.948733947198164,0.005965628796860738,0.13328744701450718,0.0
1559,1.0,0.05,0.000125113360068007,4.948733947198164,0.006393503190878637,0.13328744701450718,0.0
1560,1.0,0.05,0.00013013202657678776,4.948733947198164,0.006393503190878637,0.13328744701450718,0.0
1561,1.0,0.05,0.00013013202657678776,4.948733947198164,0.006393503190878637,0.13328744701450718,0.0
1562,1.0,0.05,0.00013013202657678776,4.948733947198164,0.006393503190878637,0.13328744701450718,0.0
1563,1.0,0.05,0.00013013202657678776,4.948733947198164,0.006393503190878637,0.13328744701450718,0.0
1564,1.0,0.05,0.00013013202657678776,4.948733947198164,0.006393503190878637,0.13328744701450718,0.0
1565,1.0,0.05,0.00013013202657678776,4.948733947198164,0.0059840642079003435,0.13328744701450718,0.0
1566,1.0,0.05,0.00013013202657678776,4.638125618934993,0.0059840642079003435,0.13328744701450718,0.0
1567,1.0,0.05,0.00013013202657678776,4.638125618934993,0.0059840642079003435,0.13328744701450718,0.0
1568,1.0,0.05,0.00013013202657678776,4.638125618934993,0.005663259877362007,0.13328744701450718,0.0
1569,1.0,0.05,0.00013013202657678776,4.638125618934993,0.005957989385620281,0.13328744701450718,0.0
1570,1.0,0.05,0.00013013202657678776,4.638125618934993,0.005957989385620281,0.13328744701450718,0.0
1571,1.0,0.05,0.00013013202657678776,4.638125618934993,0.005957989385620281,0.13328744701450718,0.0
1572,1.0,0.05,0.00013013202657678776,4.638125618934993,0.00594118360262447,0.13328744701450718,0.0
1573,1.0,0.05,0.00013013202657678776,4.638125618934993,0.00594118360262447,0.13328744701450718,0.0
1574,1.0,0.05,0.00013013202657678776,4.638125618934993,0.00594118360262447,0.13328744701450718,0.0
1575,1.0,0.05,0.00013013202657678776,4.638125618934993,0.00594118360262447,0.13328744701450718,0.0
1576,1.0,0.05,0.00013013202657678776,4.638125618934993,0.00594118360262447,0.13328744701450718,0.0
1577,1.0,0.05,0.00013013202657678776,4.638125618934993,0.00594118360262447,0.13328744701450718,0.0
1578,1.0,0.05,0.00013013202657678776,4.638125618934993,0.00594118360262447,0.13328744701450718,0.0
1579,1.0,0.05,0.00013013202657678776,4.638125618934993,0.00594118360262447,0.1280679529411968,0.0
1580,1.0,0.05,0.00013013202657678776,4.638125618934993,0.00594118360262447,0.1280679529411968,0.0
1581,1.0,0.05,0.00013013202657678776,4.638125618934993,0.00594118360262447,0.1280679529411968,0.0
1582,1.0,0.05,0.00013013202657678776,8.03178224653476,0.00594118360262447,0.11820885220720967,0.0
1583,1.0,0.05,0.00013013202657678776,11.01037114708943,0.006204753908353339,0.11820885220720967,0.0
1584,1.0,0.05,0.00013013202657678776,11.01037114708943,0.006204753908353339,0.11820885220720967,0.0
1585,1.0,0.05,0.00013013202657678776,11.01037114708943,0.006204753908353339,0.09160619000093144,0.0
1586,1.0,0.05,0.00013013202657678776,11.01037114708943,0.006204753908353339,0.09160619000093144,0.0
1587,1.0,0.05,0.00013013202657678776,11.01037114708943,0.006204753908353339,0.09917777376194682,0.0
1588,1.0,0.05,0.00013013202657678776,11.01037114708943,0.005670396225826462,0.09917777376194682,0.0
1589,1.0,0.05,0.00013013202657678776,11.01037114708943,0.005670396225826462,0.09917777376194682,0.0
1590,1.0,0.05,0.00013013202657678776,11.01037114708943,0.005670396225826462,0.09917777376194682,0.0
1591,1.0,0.05,0.00012938972254376139,11.01037114708943,0.005670396225826462,0.09917777376194682,0.0
1592,1.0,0.05,0.00012938972254376139,11.01037114708943,0.005670396225826462,0.09008696319506962,0.0
1593,1.0,0.05,0.00012938972254376139,11.01037114708943,0.006299440641716169,0.09008696319506962,0.0
1594,1.0,0.05,0.00012938972254376139,11.01037114708943,0.006299440641716169,0.09902068402643287,0.0
1595,1.0,0.05,0.00012938972254376139,11.01037114708943,0.006299440641716169,0.09902068402643287,0.0
1596,1.0,0.05,0.00012938972254376139,11.01037114708943,0.005707132599067135,0.09902068402643287,0.0
1597,1.0,0.05,0.00012938972254376139,11.01037114708943,0.005707132599067135,0.09902068402643287,0.0
1598,1.0,0.05,0.00012938972254376139,11.01037114708943,0.005707132599067135,0.09902068402643287,0.0
1599,1.0,0.05,0.0001245042457715893,11.01037114708943,0.005707132599067135,0.09902068402643287,0.0
1600,1.0,0.05,0.0001245042457715893,11.01037114708943,0.005707132599067135,0.09902068402643287,0.0
1601,1.0,0.05,0.0001245042457715893,11.01037114708943,0.005707132599067135,0.14378436332533556,0.0
1602,1.0,0.05,0.0001245042457715893,9.577045465077603,0.005707132599067135,0.14378436332533556,0.0
1603,1.0,0.05,0.0001245042457715893,9.577045465077603,0.005707132599067135,0.14378436332533556,0.0
1604,1.0,0.05,0.0001245042457715893,9.577045465077603,0.005986739148048799,0.14378436332533556,0.0
1605,1.0,0.05,0.0001245042457715893,9.577045465077603,0.005986739148048799,0.14378436332533556,0.0
1606,1.0,0.05,0.0001245042457715893,9.577045465077603,0.005986739148048799,0.14378436332533556,0.0
1607,1.0,0.05,0.0001245042457715893,9.577045465077603,0.007234374736926732,0.11548941081181158,0.0
1608,1.0,0.05,0.00012386312316578586,6.0213140372273415,0.006175426642696909,0.11548941081181158,0.0
1609,1.0,0.05,0.00013090183100483748,6.0213140372273415,0.006021223014808178,0.1310431993765592,0.0
1610,1.0,0.05,0.00013008067238998996,6.147307957993149,0.006021223014808178,0.1310431993765592,0.0
1611,1.0,0.05,0.00013008067238998996,6.147307957993149,0.006021223014808178,0.1310431993765592,0.0
1612,1.0,0.05,0.00013008067238998996,6.147307957993149,0.006021223014808178,0.1310431993765592,0.0
1613,1.0,0.05,0.00013008067238998996,6.147307957993149,0.006021223014808178,0.1310431993765592,0.0
1614,1.0,0.05,0.00013008067238998996,6.147307957993149,0.006021223014808178,0.1310431993765592,0.0
1615,1.0,0.05,0.00013008067238998996,6.147307957993149,0.006021223014808178,0.1310431993765592,0.0
1616,1.0,0.05,0.00013008067238998996,5.881652618804736,0.006021223014808178,0.1310431993765592,0.0
1617,1.0,0.05,0.00013008067238998996,5.881652618804736,0.006021223014808178,0.1310431993765592,0.0
1618,1.0,0.05,0.00013143263036264092,5.881652618804736,0.006021223014808178,0.11728094934582628,0.0
1619,1.0,0.05,0.00013143263036264092,5.881652618804736,0.006021223014808178,0.11728094934582628,0.0
1620,1.0,0.05,0.00013143263036264092,5.881652618804736,0.006021223014808178,0.11728094934582628,0.0
1621,1.0,0.05,0.00013143263036264092,5.881652618804736,0.006021223014808178,0.11728094934582628,0.0
1622,1.0,0.05,0.00013143263036264092,5.881652618804736,0.006021223014808178,0.11728094934582628,0.0
1623,1.0,0.05,0.00013143263036264092,5.881652618804736,0.006021223014808178,0.11728094934582628,0.0
1624,1.0,0.05,0.00013143263036264092,5.881652618804736,0.006021223014808178,0.11728094934582628,0.0
1625,1.0,0.05,0.00013143263036264092,5.881652618804736,0.006021223014808178,0.11728094934582628,0.0
1626,1.0,0.05,0.00013143263036264092,5.809616842677784,0.006021223014808178,0.11728094934582628,0.0
1627,1.0,0.05,0.00013143263036264092,5.809616842677784,0.006021223014808178,0.11728094934582628,0.0
1628,1.0,0.05,0.00013143263036264092,5.809616842677784,0.006021223014808178,0.11728094934582628,0.0
1629,1.0,0.05,0.00013143263036264092,5.809616842677784,0.006021223014808178,0.11728094934582628,0.0
1630,1.0,0.05,0.00013143263036264092,5.809616842677784,0.006021223014808178,0.11728094934582628,0.0
1631,1.0,0.05,0.00013143263036264092,5.809616842677784,0.006021223014808178,0.11728094934582628,0.0
1632,1.0,0.05,0.00013143263036264092,5.809616842677784,0.006021223014808178,0.1205518472200689,0.0
1633,1.0,0.05,0.00013143263036264092,5.809616842677784,0.006021223014808178,0.1205518472200689,0.0
1634,1.0,0.05,0.00013143263036264092,5.809616842677784,0.006021223014808178,0.1205518472200689,0.0
1635,1.0,0.05,0.00013143263036264092,5.809616842677784,0.006021223014808178,0.1205518472200689,0.0
1636,1.0,0.05,0.00013143263036264092,5.809616842677784,0.006021223014808178,0.1205518472200689,0.0
1637,1.0,0.05,0.00013143263036264092,5.809616842677784,0.006021223014808178,0.1205518472200689,0.0
1638,1.0,0.05,0.00013143263036264092,5.809616842677784,0.006021223014808178,0.1205518472200689,0.0
1639,1.0,0.05,0.00013143263036264092,4.6693369886722,0.006021223014808178,0.1205518472200689,0.0
1640,1.0,0.05,0.00013143263036264092,4.6693369886722,0.006021223014808178,0.15169204766931835,0.0
1641,1.0,0.05,0.00013143263036264092,4.89594748328237,0.006021223014808178,0.15169204766931835,0.0
1642,1.0,0.05,0.00013143263036264092,4.89594748328237,0.006021223014808178,0.15169204766931835,0.0
1643,1.0,0.05,0.00013143263036264092,4.89594748328237,0.006021223014808178,0.15169204766931835,0.0
1644,1.0,0.05,0.00013143263036264092,4.89594748328237,0.006021223014808178,0.15169204766931835,0.0
1645,1.0,0.05,0.00013143263036264092,4.89594748328237,0.006021223014808178,0.09857365259915801,0.0
1646,1.0,0.05,0.00013143263036264092,11.581844960167047,0.006021223014808178,0.09857365259915801,0.0
1647,1.0,0.05,0.00013143263036264092,11.581844960167047,0.00695240391178509,0.09857365259915801,0.0
1648,1.0,0.05,0.00013143263036264092,11.581844960167047,0.005616306682191215,0.09857365259915801,0.0
1649,1.0,0.05,0.00013143263036264092,11.581844960167047,0.005616306682191215,0.09857365259915801,0.0
1650,1.0,0.05,0.00013143263036264092,11.756356684865835,0.005616306682191215,0.09857365259915801,0.0
1651,1.0,0.05,0.00013143263036264092,11.756356684865835,0.005616306682191215,0.09857365259915801,0.0
1652,1.0,0.05,0.00013143263036264092,11.756356684865835,0.005616306682191215,0.09857365259915801,0.0
1653,1.0,0.05,0.00013546524307303105,11.756356684865835,0.005616306682191215,0.07115332533688666,0.0
1654,1.0,0.05,0.00013546524307303105,11.756356684865835,0.005616306682191215,0.07115332533688666,0.0
1655,1.0,0.05,0.00013546524307303105,11.756356684865835,0.005616306682191215,0.07115332533688666,0.0
1656,1.0,0.05,0.00013991892561443135,11.756356684865835,0.005616306682191215,0.07115332533688666,0.0
1657,1.0,0.05,0.00013991892561443135,9.791337678412447,0.005616306682191215,0.07115332533688666,0.0
1658,1.0,0.05,0.00013991892561443135,9.791337678412447,0.005616306682191215,0.07115332533688666,0.0
1659,1.0,0.05,0.00013991892561443135,9.791337678412447,0.005616306682191215,0.07115332533688666,0.0
1660,1.0,0.05,0.00013991892561443135,9.791337678412447,0.005616306682191215,0.07115332533688666,0.0
1661,1.0,0.05,0.00013991892561443135,9.791337678412447,0.005302294871998047,0.07115332533688666,0.0
1662,1.0,0.05,0.00013991892561443135,9.791337678412447,0.005302294871998047,0.07115332533688666,0.0
1663,1.0,0.05,0.00013991892561443135,9.878536706686702,0.005302294871998047,0.07115332533688666,0.0
1664,1.0,0.05,0.00013991892561443135,9.878536706686702,0.0056219988301659165,0.07115332533688666,0.0
1665,1.0,0.05,0.00013991892561443135,9.878536706686702,0.005772213878944344,0.07115332533688666,0.0
1666,1.0,0.05,0.00013991892561443135,9.878536706686702,0.005772213878944344,0.07115332533688666,0.0
1667,1.0,0.05,0.00013991892561443135,9.878536706686702,0.005772213878944344,0.07115332533688666,0.0
1668,1.0,0.05,0.00013991892561443135,9.878536706686702,0.005772213878944344,0.07115332533688666,0.0
1669,1.0,0.05,0.00013991892561443135,9.878536706686702,0.005460428541410989,0.07930335697727879,0.0
1670,1.0,0.05,0.00013991892561443135,9.878536706686702,0.005460428541410989,0.07930335697727879,0.0
1671,1.0,0.05,0.00013991892561443135,10.55588676564956,0.005460428541410989,0.07930335697727879,0.0
1672,1.0,0.05,0.00013991892561443135,10.55588676564956,0.005460428541410989,0.07930335697727879,0.0
1673,1.0,0.05,0.00013991892561443135,10.55588676564956,0.005460428541410989,0.07930335697727879,0.0
1674,1.0,0.05,0.00012726305792831857,10.55588676564956,0.005460428541410989,0.07930335697727879,0.0
1675,1.0,0.05,0.00012726305792831857,10.55588676564956,0.006625102390317024,0.07930335697727879,0.0
1676,1.0,0.05,0.00012726305792831857,10.55588676564956,0.006625102390317024,0.07930335697727879,0.0
1677,1.0,0.05,0.00012726305792831857,10.55588676564956,0.006625102390317024,0.07930335697727879,0.0
1678,1.0,0.05,0.00011551717545389222,10.55588676564956,0.007672292679583183,0.14286223505425294,0.0
1679,1.0,0.05,0.00011630233681121405,9.283870171549395,0.007672292679583183,0.14286223505425294,0.0
1680,1.0,0.05,0.00011630233681121405,11.272467824272098,0.007672292679583183,0.14286223505425294,0.0
1681,1.0,0.05,0.00011630233681121405,11.272467824272098,0.007439793761044205,0.14286223505425294,0.0
1682,1.0,0.05,0.00011630233681121405,11.272467824272098,0.007439793761044205,0.14286223505425294,0.0
1683,1.0,0.05,0.00011630233681121405,11.272467824272098,0.007439793761044205,0.14286223505425294,0.0
1684,1.0,0.05,0.00011630233681121405,11.272467824272098,0.007439793761044205,0.14286223505425294,0.0
1685,1.0,0.05,0.00011630233681121405,11.272467824272098,0.007439793761044205,0.14286223505425294,0.0
1686,1.0,0.05,0.00011630233681121405,9.108921232912067,0.0069742049679678,0.14286223505425294,0.0
1687,1.0,0.05,0.00011630233681121405,9.108921232912067,0.006673850526873349,0.14286223505425294,0.0
1688,1.0,0.05,0.00011630233681121405,9.108921232912067,0.006673850526873349,0.14286223505425294,0.0
1689,1.0,0.05,0.00011630233681121405,9.108921232912067,0.006673850526873349,0.14286223505425294,0.0
1690,1.0,0.05,0.00011630233681121405,9.108921232912067,0.006673850526873349,0.14286223505425294,0.0
1691,1.0,0.05,0.00011630233681121405,9.108921232912067,0.006673850526873349,0.16761693814929965,0.0
1692,1.0,0.05,0.00011630233681121405,7.599463522403369,0.0071434879361791485,0.16761693814929965,0.0
1693,1.0,0.05,0.00011630233681121405,7.599463522403369,0.0071434879361791485,0.20017941737047334,0.0
1694,1.0,0.05,0.00012158971216357933,7.599463522403369,0.0071434879361791485,0.15208068632553914,0.0
1695,1.0,0.05,0.00012167094598546905,7.599463522403369,0.0065236542103752695,0.15860173693779847,0.0
1696,1.0,0.05,0.00012167094598546905,7.599463522403369,0.006583998503690922,0.17190269228057087,0.0
1697,1.0,0.05,0.00012167094598546905,7.599463522403369,0.006583998503690922,0.17190269228057087,0.0
1698,1.0,0.05,0.00012167094598546905,7.599463522403369,0.006583998503690922,0.17190269228057087,0.0
1699,1.0,0.05,0.00012167094598546905,7.599463522403369,0.006354572202972185,0.17190269228057087,0.0
1700,1.0,0.05,0.00012167094598546905,7.599463522403369,0.006354572202972185,0.17190269228057087,0.0
1701,1.0,0.05,0.00012167094598546905,7.599463522403369,0.006354572202972185,0.17190269228057087,0.0
1702,1.0,0.05,0.00012167094598546905,7.599463522403369,0.006255047487613173,0.17190269228057087,0.0
1703,1.0,0.05,0.00012167094598546905,7.599463522403369,0.006255047487613173,0.12744056544671015,0.0
1704,1.0,0.05,0.00012167094598546905,7.599463522403369,0.007109584483917037,0.12744056544671015,0.0
1705,1.0,0.05,0.00012167094598546905,13.263943248839098,0.007109584483917037,0.12744056544671015,0.0
1706,1.0,0.05,0.00012167094598546905,13.263943248839098,0.007109584483917037,0.12744056544671015,0.0
1707,1.0,0.05,0.00012167094598546905,13.263943248839098,0.006830125546226189,0.12744056544671015,0.0
1708,1.0,0.05,0.00012167094598546905,11.692389516308594,0.006830125546226189,0.12744056544671015,0.0
1709,1.0,0.05,0.00012167094598546905,11.692389516308594,0.006830125546226189,0.12744056544671015,0.0
1710,1.0,0.05,0.00012167094598546905,13.123787989844502,0.006830125546226189,0.12417973476535496,0.0
1711,1.0,0.05,0.00012167094598546905,13.123787989844502,0.006830125546226189,0.12417973476535496,0.0
1712,1.0,0.05,0.00012167094598546905,13.123787989844502,0.006830125546226189,0.12417973476535496,0.0
1713,1.0,0.05,0.00012167094598546905,13.123787989844502,0.006830125546226189,0.1231209128895352,0.0
1714,1.0,0.05,0.00012167094598546905,13.123787989844502,0.006830125546226189,0.1231209128895352,0.0
1715,1.0,0.05,0.00012167094598546905,8.625156571108008,0.006830125546226189,0.1231209128895352,0.0
1716,1.0,0.05,0.00012167094598546905,8.625156571108008,0.006830125546226189,0.1231209128895352,0.0
1717,1.0,0.05,0.00012167094598546905,8.625156571108008,0.006830125546226189,0.1231209128895352,0.0
1718,1.0,0.05,0.00012167094598546905,8.625156571108008,0.006468346921211768,0.1231209128895352,0.0
1719,1.0,0.05,0.00012167094598546905,8.625156571108008,0.006468346921211768,0.1231209128895352,0.0
1720,1.0,0.05,0.00012167094598546905,10.161231880706097,0.006468346921211768,0.1231209128895352,0.0
1721,1.0,0.05,0.00012167094598546905,10.161231880706097,0.006468346921211768,0.1231209128895352,0.0
1722,1.0,0.05,0.00012167094598546905,12.15556107758428,0.006468346921211768,0.1231209128895352,0.0
1723,1.0,0.05,0.00012167094598546905,12.15556107758428,0.0075022251447738365,0.1231209128895352,0.0
1724,1.0,0.05,0.00012167094598546905,12.15556107758428,0.007111542148158597,0.1209927148716893,0.0
1725,1.0,0.05,0.00012167094598546905,12.15556107758428,0.007111542148158597,0.1209927148716893,0.0
1726,1.0,0.05,0.00012167094598546905,12.15556107758428,0.00779893351610339,0.1209927148716893,0.0
1727,1.0,0.05,0.00012167094598546905,12.15556107758428,0.00779893351610339,0.1209927148716893,0.0
1728,1.0,0.05,0.00012167094598546905,12.15556107758428,0.00779893351610339,0.1209927148716893,0.0
1729,1.0,0.05,0.00011101676791793502,12.15556107758428,0.00779893351610339,0.1209927148716893,0.0
1730,1.0,0.05,0.00011101676791793502,12.15556107758428,0.00779893351610339,0.1209927148716893,0.0
1731,1.0,0.05,0.00011101676791793502,12.15556107758428,0.00779893351610339,0.1209927148716893,0.0
1732,1.0,0.05,0.00011290025910825308,12.15556107758428,0.0077680411656468875,0.1209927148716893,0.0
1733,1.0,0.05,0.00011809556537863725,12.15556107758428,0.007230845400317939,0.11927123753547876,0.0
1734,1.0,0.05,0.00011623310630012205,12.15556107758428,0.007230845400317939,0.11927123753547876,0.0
1735,1.0,0.05,0.00011623310630012205,12.15556107758428,0.007230845400317939,0.11927123753547876,0.0
1736,1.0,0.05,0.00011623310630012205,12.15556107758428,0.007954099466245248,0.13130053521887372,0.0
1737,1.0,0.05,0.00011623310630012205,12.15556107758428,0.007954099466245248,0.13130053521887372,0.0
1738,1.0,0.05,0.00011623310630012205,12.15556107758428,0.007954099466245248,0.13130053521887372,0.0
1739,1.0,0.05,0.00011111695070797782,12.15556107758428,0.007954099466245248,0.13130053521887372,0.0
1740,1.0,0.05,0.000116056351932497,12.15556107758428,0.007954099466245248,0.13130053521887372,0.0
1741,1.0,0.05,0.000116056351932497,12.15556107758428,0.007954099466245248,0.15859116839644613,0.0
1742,1.0,0.05,0.000116056351932497,12.15556107758428,0.007954099466245248,0.15859116839644613,0.0
1743,1.0,0.05,0.000116056351932497,12.15556107758428,0.007954099466245248,0.1455635331770883,0.0
1744,1.0,0.05,0.000116056351932497,10.639851414342047,0.007954099466245248,0.1455635331770883,0.0
1745,1.0,0.05,0.000116056351932497,10.639851414342047,0.007954099466245248,0.1455635331770883,0.0
1746,1.0,0.05,0.000116056351932497,10.639851414342047,0.007954099466245248,0.1455635331770883,0.0
1747,1.0,0.05,0.000116056351932497,10.639851414342047,0.007954099466245248,0.1455635331770883,0.0
1748,1.0,0.05,0.000116056351932497,10.639851414342047,0.007954099466245248,0.1455635331770883,0.0
1749,1.0,0.05,0.000116056351932497,10.639851414342047,0.007954099466245248,0.1455635331770883,0.0
1750,1.0,0.05,0.000116056351932497,11.101087946086949,0.007954099466245248,0.1455635331770883,0.0
1751,1.0,0.05,0.000116056351932497,11.101087946086949,0.007529432669531167,0.1455635331770883,0.0
1752,1.0,0.05,0.000116056351932497,11.101087946086949,0.007529432669531167,0.1455635331770883,0.0
1753,1.0,0.05,0.000116056351932497,6.3296272532475655,0.007529432669531167,0.1618478975879065,0.0
1754,1.0,0.05,0.000116056351932497,6.3296272532475655,0.007529432669531167,0.1618478975879065,0.0
1755,1.0,0.05,0.000116056351932497,6.3296272532475655,0.006514864266602319,0.1618478975879065,0.0
1756,1.0,0.05,0.000116056351932497,6.3296272532475655,0.006514864266602319,0.1618478975879065,0.0
1757,1.0,0.05,0.000116056351932497,6.3296272532475655,0.007171652075305848,0.1618478975879065,0.0
1758,1.0,0.05,0.000116056351932497,6.3296272532475655,0.007171652075305848,0.1618478975879065,0.0
1759,1.0,0.05,0.000116056351932497,11.600839934575106,0.007171652075305848,0.1618478975879065,0.0
1760,1.0,0.05,0.000116056351932497,11.600839934575106,0.007171652075305848,0.1618478975879065,0.0
1761,1.0,0.05,0.000116056351932497,11.62322759319943,0.007171652075305848,0.1574300353596331,0.0
1762,1.0,0.05,0.000116056351932497,9.194370647142975,0.006955868451015435,0.1574300353596331,0.0
1763,1.0,0.05,0.000116056351932497,9.194370647142975,0.006955868451015435,0.16714984617697395,0.0
1764,1.0,0.05,0.00011613561837837693,9.194370647142975,0.006955868451015435,0.16714984617697395,0.0
1765,1.0,0.05,0.00011613561837837693,9.194370647142975,0.006955868451015435,0.1259146211026309,0.0
1766,1.0,0.05,0.00011613561837837693,9.194370647142975,0.006955868451015435,0.1259146211026309,0.0
1767,1.0,0.05,0.00011613561837837693,9.194370647142975,0.006955868451015435,0.1259146211026309,0.0
1768,1.0,0.05,0.00011613561837837693,9.194370647142975,0.006955868451015435,0.1259146211026309,0.0
1769,1.0,0.05,0.00011613561837837693,9.194370647142975,0.006955868451015435,0.1259146211026309,0.0
1770,1.0,0.05,0.00012425189114364534,9.194370647142975,0.006892869243831967,0.1259146211026309,0.0
1771,1.0,0.05,0.00012425189114364534,9.194370647142975,0.006892869243831967,0.1259146211026309,0.0
1772,1.0,0.05,0.00012425189114364534,9.194370647142975,0.006892869243831967,0.11609475154629176,0.0
1773,1.0,0.05,0.00012425189114364534,9.194370647142975,0.006892869243831967,0.11609475154629176,0.0
1774,1.0,0.05,0.00011922489004008041,9.194370647142975,0.0066412896270470105,0.11609475154629176,0.0
1775,1.0,0.05,0.00011922489004008041,9.194370647142975,0.0066412896270470105,0.11609475154629176,0.0
1776,1.0,0.05,0.00011922489004008041,9.542348566241344,0.0066412896270470105,0.12520646900550067,0.0
1777,1.0,0.05,0.00011922489004008041,9.542348566241344,0.0066412896270470105,0.12520646900550067,0.0
1778,1.0,0.05,0.00011922489004008041,9.542348566241344,0.0066412896270470105,0.15474595764689453,0.0
1779,1.0,0.05,0.0001240465666166008,9.542348566241344,0.0066412896270470105,0.15474595764689453,0.0
1780,1.0,0.05,0.0001240465666166008,9.542348566241344,0.0066412896270470105,0.15474595764689453,0.0
1781,1.0,0.05,0.0001240465666166008,9.542348566241344,0.007068944012159867,0.15474595764689453,0.0
1782,1.0,0.05,0.0001240465666166008,9.542348566241344,0.007068944012159867,0.15474595764689453,0.0
1783,1.0,0.05,0.00012102645795775001,9.542348566241344,0.007068944012159867,0.15474595764689453,0.0
1784,1.0,0.05,0.00011923965704794725,9.542348566241344,0.007068944012159867,0.15474595764689453,0.0
1785,1.0,0.05,0.00011923965704794725,9.542348566241344,0.007068944012159867,0.15204639448027724,0.0
1786,1.0,0.05,0.00011381745941057397,7.358389353003389,0.007068944012159867,0.15204639448027724,0.0
1787,1.0,0.05,0.00011777646929753203,7.358389353003389,0.007068944012159867,0.17885876409106788,0.0
1788,1.0,0.05,0.00011777646929753203,7.358389353003389,0.007068944012159867,0.17885876409106788,0.0
1789,1.0,0.05,0.00011777646929753203,7.358389353003389,0.007068944012159867,0.17885876409106788,0.0
1790,1.0,0.05,0.00011777646929753203,7.358389353003389,0.007068944012159867,0.17885876409106788,0.0
1791,1.0,0.05,0.00011777646929753203,7.358389353003389,0.007068944012159867,0.17885876409106788,0.0
1792,1.0,0.05,0.00011777646929753203,7.358389353003389,0.007068944012159867,0.17885876409106788,0.0
1793,1.0,0.05,0.00011968040432519953,7.358389353003389,0.007068944012159867,0.15528668245397012,0.0
1794,1.0,0.05,0.00012133787809181658,7.358389353003389,0.007068944012159867,0.15528668245397012,0.0
1795,1.0,0.05,0.00012133787809181658,7.358389353003389,0.007068944012159867,0.15528668245397012,0.0
1796,1.0,0.05,0.00012133787809181658,7.358389353003389,0.007068944012159867,0.15786882092409513,0.0
1797,1.0,0.05,0.00012133787809181658,7.358389353003389,0.007068944012159867,0.15786882092409513,0.0
1798,1.0,0.05,0.00012133787809181658,8.276117919925468,0.007068944012159867,0.15786882092409513,0.0
1799,1.0,0.05,0.00012133787809181658,8.276117919925468,0.007068944012159867,0.15786882092409513,0.0
1800,1.0,0.05,0.00012133787809181658,8.276117919925468,0.007485704004849528,0.15786882092409513,0.0
1801,1.0,0.05,0.00012133787809181658,8.276117919925468,0.007485704004849528,0.15786882092409513,0.0
1802,1.0,0.05,0.00012133787809181658,8.276117919925468,0.007485704004849528,0.15786882092409513,0.0
1803,1.0,0.05,0.00012133787809181658,8.276117919925468,0.007485704004849528,0.14000481548154903,0.0
1804,1.0,0.05,0.00012133787809181658,8.276117919925468,0.007485704004849528,0.14000481548154903,0.0
1805,1.0,0.05,0.00012133787809181658,6.585368767016945,0.007485704004849528,0.15773133387245597,0.0
1806,1.0,0.05,0.00012133787809181658,6.585368767016945,0.007485704004849528,0.15773133387245597,0.0
1807,1.0,0.05,0.00012133787809181658,6.585368767016945,0.007485704004849528,0.15773133387245597,0.0
1808,1.0,0.05,0.00012133787809181658,6.585368767016945,0.007485704004849528,0.15773133387245597,0.0
1809,1.0,0.05,0.00012133787809181658,6.585368767016945,0.007485704004849528,0.15773133387245597,0.0
1810,1.0,0.05,0.00012133787809181658,6.585368767016945,0.007485704004849528,0.15773133387245597,0.0
1811,1.0,0.05,0.00012133787809181658,6.585368767016945,0.007485704004849528,0.15773133387245597,0.0
1812,1.0,0.05,0.00012153238044080385,6.585368767016945,0.007324977112416305,0.15773133387245597,0.0
1813,1.0,0.05,0.00012153238044080385,6.585368767016945,0.007324977112416305,0.15773133387245597,0.0
1814,1.0,0.05,0.00012153238044080385,6.585368767016945,0.007324977112416305,0.15773133387245597,0.0
1815,1.0,0.05,0.00012153238044080385,6.585368767016945,0.007324977112416305,0.15773133387245597,0.0
1816,1.0,0.05,0.00012153238044080385,6.585368767016945,0.007115480240856686,0.15773133387245597,0.0
1817,1.0,0.05,0.00012153238044080385,8.755761927130166,0.007115480240856686,0.15773133387245597,0.0
1818,1.0,0.05,0.00012153238044080385,8.755761927130166,0.007275764819011831,0.15773133387245597,0.0
1819,1.0,0.05,0.00012153238044080385,8.96989395696535,0.007275764819011831,0.15773133387245597,0.0
1820,1.0,0.05,0.00012153238044080385,8.96989395696535,0.007275764819011831,0.15773133387245597,0.0
1821,1.0,0.05,0.00012153238044080385,8.96989395696535,0.007275764819011831,0.15773133387245597,0.0
1822,1.0,0.05,0.00012153238044080385,8.96989395696535,0.006951645238558838,0.15773133387245597,0.0
1823,1.0,0.05,0.00012153238044080385,8.96989395696535,0.006951645238558838,0.15773133387245597,0.0
1824,1.0,0.05,0.00012153238044080385,8.96989395696535,0.006951645238558838,0.15773133387245597,0.0
1825,1.0,0.05,0.00012153238044080385,8.96989395696535,0.006951645238558838,0.15773133387245597,0.0
1826,1.0,0.05,0.00012153238044080385,8.96989395696535,0.00721789796852929,0.15773133387245597,0.0
1827,1.0,0.05,0.00012153238044080385,8.96989395696535,0.00721789796852929,0.14551524857512838,0.0
1828,1.0,0.05,0.00012153238044080385,8.96989395696535,0.00721789796852929,0.14551524857512838,0.0
1829,1.0,0.05,0.00012153238044080385,8.96989395696535,0.00721789796852929,0.14551524857512838,0.0
1830,1.0,0.05,0.00012153238044080385,8.96989395696535,0.00721789796852929,0.14551524857512838,0.0
1831,1.0,0.05,0.00012153238044080385,8.96989395696535,0.00721789796852929,0.13640087338165732,0.0
1832,1.0,0.05,0.00012153238044080385,8.96989395696535,0.00721789796852929,0.13640087338165732,0.0
1833,1.0,0.05,0.00012153238044080385,8.96989395696535,0.00721789796852929,0.13640087338165732,0.0
1834,1.0,0.05,0.00012153238044080385,8.96989395696535,0.00721789796852929,0.13640087338165732,0.0
1835,1.0,0.05,0.00012153238044080385,8.96989395696535,0.00721789796852929,0.13640087338165732,0.0
1836,1.0,0.05,0.00012153238044080385,8.96989395696535,0.00721789796852929,0.13640087338165732,0.0
1837,1.0,0.05,0.00012153238044080385,8.96989395696535,0.007293823386258205,0.13640087338165732,0.0
1838,1.0,0.05,0.00012153238044080385,8.96989395696535,0.007293823386258205,0.13640087338165732,0.0
1839,1.0,0.05,0.00012153238044080385,8.96989395696535,0.007293823386258205,0.13640087338165732,0.0
1840,1.0,0.05,0.00012153238044080385,8.96989395696535,0.007293823386258205,0.13640087338165732,0.0
1841,1.0,0.05,0.00012153238044080385,8.96989395696535,0.007293823386258205,0.13640087338165732,0.0
1842,1.0,0.05,0.00012153238044080385,8.96989395696535,0.007293823386258205,0.13640087338165732,0.0
1843,1.0,0.05,0.00012153238044080385,8.96989395696535,0.007293823386258205,0.13640087338165732,0.0
1844,1.0,0.05,0.00012153238044080385,8.96989395696535,0.006912377157072136,0.13640087338165732,0.0
1845,1.0,0.05,0.00012153238044080385,8.96989395696535,0.006912377157072136,0.13640087338165732,0.0
1846,1.0,0.05,0.00012153238044080385,8.96989395696535,0.006912377157072136,0.13640087338165732,0.0
1847,1.0,0.05,0.00012153238044080385,8.96989395696535,0.006912377157072136,0.13640087338165732,0.0
1848,1.0,0.05,0.00012153238044080385,8.96989395696535,0.006912377157072136,0.13640087338165732,0.0
1849,1.0,0.05,0.0001245852887149588,8.96989395696535,0.006912377157072136,0.13640087338165732,0.0
1850,1.0,0.05,0.0001245852887149588,8.96989395696535,0.006912377157072136,0.13640087338165732,0.0
1851,1.0,0.05,0.0001245852887149588,8.96989395696535,0.006912377157072136,0.13640087338165732,0.0
1852,1.0,0.05,0.0001245852887149588,8.96989395696535,0.006912377157072136,0.13640087338165732,0.0
1853,1.0,0.05,0.0001245852887149588,8.96989395696535,0.006912377157072136,0.13640087338165732,0.0
1854,1.0,0.05,0.0001245852887149588,10.741211748564666,0.006912377157072136,0.13640087338165732,0.0
1855,1.0,0.05,0.0001245852887149588,10.741211748564666,0.006912377157072136,0.13640087338165732,0.0
1856,1.0,0.05,0.0001245852887149588,10.741211748564666,0.006912377157072136,0.09674133875148061,0.0
1857,1.0,0.05,0.0001245852887149588,10.741211748564666,0.006912377157072136,0.09674133875148061,0.0
1858,1.0,0.05,0.0001245852887149588,10.556914046604263,0.006912377157072136,0.09674133875148061,0.0
1859,1.0,0.05,0.0001245852887149588,10.556914046604263,0.006912377157072136,0.09674133875148061,0.0
1860,1.0,0.05,0.0001245852887149588,10.556914046604263,0.006912377157072136,0.09674133875148061,0.0
1861,1.0,0.05,0.0001245852887149588,15.242744486090416,0.006912377157072136,0.09674133875148061,0.0
1862,1.0,0.05,0.0001245852887149588,15.242744486090416,0.006912377157072136,0.09674133875148061,0.0
1863,1.0,0.05,0.0001245852887149588,15.242744486090416,0.006912377157072136,0.10876095686523293,0.0
1864,1.0,0.05,0.0001245852887149588,15.242744486090416,0.006912377157072136,0.10876095686523293,0.0
1865,1.0,0.05,0.0001245852887149588,15.242744486090416,0.007032250527812377,0.10876095686523293,0.0
1866,1.0,0.05,0.0001245852887149588,15.242744486090416,0.007032250527812377,0.10876095686523293,0.0
1867,1.0,0.05,0.0001245852887149588,15.242744486090416,0.007323778617035256,0.09977262536048259,0.0
1868,1.0,0.05,0.0001245852887149588,15.242744486090416,0.007066369151885694,0.09977262536048259,0.0
1869,1.0,0.05,0.0001245852887149588,15.242744486090416,0.006685151959734339,0.09156925385963846,0.0
1870,1.0,0.05,0.0001245852887149588,15.242744486090416,0.006004600083700601,0.09156925385963846,0.0
1871,1.0,0.05,0.0001245852887149588,10.762954277613332,0.006004600083700601,0.09156925385963846,0.0
1872,1.0,0.05,0.0001245852887149588,10.762954277613332,0.006004600083700601,0.09156925385963846,0.0
1873,1.0,0.05,0.0001245852887149588,10.762954277613332,0.006004600083700601,0.09156925385963846,0.0
1874,1.0,0.05,0.0001245852887149588,10.762954277613332,0.006352132537062985,0.1226850316066641,0.0
1875,1.0,0.05,0.0001245852887149588,10.836848095026781,0.006352132537062985,0.1226850316066641,0.0
1876,1.0,0.05,0.0001245852887149588,10.836848095026781,0.006352132537062985,0.1226850316066641,0.0
1877,1.0,0.05,0.0001245852887149588,10.836848095026781,0.006352132537062985,0.1226850316066641,0.0
1878,1.0,0.05,0.0001245852887149588,10.836848095026781,0.006624368518941013,0.1226850316066641,0.0
1879,1.0,0.05,0.0001214609804898879,10.836848095026781,0.006589502957074361,0.1226850316066641,0.0
1880,1.0,0.05,0.0001214609804898879,10.836848095026781,0.006589502957074361,0.1226850316066641,0.0
1881,1.0,0.05,0.0001214609804898879,10.836848095026781,0.006589502957074361,0.1226850316066641,0.0
1882,1.0,0.05,0.0001214609804898879,10.836848095026781,0.006589502957074361,0.1226850316066641,0.0
1883,1.0,0.05,0.0001214609804898879,10.836848095026781,0.006589502957074361,0.1226850316066641,0.0
1884,1.0,0.05,0.0001214609804898879,10.836848095026781,0.006589502957074361,0.1226850316066641,0.0
1885,1.0,0.05,0.0001214609804898879,10.836848095026781,0.007310856323475625,0.1226850316066641,0.0
1886,1.0,0.05,0.0001214609804898879,10.836848095026781,0.007310856323475625,0.1226850316066641,0.0
1887,1.0,0.05,0.0001214609804898879,10.836848095026781,0.007310856323475625,0.13990338971704092,0.0
1888,1.0,0.05,0.0001214609804898879,10.836848095026781,0.0064279913333484635,0.13990338971704092,0.0
1889,1.0,0.05,0.0001214609804898879,10.836848095026781,0.0064279913333484635,0.13990338971704092,0.0
1890,1.0,0.05,0.0001214609804898879,8.057254482044598,0.006857915777326245,0.13990338971704092,0.0
1891,1.0,0.05,0.0001214609804898879,8.057254482044598,0.006857915777326245,0.13990338971704092,0.0
1892,1.0,0.05,0.0001214609804898879,8.057254482044598,0.007230585160120469,0.13990338971704092,0.0
1893,1.0,0.05,0.0001214609804898879,8.057254482044598,0.007230585160120469,0.13990338971704092,0.0
1894,1.0,0.05,0.0001214609804898879,8.057254482044598,0.007230585160120469,0.13990338971704092,0.0
1895,1.0,0.05,0.0001214609804898879,8.057254482044598,0.007230585160120469,0.1686815374625705,0.0
1896,1.0,0.05,0.0001214609804898879,8.057254482044598,0.007230585160120469,0.12713507362591162,0.0
1897,1.0,0.05,0.0001214609804898879,8.057254482044598,0.007230585160120469,0.12713507362591162,0.0
1898,1.0,0.05,0.0001214609804898879,8.057254482044598,0.007230585160120469,0.12713507362591162,0.0
1899,1.0,0.05,0.0001214609804898879,8.057254482044598,0.007230585160120469,0.12713507362591162,0.0
1900,1.0,0.05,0.0001214609804898879,8.057254482044598,0.007230585160120469,0.12713507362591162,0.0
1901,1.0,0.05,0.0001214609804898879,8.057254482044598,0.007230585160120469,0.12713507362591162,0.0
1902,1.0,0.05,0.0001214609804898879,7.960213315388145,0.007230585160120469,0.12713507362591162,0.0
1903,1.0,0.05,0.00012352857489545104,7.960213315388145,0.007230585160120469,0.12713507362591162,0.0
1904,1.0,0.05,0.00012565094921698942,7.960213315388145,0.007230585160120469,0.12713507362591162,0.0
1905,1.0,0.05,0.00012565094921698942,7.960213315388145,0.007230585160120469,0.12713507362591162,0.0
1906,1.0,0.05,0.00012565094921698942,7.960213315388145,0.007230585160120469,0.13895706936156832,0.0
1907,1.0,0.05,0.00012565094921698942,7.960213315388145,0.007230585160120469,0.13895706936156832,0.0
1908,1.0,0.05,0.00012565094921698942,7.960213315388145,0.007230585160120469,0.13895706936156832,0.0
1909,1.0,0.05,0.00012565094921698942,7.960213315388145,0.007230585160120469,0.13895706936156832,0.0
1910,1.0,0.05,0.00012565094921698942,7.960213315388145,0.007230585160120469,0.13895706936156832,0.0
1911,1.0,0.05,0.00011284703052390732,12.036051266025453,0.007269151144908948,0.13895706936156832,0.0
1912,1.0,0.05,0.00011284703052390732,12.036051266025453,0.007269151144908948,0.13895706936156832,0.0
1913,1.0,0.05,0.00011284703052390732,12.036051266025453,0.007269151144908948,0.13895706936156832,0.0
1914,1.0,0.05,0.00011284703052390732,12.036051266025453,0.007269151144908948,0.13895706936156832,0.0
1915,1.0,0.05,0.00011284703052390732,12.036051266025453,0.007828029799469565,0.13778323016420535,0.0
1916,1.0,0.05,0.00011284703052390732,12.036051266025453,0.007828029799469565,0.13778323016420535,0.0
1917,1.0,0.05,0.00011284703052390732,12.036051266025453,0.007828029799469565,0.13778323016420535,0.0
1918,1.0,0.05,0.00011284703052390732,12.036051266025453,0.007828029799469565,0.13778323016420535,0.0
1919,1.0,0.05,0.00011284703052390732,12.036051266025453,0.007828029799469565,0.1626396221221425,0.0
1920,1.0,0.05,0.00011284703052390732,8.566342249638126,0.007828029799469565,0.1626396221221425,0.0
1921,1.0,0.05,0.00011284703052390732,8.566342249638126,0.007828029799469565,0.1626396221221425,0.0
1922,1.0,0.05,0.00011284703052390732,8.566342249638126,0.007828029799469565,0.1626396221221425,0.0
1923,1.0,0.05,0.00011913723781388288,8.566342249638126,0.007828029799469565,0.1513706956872463,0.0
1924,1.0,0.05,0.00011913723781388288,8.566342249638126,0.007828029799469565,0.1513706956872463,0.0
1925,1.0,0.05,0.00011913723781388288,8.566342249638126,0.007828029799469565,0.1513706956872463,0.0
1926,1.0,0.05,0.00011913723781388288,8.566342249638126,0.007828029799469565,0.1513706956872463,0.0
1927,1.0,0.05,0.00011913723781388288,8.566342249638126,0.007331910352648783,0.1513706956872463,0.0
1928,1.0,0.05,0.00011913723781388288,8.566342249638126,0.007062565516497233,0.1513706956872463,0.0
1929,1.0,0.05,0.00012681977995577522,8.566342249638126,0.007062565516497233,0.13700317536004328,0.0
1930,1.0,0.05,0.00012681977995577522,8.566342249638126,0.007062565516497233,0.13700317536004328,0.0
1931,1.0,0.05,0.00012681977995577522,8.566342249638126,0.007062565516497233,0.13700317536004328,0.0
1932,1.0,0.05,0.00012681977995577522,8.566342249638126,0.007062565516497233,0.13700317536004328,0.0
1933,1.0,0.05,0.00012681977995577522,8.566342249638126,0.007062565516497233,0.13700317536004328,0.0
1934,1.0,0.05,0.00012681977995577522,8.566342249638126,0.006843645644643376,0.13700317536004328,0.0
1935,1.0,0.05,0.00012681977995577522,8.566342249638126,0.006843645644643376,0.13700317536004328,0.0
1936,1.0,0.05,0.00012681977995577522,8.566342249638126,0.006843645644643376,0.13700317536004328,0.0
1937,1.0,0.05,0.00012681977995577522,8.566342249638126,0.006843645644643376,0.13700317536004328,0.0
1938,1.0,0.05,0.00012681977995577522,8.566342249638126,0.006843645644643376,0.13700317536004328,0.0
1939,1.0,0.05,0.00012681977995577522,8.566342249638126,0.007152084497714066,0.11182475579622131,0.0
1940,1.0,0.05,0.00012681977995577522,8.566342249638126,0.007152084497714066,0.11182475579622131,0.0
1941,1.0,0.05,0.00012681977995577522,8.566342249638126,0.007152084497714066,0.11552644555277639,0.0
1942,1.0,0.05,0.00012681977995577522,8.566342249638126,0.007152084497714066,0.14071186510793485,0.0
1943,1.0,0.05,0.00012681977995577522,8.566342249638126,0.007298022821834746,0.14071186510793485,0.0
1944,1.0,0.05,0.00012681977995577522,8.566342249638126,0.006521230141633367,0.13277183366957612,0.0
1945,1.0,0.05,0.00012681977995577522,8.566342249638126,0.006521230141633367,0.13277183366957612,0.0
1946,1.0,0.05,0.00012681977995577522,8.566342249638126,0.006521230141633367,0.13277183366957612,0.0
1947,1.0,0.05,0.00012681977995577522,8.566342249638126,0.006521230141633367,0.13277183366957612,0.0
1948,1.0,0.05,0.00012681977995577522,8.566342249638126,0.006521230141633367,0.11671168844237767,0.0
1949,1.0,0.05,0.00012681977995577522,8.566342249638126,0.006521230141633367,0.11671168844237767,0.0
1950,1.0,0.05,0.0001286734672132123,8.566342249638126,0.00583856577124168,0.11671168844237767,0.0
1951,1.0,0.05,0.0001286734672132123,8.566342249638126,0.00583856577124168,0.11671168844237767,0.0
1952,1.0,0.05,0.0001286734672132123,8.566342249638126,0.00583856577124168,0.11671168844237767,0.0
1953,1.0,0.05,0.0001286734672132123,8.566342249638126,0.006153762580760227,0.11671168844237767,0.0
1954,1.0,0.05,0.0001286734672132123,8.566342249638126,0.006153762580760227,0.11671168844237767,0.0
1955,1.0,0.05,0.00012436512306230932,8.566342249638126,0.006153762580760227,0.11671168844237767,0.0
1956,1.0,0.05,0.00012794632157783206,8.566342249638126,0.006153762580760227,0.11671168844237767,0.0
1957,1.0,0.05,0.00012794632157783206,8.566342249638126,0.006153762580760227,0.11671168844237767,0.0
1958,1.0,0.05,0.00012794632157783206,8.566342249638126,0.006153762580760227,0.11440859939708468,0.0
1959,1.0,0.05,0.00012794632157783206,8.566342249638126,0.006153762580760227,0.11440859939708468,0.0
1960,1.0,0.05,0.00012794632157783206,8.566342249638126,0.006249345688736098,0.11440859939708468,0.0
1961,1.0,0.05,0.00012794632157783206,8.566342249638126,0.006249345688736098,0.11440859939708468,0.0
1962,1.0,0.05,0.00012794632157783206,8.566342249638126,0.006249345688736098,0.11440859939708468,0.0
1963,1.0,0.05,0.00012794632157783206,8.566342249638126,0.006249345688736098,0.11440859939708468,0.0
1964,1.0,0.05,0.00012794632157783206,8.566342249638126,0.006249345688736098,0.11440859939708468,0.0
1965,1.0,0.05,0.0001243875130682452,8.566342249638126,0.005859067975191625,0.11440859939708468,0.0
1966,1.0,0.05,0.0001243875130682452,8.566342249638126,0.006692779540436731,0.11440859939708468,0.0
1967,1.0,0.05,0.0001243875130682452,8.566342249638126,0.006049213669177652,0.11440859939708468,0.0
1968,1.0,0.05,0.0001243875130682452,8.566342249638126,0.006049213669177652,0.11440859939708468,0.0
1969,1.0,0.05,0.0001243875130682452,8.566342249638126,0.006049213669177652,0.11440859939708468,0.0
1970,1.0,0.05,0.0001243875130682452,8.566342249638126,0.006259011463190972,0.13451985772525077,0.0
1971,1.0,0.05,0.0001243875130682452,8.566342249638126,0.007572543700718163,0.13451985772525077,0.0
1972,1.0,0.05,0.0001243875130682452,8.566342249638126,0.007572543700718163,0.13451985772525077,0.0
1973,1.0,0.05,0.0001243875130682452,8.566342249638126,0.007261957164379025,0.13093642838622793,0.0
1974,1.0,0.05,0.0001243875130682452,8.566342249638126,0.007261957164379025,0.13093642838622793,0.0
1975,1.0,0.05,0.0001243875130682452,8.566342249638126,0.007261957164379025,0.10582650207760261,0.0
1976,1.0,0.05,0.0001243875130682452,8.566342249638126,0.006922907594593538,0.10582650207760261,0.0
1977,1.0,0.05,0.0001243875130682452,8.566342249638126,0.006922907594593538,0.10582650207760261,0.0
1978,1.0,0.05,0.0001243875130682452,8.566342249638126,0.006922907594593538,0.10582650207760261,0.0
1979,1.0,0.05,0.0001243875130682452,8.566342249638126,0.006922907594593538,0.10582650207760261,0.0
1980,1.0,0.05,0.0001243875130682452,8.566342249638126,0.006922907594593538,0.10582650207760261,0.0
1981,1.0,0.05,0.0001243875130682452,8.566342249638126,0.006922907594593538,0.1586746541539996,0.0
1982,1.0,0.05,0.0001243875130682452,8.566342249638126,0.006922907594593538,0.1586746541539996,0.0
1983,1.0,0.05,0.0001243875130682452,8.566342249638126,0.006922907594593538,0.1586746541539996,0.0
1984,1.0,0.05,0.0001243875130682452,8.566342249638126,0.006922907594593538,0.1586746541539996,0.0
1985,1.0,0.05,0.00012267715325808002,9.689743147956762,0.006922907594593538,0.1586746541539996,0.0
1986,1.0,0.05,0.00012267715325808002,9.689743147956762,0.006922907594593538,0.13114888761906873,0.0
1987,1.0,0.05,0.00012267715325808002,9.689743147956762,0.00741808952287371,0.13114888761906873,0.0
1988,1.0,0.05,0.00012267715325808002,9.689743147956762,0.00741808952287371,0.13114888761906873,0.0
1989,1.0,0.05,0.00012267715325808002,9.689743147956762,0.006007940628489291,0.11828359288694455,0.0
1990,1.0,0.05,0.00012267715325808002,9.689743147956762,0.007073724353045139,0.11828359288694455,0.0
1991,1.0,0.05,0.00012267715325808002,11.602603810123696,0.006427771903593951,0.11828359288694455,0.0
1992,1.0,0.05,0.00012267715325808002,11.602603810123696,0.006427771903593951,0.11828359288694455,0.0
1993,1.0,0.05,0.00012267715325808002,11.602603810123696,0.006427771903593951,0.11828359288694455,0.0
1994,1.0,0.05,0.00012267715325808002,11.602603810123696,0.006328909834214432,0.11828359288694455,0.0
1995,1.0,0.05,0.00012267715325808002,11.602603810123696,0.006328909834214432,0.1126256703362094,0.0
1996,1.0,0.05,0.00012267715325808002,11.602603810123696,0.006328909834214432,0.1126256703362094,0.0
1997,1.0,0.05,0.00012267715325808002,11.602603810123696,0.0063539674289022526,0.1126256703362094,0.0
1998,1.0,0.05,0.00012267715325808002,11.602603810123696,0.0063539674289022526,0.1126256703362094,0.0
1999,1.0,0.05,0.00012267715325808002,15.517559969940862,0.0063539674289022526,0.1126256703362094,0.0
2000,1.0,0.05,0.00012267715325808002,10.317199042294575,0.006613509116359457,0.1126256703362094,0.0
2001,1.0,0.05,0.00012267715325808002,10.317199042294575,0.006613509116359457,0.1126256703362094,0.0
2002,1.0,0.05,0.00012267715325808002,10.317199042294575,0.006613509116359457,0.1126256703362094,0.0
2003,1.0,0.05,0.00012267715325808002,10.317199042294575,0.006613509116359457,0.1126256703362094,0.0
2004,1.0,0.05,0.00012267715325808002,10.317199042294575,0.006613509116359457,0.1126256703362094,0.0
2005,1.0,0.05,0.00012267715325808002,10.317199042294575,0.006613509116359457,0.1126256703362094,0.0
2006,1.0,0.05,0.00012267715325808002,10.317199042294575,0.006613509116359457,0.1126256703362094,0.0
2007,1.0,0.05,0.00012267715325808002,9.601954691857301,0.006613509116359457,0.1126256703362094,0.0
2008,1.0,0.05,0.00012267715325808002,9.601954691857301,0.006613509116359457,0.13907899056951756,0.0
2009,1.0,0.05,0.00012267715325808002,9.601954691857301,0.006385901498967134,0.13907899056951756,0.0
2010,1.0,0.05,0.00012267715325808002,11.330403919023027,0.006385901498967134,0.13907899056951756,0.0
2011,1.0,0.05,0.00012267715325808002,11.330403919023027,0.006385901498967134,0.13907899056951756,0.0
2012,1.0,0.05,0.00012267715325808002,11.330403919023027,0.006385901498967134,0.13907899056951756,0.0
2013,1.0,0.05,0.00012267715325808002,11.330403919023027,0.006385901498967134,0.13907899056951756,0.0
2014,1.0,0.05,0.00012267715325808002,11.330403919023027,0.006385901498967134,0.13907899056951756,0.0
2015,1.0,0.05,0.00012267715325808002,11.330403919023027,0.006385901498967134,0.13907899056951756,0.0
2016,1.0,0.05,0.00012267715325808002,11.330403919023027,0.006385901498967134,0.13907899056951756,0.0
2017,1.0,0.05,0.00012267715325808002,11.330403919023027,0.007033350560524051,0.08858419881421496,0.0
2018,1.0,0.05,0.00012418047225077862,11.330403919023027,0.007033350560524051,0.08858419881421496,0.0
2019,1.0,0.05,0.00012564502001094962,11.330403919023027,0.007033350560524051,0.08858419881421496,0.0
2020,1.0,0.05,0.00012564502001094962,11.330403919023027,0.007033350560524051,0.08858419881421496,0.0
2021,1.0,0.05,0.00012564502001094962,11.330403919023027,0.007033350560524051,0.08858419881421496,0.0
2022,1.0,0.05,0.00012564502001094962,11.330403919023027,0.007033350560524051,0.11569779825032395,0.0
2023,1.0,0.05,0.00012564502001094962,10.465301064943205,0.007033350560524051,0.11569779825032395,0.0
2024,1.0,0.05,0.00012564502001094962,10.465301064943205,0.007033350560524051,0.11569779825032395,0.0
2025,1.0,0.05,0.00012564502001094962,10.465301064943205,0.007033350560524051,0.11569779825032395,0.0
2026,1.0,0.05,0.00012564502001094962,10.465301064943205,0.007033350560524051,0.11569779825032395,0.0
2027,1.0,0.05,0.00012564502001094962,10.465301064943205,0.007033350560524051,0.11569779825032395,0.0
2028,1.0,0.05,0.00012564502001094962,10.465301064943205,0.007033350560524051,0.11569779825032395,0.0
2029,1.0,0.05,0.0001200722398845276,10.465301064943205,0.007033350560524051,0.11569779825032395,0.0
2030,1.0,0.05,0.00011914079003480617,10.465301064943205,0.007033350560524051,0.11569779825032395,0.0
2031,1.0,0.05,0.00011914079003480617,10.465301064943205,0.007033350560524051,0.13688680309659437,0.0
2032,1.0,0.05,0.00011914079003480617,10.465301064943205,0.006741543559330298,0.13688680309659437,0.0
2033,1.0,0.05,0.00011914079003480617,10.465301064943205,0.006741543559330298,0.13688680309659437,0.0
2034,1.0,0.05,0.00011914079003480617,10.465301064943205,0.006741543559330298,0.13688680309659437,0.0
2035,1.0,0.05,0.00011914079003480617,10.465301064943205,0.006741543559330298,0.13688680309659437,0.0
2036,1.0,0.05,0.00011914079003480617,10.465301064943205,0.006741543559330298,0.1423603935062208,0.0
2037,1.0,0.05,0.00011914079003480617,10.465301064943205,0.006741543559330298,0.1423603935062208,0.0
2038,1.0,0.05,0.00011914079003480617,10.564063625944414,0.006741543559330298,0.1423603935062208,0.0
2039,1.0,0.05,0.00011914079003480617,10.564063625944414,0.006741543559330298,0.1423603935062208,0.0
2040,1.0,0.05,0.00011914079003480617,10.564063625944414,0.006741543559330298,0.1423603935062208,0.0
2041,1.0,0.05,0.00011914079003480617,10.564063625944414,0.006741543559330298,0.1423603935062208,0.0
2042,1.0,0.05,0.00011914079003480617,10.564063625944414,0.006741543559330298,0.1423603935062208,0.0
2043,1.0,0.05,0.00011914079003480617,10.564063625944414,0.006741543559330298,0.1423603935062208,0.0
2044,1.0,0.05,0.00011914079003480617,10.564063625944414,0.006741543559330298,0.1423603935062208,0.0
2045,1.0,0.05,0.00011914079003480617,7.251221153619653,0.006741543559330298,0.15526334230829872,0.0
2046,1.0,0.05,0.00011914079003480617,7.251221153619653,0.006741543559330298,0.15526334230829872,0.0
2047,1.0,0.05,0.00011914079003480617,11.04473038030605,0.006741543559330298,0.15526334230829872,0.0
2048,1.0,0.05,0.00011914079003480617,9.402531113790175,0.006741543559330298,0.15526334230829872,0.0
2049,1.0,0.05,0.00011914079003480617,9.402531113790175,0.006712404500308468,0.15526334230829872,0.0
2050,1.0,0.05,0.00011914079003480617,9.402531113790175,0.006712404500308468,0.15526334230829872,0.0
2051,1.0,0.05,0.00011914079003480617,9.402531113790175,0.006712404500308468,0.15526334230829872,0.0
2052,1.0,0.05,0.00011914079003480617,9.402531113790175,0.006712404500308468,0.15526334230829872,0.0
2053,1.0,0.05,0.00011585863305980606,9.402531113790175,0.006712404500308468,0.15526334230829872,0.0
2054,1.0,0.05,0.00011585863305980606,9.402531113790175,0.006712404500308468,0.15526334230829872,0.0
2055,1.0,0.05,0.00012066690889768669,9.402531113790175,0.006712404500308468,0.15526334230829872,0.0
2056,1.0,0.05,0.00012066690889768669,9.402531113790175,0.006712404500308468,0.15526334230829872,0.0
2057,1.0,0.05,0.00012066690889768669,9.402531113790175,0.006712404500308468,0.11622244835390957,0.0
2058,1.0,0.05,0.00012066690889768669,9.402531113790175,0.006712404500308468,0.11622244835390957,0.0
2059,1.0,0.05,0.00012066690889768669,9.402531113790175,0.006712404500308468,0.11622244835390957,0.0
2060,1.0,0.05,0.00012066690889768669,9.402531113790175,0.006502569674832078,0.11802271561464932,0.0
2061,1.0,0.05,0.00012066690889768669,9.402531113790175,0.006502569674832078,0.1143799519076377,0.0
2062,1.0,0.05,0.00012545659949091985,9.402531113790175,0.006495215081486095,0.1143799519076377,0.0
2063,1.0,0.05,0.00012545659949091985,9.402531113790175,0.006495215081486095,0.1143799519076377,0.0
2064,1.0,0.05,0.00012545659949091985,9.927188487732124,0.006495215081486095,0.1143799519076377,0.0
2065,1.0,0.05,0.00012545659949091985,9.927188487732124,0.006155957813039901,0.1143799519076377,0.0
2066,1.0,0.05,0.00012545659949091985,9.927188487732124,0.006155957813039901,0.1143799519076377,0.0
2067,1.0,0.05,0.00012545659949091985,9.927188487732124,0.006155957813039901,0.1143799519076377,0.0
2068,1.0,0.05,0.00012545659949091985,9.927188487732124,0.006155957813039901,0.1143799519076377,0.0
2069,1.0,0.05,0.00012545659949091985,9.927188487732124,0.007298472016886244,0.1143799519076377,0.0
2070,1.0,0.05,0.00012545659949091985,9.927188487732124,0.007463861778257276,0.12141141460567717,0.0
2071,1.0,0.05,0.00012545659949091985,9.927188487732124,0.007463861778257276,0.12263363126249002,0.0
2072,1.0,0.05,0.00012545659949091985,9.927188487732124,0.007463861778257276,0.12263363126249002,0.0
2073,1.0,0.05,0.00012545659949091985,9.927188487732124,0.007463861778257276,0.12263363126249002,0.0
2074,1.0,0.05,0.00011939839764087793,9.927188487732124,0.007146597903697498,0.13318913518150088,0.0
2075,1.0,0.05,0.00011939839764087793,9.927188487732124,0.007146597903697498,0.13318913518150088,0.0
2076,1.0,0.05,0.00011939839764087793,9.927188487732124,0.007146597903697498,0.13318913518150088,0.0
2077,1.0,0.05,0.00011939839764087793,11.898013226305949,0.007146597903697498,0.13318913518150088,0.0
2078,1.0,0.05,0.00012262203181031864,9.59403247134712,0.007146597903697498,0.13318913518150088,0.0
2079,1.0,0.05,0.00012262203181031864,9.59403247134712,0.007146597903697498,0.13318913518150088,0.0
2080,1.0,0.05,0.00012262203181031864,9.59403247134712,0.007146597903697498,0.13318913518150088,0.0
2081,1.0,0.05,0.00012262203181031864,9.59403247134712,0.007146597903697498,0.13318913518150088,0.0
2082,1.0,0.05,0.00012262203181031864,9.59403247134712,0.007146597903697498,0.13953604164070477,0.0
2083,1.0,0.05,0.00012262203181031864,9.59403247134712,0.007146597903697498,0.13953604164070477,0.0
2084,1.0,0.05,0.00012262203181031864,9.59403247134712,0.007146597903697498,0.13953604164070477,0.0
2085,1.0,0.05,0.00012262203181031864,9.59403247134712,0.00666302784616817,0.13953604164070477,0.0
2086,1.0,0.05,0.00012262203181031864,9.59403247134712,0.00666302784616817,0.10943591236053873,0.0
2087,1.0,0.05,0.00012262203181031864,9.59403247134712,0.00666302784616817,0.10943621050039706,0.0
2088,1.0,0.05,0.00012262203181031864,9.59403247134712,0.00666302784616817,0.10943621050039706,0.0
2089,1.0,0.05,0.00012262203181031864,9.59403247134712,0.00666302784616817,0.10943621050039706,0.0
2090,1.0,0.05,0.00012262203181031864,9.59403247134712,0.00666302784616817,0.14332753412230811,0.0
2091,1.0,0.05,0.00012262203181031864,9.59403247134712,0.00666302784616817,0.14332753412230811,0.0
2092,1.0,0.05,0.00012262203181031864,9.59403247134712,0.007244036363651678,0.14332753412230811,0.0
2093,1.0,0.05,0.00012262203181031864,9.59403247134712,0.007244036363651678,0.14332753412230811,0.0
2094,1.0,0.05,0.00011892238543885425,9.59403247134712,0.007244036363651678,0.14332753412230811,0.0
2095,1.0,0.05,0.00011892238543885425,9.59403247134712,0.007244036363651678,0.14332753412230811,0.0
2096,1.0,0.05,0.00011892238543885425,9.59403247134712,0.007244036363651678,0.1654877538697089,0.0
2097,1.0,0.05,0.00011892238543885425,9.59403247134712,0.007244036363651678,0.1654877538697089,0.0
2098,1.0,0.05,0.00011892238543885425,9.59403247134712,0.007244036363651678,0.1654877538697089,0.0
2099,1.0,0.05,0.00011892238543885425,9.59403247134712,0.007244036363651678,0.1405316010758559,0.0
2100,1.0,0.05,0.00011892238543885425,9.59403247134712,0.007244036363651678,0.1405316010758559,0.0
2101,1.0,0.05,0.00011892238543885425,9.59403247134712,0.007244036363651678,0.1405316010758559,0.0
2102,1.0,0.05,0.00011892238543885425,9.59403247134712,0.006342125149390859,0.1405316010758559,0.0
2103,1.0,0.05,0.00011892238543885425,13.943052163608144,0.006342125149390859,0.1405316010758559,0.0
2104,1.0,0.05,0.00011892238543885425,8.331394430376378,0.006342125149390859,0.1405316010758559,0.0
2105,1.0,0.05,0.00011892238543885425,8.331394430376378,0.006342125149390859,0.1405316010758559,0.0
2106,1.0,0.05,0.00011892238543885425,8.331394430376378,0.006342125149390859,0.1405316010758559,0.0
2107,1.0,0.05,0.00011892238543885425,8.331394430376378,0.006342125149390859,0.1405316010758559,0.0
2108,1.0,0.05,0.00011892238543885425,8.331394430376378,0.006342125149390859,0.1405316010758559,0.0
2109,1.0,0.05,0.00011892238543885425,8.331394430376378,0.006486569988224695,0.1405316010758559,0.0
2110,1.0,0.05,0.00011892238543885425,8.331394430376378,0.006486569988224695,0.1405316010758559,0.0
2111,1.0,0.05,0.00011892238543885425,8.331394430376378,0.006486569988224695,0.1405316010758559,0.0
2112,1.0,0.05,0.00011892238543885425,8.331394430376378,0.006972880115970447,0.1405316010758559,0.0
2113,1.0,0.05,0.00011892238543885425,8.331394430376378,0.007723257603330597,0.1405316010758559,0.0
2114,1.0,0.05,0.00011892238543885425,8.331394430376378,0.006813033274061545,0.1405316010758559,0.0
2115,1.0,0.05,0.00011892238543885425,8.331394430376378,0.006813033274061545,0.1405316010758559,0.0
2116,1.0,0.05,0.00011892238543885425,8.331394430376378,0.006813033274061545,0.1405316010758559,0.0
2117,1.0,0.05,0.00011892238543885425,8.331394430376378,0.006813033274061545,0.1405316010758559,0.0
2118,1.0,0.05,0.00011892238543885425,8.331394430376378,0.006813033274061545,0.1405316010758559,0.0
2119,1.0,0.05,0.00011892238543885425,8.331394430376378,0.007657076041036122,0.1356111080504355,0.0
2120,1.0,0.05,0.00011892238543885425,8.331394430376378,0.007657076041036122,0.1356111080504355,0.0
2121,1.0,0.05,0.00011892238543885425,8.331394430376378,0.007657076041036122,0.1356111080504355,0.0
2122,1.0,0.05,0.00011892238543885425,8.331394430376378,0.007657076041036122,0.1356111080504355,0.0
2123,1.0,0.05,0.00011892238543885425,8.331394430376378,0.007270996712199033,0.1356111080504355,0.0
2124,1.0,0.05,0.00011892238543885425,8.331394430376378,0.00620126820371116,0.1356111080504355,0.0
2125,1.0,0.05,0.00011892238543885425,8.331394430376378,0.006007883962487251,0.1356111080504355,0.0
2126,1.0,0.05,0.00011892238543885425,8.331394430376378,0.006007883962487251,0.1356111080504355,0.0
2127,1.0,0.05,0.00012148930833057663,8.331394430376378,0.006007883962487251,0.1356111080504355,0.0
2128,1.0,0.05,0.00012148930833057663,8.331394430376378,0.006929125475625906,0.1356111080504355,0.0
2129,1.0,0.05,0.00012148930833057663,8.331394430376378,0.006929125475625906,0.1356111080504355,0.0
2130,1.0,0.05,0.00012148930833057663,8.331394430376378,0.006929125475625906,0.1356111080504355,0.0
2131,1.0,0.05,0.00012148930833057663,8.331394430376378,0.006929125475625906,0.1356111080504355,0.0
2132,1.0,0.05,0.00012148930833057663,8.331394430376378,0.006929125475625906,0.1356111080504355,0.0
2133,1.0,0.05,0.00012148930833057663,9.863035760191096,0.006929125475625906,0.1356111080504355,0.0
2134,1.0,0.05,0.00012148930833057663,9.863035760191096,0.006929125475625906,0.1356111080504355,0.0
2135,1.0,0.05,0.00012148930833057663,9.863035760191096,0.007085711094939823,0.1356111080504355,0.0
2136,1.0,0.05,0.00012148930833057663,9.863035760191096,0.007085711094939823,0.1356111080504355,0.0
2137,1.0,0.05,0.00012148930833057663,9.863035760191096,0.006348202714227153,0.1356111080504355,0.0
2138,1.0,0.05,0.00012148930833057663,9.863035760191096,0.006348202714227153,0.1356111080504355,0.0
2139,1.0,0.05,0.00012148930833057663,9.863035760191096,0.006348202714227153,0.1356111080504355,0.0
2140,1.0,0.05,0.00012148930833057663,9.863035760191096,0.006348202714227153,0.1356111080504355,0.0
2141,1.0,0.05,0.00012148930833057663,9.863035760191096,0.006348202714227153,0.1356111080504355,0.0
2142,1.0,0.05,0.00012148930833057663,9.863035760191096,0.006348202714227153,0.11772115235869118,0.0
2143,1.0,0.05,0.00012148930833057663,9.863035760191096,0.006348202714227153,0.11772115235869118,0.0
2144,1.0,0.05,0.00012148930833057663,9.863035760191096,0.006348202714227153,0.11772115235869118,0.0
2145,1.0,0.05,0.00012148930833057663,9.863035760191096,0.006348202714227153,0.11772115235869118,0.0
2146,1.0,0.05,0.00012148930833057663,9.863035760191096,0.006348202714227153,0.11772115235869118,0.0
2147,1.0,0.05,0.00012148930833057663,9.863035760191096,0.006348202714227153,0.11844946278080953,0.0
2148,1.0,0.05,0.00012148930833057663,9.863035760191096,0.006348202714227153,0.13948472243116078,0.0
2149,1.0,0.05,0.00012148930833057663,9.863035760191096,0.00726140056927188,0.13948472243116078,0.0
2150,1.0,0.05,0.00012148930833057663,9.863035760191096,0.00726140056927188,0.13948472243116078,0.0
2151,1.0,0.05,0.00012148930833057663,9.863035760191096,0.00726140056927188,0.13948472243116078,0.0
2152,1.0,0.05,0.00012148930833057663,9.863035760191096,0.00726140056927188,0.13948472243116078,0.0
2153,1.0,0.05,0.00012148930833057663,9.863035760191096,0.00726140056927188,0.13948472243116078,0.0
2154,1.0,0.05,0.00012148930833057663,9.863035760191096,0.00726140056927188,0.13948472243116078,0.0
2155,1.0,0.05,0.00012148930833057663,9.863035760191096,0.0070143241678055695,0.13948472243116078,0.0
2156,1.0,0.05,0.00012148930833057663,9.863035760191096,0.0070143241678055695,0.13948472243116078,0.0
2157,1.0,0.05,0.00012148930833057663,9.863035760191096,0.0070143241678055695,0.13948472243116078,0.0
2158,1.0,0.05,0.00012148930833057663,9.863035760191096,0.0070143241678055695,0.14299486323753174,0.0
2159,1.0,0.05,0.00012148930833057663,9.863035760191096,0.0070143241678055695,0.14299486323753174,0.0
2160,1.0,0.05,0.00012148930833057663,9.863035760191096,0.0070143241678055695,0.14299486323753174,0.0
2161,1.0,0.05,0.00012148930833057663,9.863035760191096,0.0070143241678055695,0.12764027853106416,0.0
2162,1.0,0.05,0.00012148930833057663,9.905916642940582,0.0070143241678055695,0.12764027853106416,0.0
2163,1.0,0.05,0.00012148930833057663,9.905916642940582,0.0070143241678055695,0.12764027853106416,0.0
2164,1.0,0.05,0.00012148930833057663,9.905916642940582,0.0070143241678055695,0.12764027853106416,0.0
2165,1.0,0.05,0.00012148930833057663,9.905916642940582,0.0070143241678055695,0.12764027853106416,0.0
2166,1.0,0.05,0.00012148930833057663,9.905916642940582,0.0070143241678055695,0.12764027853106416,0.0
2167,1.0,0.05,0.00012148930833057663,9.905916642940582,0.0070143241678055695,0.12764027853106416,0.0
2168,1.0,0.05,0.00012148930833057663,9.905916642940582,0.0070143241678055695,0.12764027853106416,0.0
2169,1.0,0.05,0.00012148930833057663,9.905916642940582,0.0070143241678055695,0.12764027853106416,0.0
2170,1.0,0.05,0.00012148930833057663,9.905916642940582,0.0070143241678055695,0.12764027853106416,0.0
2171,1.0,0.05,0.00012148930833057663,9.905916642940582,0.0070143241678055695,0.12764027853106416,0.0
2172,1.0,0.05,0.00012148930833057663,9.905916642940582,0.0070143241678055695,0.12764027853106416,0.0
2173,1.0,0.05,0.00012148930833057663,9.905916642940582,0.0070143241678055695,0.12764027853106416,0.0
2174,1.0,0.05,0.00012148930833057663,11.125398160979174,0.0070143241678055695,0.12764027853106416,0.0
2175,1.0,0.05,0.00012148930833057663,11.125398160979174,0.0070143241678055695,0.12764027853106416,0.0
2176,1.0,0.05,0.00012148930833057663,11.125398160979174,0.0070143241678055695,0.11761568635081113,0.0
2177,1.0,0.05,0.00012148930833057663,11.125398160979174,0.0070143241678055695,0.13510179478284745,0.0
2178,1.0,0.05,0.00012148930833057663,11.125398160979174,0.0070143241678055695,0.13510179478284745,0.0
2179,1.0,0.05,0.00012148930833057663,11.125398160979174,0.0070143241678055695,0.13510179478284745,0.0
2180,1.0,0.05,0.00012148930833057663,11.125398160979174,0.0070143241678055695,0.13510179478284745,0.0
2181,1.0,0.05,0.00012148930833057663,11.125398160979174,0.0070143241678055695,0.13510179478284745,0.0
2182,1.0,0.05,0.00012148930833057663,11.125398160979174,0.007282649511234045,0.13510179478284745,0.0
2183,1.0,0.05,0.00012148930833057663,11.125398160979174,0.007282649511234045,0.13510179478284745,0.0
2184,1.0,0.05,0.00012148930833057663,11.125398160979174,0.007282649511234045,0.13510179478284745,0.0
2185,1.0,0.05,0.00012148930833057663,10.69585011969805,0.007016654126994403,0.13510179478284745,0.0
2186,1.0,0.05,0.00012148930833057663,10.69585011969805,0.007016654126994403,0.13510179478284745,0.0
2187,1.0,0.05,0.00012148930833057663,10.69585011969805,0.007016654126994403,0.13510179478284745,0.0
2188,1.0,0.05,0.00012148930833057663,6.508561095156722,0.007016654126994403,0.1619368942358374,0.0
2189,1.0,0.05,0.00012148930833057663,6.508561095156722,0.007016654126994403,0.1619368942358374,0.0
2190,1.0,0.05,0.00012148930833057663,6.508561095156722,0.007016654126994403,0.1619368942358374,0.0
2191,1.0,0.05,0.00012148930833057663,6.508561095156722,0.007016654126994403,0.1619368942358374,0.0
2192,1.0,0.05,0.00012148930833057663,6.508561095156722,0.007016654126994403,0.1619368942358374,0.0
2193,1.0,0.05,0.00012148930833057663,6.508561095156722,0.007016654126994403,0.1619368942358374,0.0
2194,1.0,0.05,0.00012148930833057663,6.508561095156722,0.0067683585945708885,0.1619368942358374,0.0
2195,1.0,0.05,0.00012148930833057663,6.508561095156722,0.0067683585945708885,0.1619368942358374,0.0
2196,1.0,0.05,0.00012148930833057663,6.508561095156722,0.0067683585945708885,0.1619368942358374,0.0
2197,1.0,0.05,0.00012148930833057663,6.508561095156722,0.0067683585945708885,0.1619368942358374,0.0
2198,1.0,0.05,0.00012148930833057663,6.508561095156722,0.0067683585945708885,0.1619368942358374,0.0
2199,1.0,0.05,0.00012148930833057663,6.508561095156722,0.007218703460805328,0.1619368942358374,0.0
2200,1.0,0.05,0.00012148930833057663,6.075209178338909,0.007218703460805328,0.1619368942358374,0.0
2201,1.0,0.05,0.00012148930833057663,8.400080200743403,0.007232150748802618,0.1619368942358374,0.0
2202,1.0,0.05,0.00012148930833057663,8.400080200743403,0.007232150748802618,0.1619368942358374,0.0
2203,1.0,0.05,0.00012428459018784603,8.400080200743403,0.007232150748802618,0.1263815314419221,0.0
2204,1.0,0.05,0.00012428459018784603,8.400080200743403,0.007232150748802618,0.1263815314419221,0.0
2205,1.0,0.05,0.00012136023854189056,8.400080200743403,0.007232150748802618,0.1263815314419221,0.0
2206,1.0,0.05,0.00012136023854189056,8.400080200743403,0.007232150748802618,0.1263815314419221,0.0
2207,1.0,0.05,0.00012136023854189056,8.400080200743403,0.007232150748802618,0.1459053279813248,0.0
2208,1.0,0.05,0.00012136023854189056,8.400080200743403,0.007232150748802618,0.1489223392847766,0.0
2209,1.0,0.05,0.00012136023854189056,8.400080200743403,0.007232150748802618,0.1489223392847766,0.0
2210,1.0,0.05,0.00012136023854189056,8.400080200743403,0.007427291913659535,0.1489223392847766,0.0
2211,1.0,0.05,0.00012136023854189056,8.400080200743403,0.007427291913659535,0.1489223392847766,0.0
2212,1.0,0.05,0.00012136023854189056,8.400080200743403,0.007427291913659535,0.15615802067662204,0.0
2213,1.0,0.05,0.00012136023854189056,6.005824643333213,0.0060341037581431115,0.15615802067662204,0.0
2214,1.0,0.05,0.00012136023854189056,6.005824643333213,0.0060341037581431115,0.15615802067662204,0.0
2215,1.0,0.05,0.00012136023854189056,6.005824643333213,0.0060341037581431115,0.13249605531692,0.0
2216,1.0,0.05,0.00012136023854189056,6.005824643333213,0.0060341037581431115,0.13249605531692,0.0
2217,1.0,0.05,0.00012136023854189056,6.005824643333213,0.006239119137859353,0.13249605531692,0.0
2218,1.0,0.05,0.00012136023854189056,6.005824643333213,0.0068570319948462665,0.13249605531692,0.0
2219,1.0,0.05,0.00012136023854189056,6.005824643333213,0.0068570319948462665,0.13249605531692,0.0
2220,1.0,0.05,0.00012136023854189056,6.005824643333213,0.0068570319948462665,0.18398739822252416,0.0
2221,1.0,0.05,0.00012136023854189056,6.005824643333213,0.0068570319948462665,0.18398739822252416,0.0
2222,1.0,0.05,0.00012136023854189056,6.005824643333213,0.007188140766776784,0.18398739822252416,0.0
2223,1.0,0.05,0.00012136023854189056,6.005824643333213,0.007188140766776784,0.11045019015018631,0.0
2224,1.0,0.05,0.00012136023854189056,6.005824643333213,0.007188140766776784,0.11045019015018631,0.0
2225,1.0,0.05,0.00012136023854189056,7.915748744541702,0.007188140766776784,0.09522086367488922,0.0
2226,1.0,0.05,0.00012136023854189056,7.915748744541702,0.006068560976766018,0.09522086367488922,0.0
2227,1.0,0.05,0.00012136023854189056,7.915748744541702,0.0060152709445434605,0.09522086367488922,0.0
2228,1.0,0.05,0.00012136023854189056,7.915748744541702,0.0060152709445434605,0.09522086367488922,0.0
2229,1.0,0.05,0.00012136023854189056,7.915748744541702,0.0060152709445434605,0.10580393607370092,0.0
2230,1.0,0.05,0.00012136023854189056,11.654620772893736,0.0060152709445434605,0.1165702273135911,0.0
2231,1.0,0.05,0.00012136023854189056,11.654620772893736,0.0060152709445434605,0.1165702273135911,0.0
2232,1.0,0.05,0.00012136023854189056,11.654620772893736,0.0069364237353567665,0.1165702273135911,0.0
2233,1.0,0.05,0.00012136023854189056,11.654620772893736,0.0069364237353567665,0.1325783798592415,0.0
2234,1.0,0.05,0.00012136023854189056,11.654620772893736,0.0069364237353567665,0.10930136931383645,0.0
2235,1.0,0.05,0.00012136023854189056,11.654620772893736,0.0069364237353567665,0.10930136931383645,0.0
2236,1.0,0.05,0.00012136023854189056,12.128181891583381,0.0069364237353567665,0.10930136931383645,0.0
2237,1.0,0.05,0.00012136023854189056,12.128181891583381,0.0069364237353567665,0.10930136931383645,0.0
2238,1.0,0.05,0.00012136023854189056,12.128181891583381,0.0069364237353567665,0.10930136931383645,0.0
2239,1.0,0.05,0.00012136023854189056,12.128181891583381,0.0069364237353567665,0.10930136931383645,0.0
2240,1.0,0.05,0.00012136023854189056,12.128181891583381,0.0069364237353567665,0.10930136931383645,0.0
2241,1.0,0.05,0.00012136023854189056,12.128181891583381,0.0069364237353567665,0.10930136931383645,0.0
2242,1.0,0.05,0.00012136023854189056,12.128181891583381,0.006907437453321965,0.10930136931383645,0.0
2243,1.0,0.05,0.00012136023854189056,12.128181891583381,0.006907437453321965,0.10930136931383645,0.0
2244,1.0,0.05,0.00012136023854189056,16.866606390252016,0.006907437453321965,0.09285443532881807,0.0
2245,1.0,0.05,0.00012136023854189056,16.866606390252016,0.006907437453321965,0.09285443532881807,0.0
2246,1.0,0.05,0.00012136023854189056,16.866606390252016,0.006907437453321965,0.09285443532881807,0.0
2247,1.0,0.05,0.00012136023854189056,16.866606390252016,0.006907437453321965,0.09285443532881807,0.0
2248,1.0,0.05,0.00012641860572795707,16.866606390252016,0.008110365247972904,0.09285443532881807,0.0
2249,1.0,0.05,0.00012641860572795707,16.866606390252016,0.008110365247972904,0.09285443532881807,0.0
2250,1.0,0.05,0.00012025217864767346,16.866606390252016,0.008110365247972904,0.09285443532881807,0.0
2251,1.0,0.05,0.00012025217864767346,16.866606390252016,0.008171003254268856,0.09285443532881807,0.0
2252,1.0,0.05,0.00012025217864767346,16.866606390252016,0.008171003254268856,0.09285443532881807,0.0
2253,1.0,0.05,0.00012025217864767346,16.866606390252016,0.008171003254268856,0.09285443532881807,0.0
2254,1.0,0.05,0.0001157626618983997,16.866606390252016,0.008171003254268856,0.09285443532881807,0.0
2255,1.0,0.05,0.0001157626618983997,23.662887490427394,0.008171003254268856,0.09285443532881807,0.0
2256,1.0,0.05,0.0001157626618983997,15.902189203967467,0.008171003254268856,0.09285443532881807,0.0
2257,1.0,0.05,0.0001157626618983997,15.902189203967467,0.008171003254268856,0.0965927908771905,0.0
2258,1.0,0.05,0.0001157626618983997,15.902189203967467,0.007513489288724255,0.11347064941212166,0.0
2259,1.0,0.05,0.0001157626618983997,12.90849934897777,0.007513489288724255,0.11347064941212166,0.0
2260,1.0,0.05,0.0001157626618983997,12.90849934897777,0.007358823265672293,0.15901343971585596,0.0
2261,1.0,0.05,0.0001157626618983997,12.542087632395521,0.007358823265672293,0.15901343971585596,0.0
2262,1.0,0.05,0.00011806161230436243,12.542087632395521,0.007358823265672293,0.15901343971585596,0.0
2263,1.0,0.05,0.00011806161230436243,12.542087632395521,0.007358823265672293,0.15901343971585596,0.0
2264,1.0,0.05,0.00011806161230436243,12.542087632395521,0.007358823265672293,0.15901343971585596,0.0
2265,1.0,0.05,0.00011806161230436243,12.542087632395521,0.007644798266229942,0.15901343971585596,0.0
2266,1.0,0.05,0.00011806161230436243,12.542087632395521,0.007644798266229942,0.1382173492544378,0.0
2267,1.0,0.05,0.00011806161230436243,12.542087632395521,0.007644798266229942,0.1382173492544378,0.0
2268,1.0,0.05,0.00011806161230436243,12.542087632395521,0.007673159328578886,0.1382173492544378,0.0
2269,1.0,0.05,0.00011806161230436243,11.82968253901528,0.007673159328578886,0.1382173492544378,0.0
2270,1.0,0.05,0.00011806161230436243,11.82968253901528,0.007673159328578886,0.13184981290458722,0.0
2271,1.0,0.05,0.00011806161230436243,11.82968253901528,0.007673159328578886,0.13184981290458722,0.0
2272,1.0,0.05,0.00011806161230436243,11.82968253901528,0.007673159328578886,0.13184981290458722,0.0
2273,1.0,0.05,0.00011806161230436243,11.82968253901528,0.007673159328578886,0.13184981290458722,0.0
2274,1.0,0.05,0.00011806161230436243,11.82968253901528,0.007673159328578886,0.13184981290458722,0.0
2275,1.0,0.05,0.00011806161230436243,11.82968253901528,0.007673159328578886,0.13184981290458722,0.0
2276,1.0,0.05,0.00011806161230436243,11.82968253901528,0.007673159328578886,0.13184981290458722,0.0
2277,1.0,0.05,0.00011806161230436243,11.82968253901528,0.007673159328578886,0.13184981290458722,0.0
2278,1.0,0.05,0.00011806161230436243,11.82968253901528,0.007673159328578886,0.13184981290458722,0.0
2279,1.0,0.05,0.00011806161230436243,11.82968253901528,0.006761737272840825,0.13184981290458722,0.0
2280,1.0,0.05,0.00011806161230436243,11.82968253901528,0.006761737272840825,0.13184981290458722,0.0
2281,1.0,0.05,0.00011806161230436243,11.82968253901528,0.007958382228690473,0.13184981290458722,0.0
2282,1.0,0.05,0.00011806161230436243,11.82968253901528,0.007958382228690473,0.13184981290458722,0.0
2283,1.0,0.05,0.00011806161230436243,11.82968253901528,0.007958382228690473,0.13184981290458722,0.0
2284,1.0,0.05,0.00011806161230436243,11.82968253901528,0.007958382228690473,0.1304118833789663,0.0
2285,1.0,0.05,0.0001245861873854448,11.82968253901528,0.007958382228690473,0.1304118833789663,0.0
2286,1.0,0.05,0.0001245861873854448,11.82968253901528,0.007958382228690473,0.1304118833789663,0.0
2287,1.0,0.05,0.0001245861873854448,11.82968253901528,0.007958382228690473,0.1304118833789663,0.0
2288,1.0,0.05,0.0001245861873854448,12.88640287052128,0.007353661137097639,0.1304118833789663,0.0
2289,1.0,0.05,0.0001245861873854448,12.88640287052128,0.007353661137097639,0.1304118833789663,0.0
2290,1.0,0.05,0.0001245861873854448,12.88640287052128,0.007353661137097639,0.1304118833789663,0.0
2291,1.0,0.05,0.0001245861873854448,12.88640287052128,0.007001098668251734,0.1304118833789663,0.0
2292,1.0,0.05,0.0001245861873854448,12.88640287052128,0.007001098668251734,0.1304118833789663,0.0
2293,1.0,0.05,0.0001245861873854448,12.88640287052128,0.007001098668251734,0.1304118833789663,0.0
2294,1.0,0.05,0.0001245861873854448,12.88640287052128,0.007001098668251734,0.1304118833789663,0.0
2295,1.0,0.05,0.0001245861873854448,12.88640287052128,0.007001098668251734,0.1304118833789663,0.0
2296,1.0,0.05,0.0001245861873854448,12.88640287052128,0.007001098668251734,0.1304118833789663,0.0
2297,1.0,0.05,0.0001245861873854448,12.88640287052128,0.007001098668251734,0.1304118833789663,0.0
2298,1.0,0.05,0.0001245861873854448,12.88640287052128,0.007001098668251734,0.1304118833789663,0.0
2299,1.0,0.05,0.0001245861873854448,12.88640287052128,0.007001098668251734,0.1304118833789663,0.0
2300,1.0,0.05,0.0001245861873854448,12.88640287052128,0.007001098668251734,0.1248872473987954,0.0
2301,1.0,0.05,0.0001245861873854448,12.88640287052128,0.007001098668251734,0.11755875391873179,0.0
2302,1.0,0.05,0.0001245861873854448,12.88640287052128,0.007001098668251734,0.11755875391873179,0.0
2303,1.0,0.05,0.0001245861873854448,12.88640287052128,0.007001098668251734,0.11640989662937792,0.0
2304,1.0,0.05,0.0001245861873854448,12.88640287052128,0.007001098668251734,0.11640989662937792,0.0
2305,1.0,0.05,0.0001245861873854448,12.88640287052128,0.007001098668251734,0.11640989662937792,0.0
2306,1.0,0.05,0.0001245861873854448,12.88640287052128,0.007001098668251734,0.11640989662937792,0.0
2307,1.0,0.05,0.0001245861873854448,12.88640287052128,0.0065331079635707855,0.10759093878612096,0.0
2308,1.0,0.05,0.0001245861873854448,12.88640287052128,0.0065331079635707855,0.10759093878612096,0.0
2309,1.0,0.05,0.0001245861873854448,12.88640287052128,0.0065331079635707855,0.10759093878612096,0.0
2310,1.0,0.05,0.0001245861873854448,12.88640287052128,0.0065331079635707855,0.09507909618935857,0.0
2311,1.0,0.05,0.0001245861873854448,12.88640287052128,0.0065331079635707855,0.09507909618935857,0.0
2312,1.0,0.05,0.0001245861873854448,12.88640287052128,0.0065331079635707855,0.09507909618935857,0.0
2313,1.0,0.05,0.0001245861873854448,12.88640287052128,0.007332913945644913,0.09507909618935857,0.0
2314,1.0,0.05,0.0001245861873854448,12.88640287052128,0.007655554385443736,0.09507909618935857,0.0
2315,1.0,0.05,0.0001137867143695487,16.38281719303545,0.007655554385443736,0.09507909618935857,0.0
2316,1.0,0.05,0.0001137867143695487,16.38281719303545,0.007161122630368403,0.09507909618935857,0.0
2317,1.0,0.05,0.0001137867143695487,18.59414103062427,0.007161122630368403,0.09507909618935857,0.0
2318,1.0,0.05,0.0001137867143695487,18.59414103062427,0.007161122630368403,0.09507909618935857,0.0
2319,1.0,0.05,0.0001137867143695487,18.59414103062427,0.007722380635695142,0.1029650295561303,0.0
2320,1.0,0.05,0.0001137867143695487,18.59414103062427,0.007722380635695142,0.1029650295561303,0.0
2321,1.0,0.05,0.0001137867143695487,16.218436903306525,0.007625219982727078,0.1029650295561303,0.0
2322,1.0,0.05,0.0001137867143695487,16.218436903306525,0.007625219982727078,0.1029650295561303,0.0
2323,1.0,0.05,0.0001137867143695487,16.218436903306525,0.007625219982727078,0.1029650295561303,0.0
2324,1.0,0.05,0.0001137867143695487,16.218436903306525,0.007625219982727078,0.10274187605592919,0.0
2325,1.0,0.05,0.0001137867143695487,14.993299358307397,0.007238831703718141,0.10274187605592919,0.0
2326,1.0,0.05,0.0001137867143695487,14.993299358307397,0.007303960115622377,0.10747626643206644,0.0
2327,1.0,0.05,0.0001137867143695487,12.54577680339277,0.007303960115622377,0.10747626643206644,0.0
2328,1.0,0.05,0.0001137867143695487,12.54577680339277,0.007303960115622377,0.10747626643206644,0.0
2329,1.0,0.05,0.0001137867143695487,12.54577680339277,0.007303960115622377,0.14294446270943384,0.0
2330,1.0,0.05,0.0001137867143695487,12.54577680339277,0.006694792808220611,0.14294446270943384,0.0
2331,1.0,0.05,0.0001137867143695487,12.54577680339277,0.006694792808220611,0.14294446270943384,0.0
2332,1.0,0.05,0.0001137867143695487,12.54577680339277,0.006694792808220611,0.14294446270943384,0.0
2333,1.0,0.05,0.0001137867143695487,12.54577680339277,0.007732953137936351,0.14294446270943384,0.0
2334,1.0,0.05,0.0001137867143695487,12.54577680339277,0.00810506081179287,0.14294446270943384,0.0
2335,1.0,0.05,0.0001137867143695487,11.623084025169604,0.00810506081179287,0.14294446270943384,0.0
2336,1.0,0.05,0.0001137867143695487,13.875225522083738,0.007587014698893966,0.12209972932003052,0.0
2337,1.0,0.05,0.0001204818978671955,13.449450690070336,0.007587014698893966,0.12209972932003052,0.0
2338,1.0,0.05,0.0001204818978671955,13.449450690070336,0.007587014698893966,0.12209972932003052,0.0
2339,1.0,0.05,0.0001204818978671955,13.449450690070336,0.007587014698893966,0.12209972932003052,0.0
2340,1.0,0.05,0.0001204818978671955,13.449450690070336,0.007452224076583627,0.12209972932003052,0.0
2341,1.0,0.05,0.0001204818978671955,13.449450690070336,0.007452224076583627,0.12209972932003052,0.0
2342,1.0,0.05,0.0001204818978671955,13.449450690070336,0.007452224076583627,0.12209972932003052,0.0
2343,1.0,0.05,0.0001204818978671955,13.449450690070336,0.007452224076583627,0.12209972932003052,0.0
2344,1.0,0.05,0.0001204818978671955,13.449450690070336,0.007452224076583627,0.12209972932003052,0.0
2345,1.0,0.05,0.0001204818978671955,13.449450690070336,0.007452224076583627,0.12209972932003052,0.0
2346,1.0,0.05,0.00011515440353371022,13.449450690070336,0.007452224076583627,0.12209972932003052,0.0
2347,1.0,0.05,0.00011515440353371022,13.449450690070336,0.007452224076583627,0.12209972932003052,0.0
2348,1.0,0.05,0.00011515440353371022,13.449450690070336,0.007452224076583627,0.12209972932003052,0.0
2349,1.0,0.05,0.00011515440353371022,13.449450690070336,0.007452224076583627,0.12209972932003052,0.0
2350,1.0,0.05,0.00011515440353371022,13.449450690070336,0.007452224076583627,0.12209972932003052,0.0
2351,1.0,0.05,0.00011515440353371022,15.01424798192133,0.007452224076583627,0.12209972932003052,0.0
2352,1.0,0.05,0.00011515440353371022,15.01424798192133,0.007452224076583627,0.12209972932003052,0.0
2353,1.0,0.05,0.00011515440353371022,15.01424798192133,0.007452224076583627,0.12209972932003052,0.0
2354,1.0,0.05,0.00011515440353371022,15.01424798192133,0.007389694878534403,0.12209972932003052,0.0
2355,1.0,0.05,0.00011515440353371022,15.01424798192133,0.007389694878534403,0.12931454916881585,0.0
2356,1.0,0.05,0.00011515440353371022,11.339930403051255,0.007389694878534403,0.12931454916881585,0.0
2357,1.0,0.05,0.00011515440353371022,11.339930403051255,0.007389694878534403,0.12931454916881585,0.0
2358,1.0,0.05,0.00011515440353371022,11.339930403051255,0.007389694878534403,0.12931454916881585,0.0
2359,1.0,0.05,0.00011515440353371022,11.339930403051255,0.007389694878534403,0.1716821594677405,0.0
2360,1.0,0.05,0.00011515440353371022,9.649681112097724,0.007389694878534403,0.1716821594677405,0.0
2361,1.0,0.05,0.00011515440353371022,9.649681112097724,0.007389694878534403,0.1716821594677405,0.0
2362,1.0,0.05,0.00011515440353371022,9.649681112097724,0.007175558334945432,0.1716821594677405,0.0
2363,1.0,0.05,0.00011515440353371022,9.649681112097724,0.007495797180160808,0.1716821594677405,0.0
2364,1.0,0.05,0.00011515440353371022,9.093305220067009,0.007495797180160808,0.1716821594677405,0.0
2365,1.0,0.05,0.00011515440353371022,9.093305220067009,0.007696476462633635,0.1716821594677405,0.0
2366,1.0,0.05,0.00011515440353371022,9.093305220067009,0.007696476462633635,0.1716821594677405,0.0
2367,1.0,0.05,0.00011515440353371022,9.093305220067009,0.007696476462633635,0.1716821594677405,0.0
2368,1.0,0.05,0.00011515440353371022,9.093305220067009,0.007696476462633635,0.1716821594677405,0.0
2369,1.0,0.05,0.00011515440353371022,9.093305220067009,0.007696476462633635,0.1716821594677405,0.0
2370,1.0,0.05,0.00011515440353371022,9.093305220067009,0.007696476462633635,0.1716821594677405,0.0
2371,1.0,0.05,0.00011515440353371022,9.093305220067009,0.007696476462633635,0.1716821594677405,0.0
2372,1.0,0.05,0.00012149005645955969,9.093305220067009,0.007696476462633635,0.1716821594677405,0.0
2373,1.0,0.05,0.00012149005645955969,9.093305220067009,0.007696476462633635,0.1716821594677405,0.0
2374,1.0,0.05,0.00012149005645955969,9.093305220067009,0.007696476462633635,0.1716821594677405,0.0
2375,1.0,0.05,0.00012149005645955969,9.093305220067009,0.007696476462633635,0.1716821594677405,0.0
2376,1.0,0.05,0.00012149005645955969,9.093305220067009,0.007696476462633635,0.1716821594677405,0.0
2377,1.0,0.05,0.00012149005645955969,9.093305220067009,0.007696476462633635,0.1134262105991681,0.0
2378,1.0,0.05,0.00012149005645955969,14.578864099050406,0.007696476462633635,0.1134262105991681,0.0
2379,1.0,0.05,0.00012149005645955969,14.578864099050406,0.007126238926732394,0.10542629305771295,0.0
2380,1.0,0.05,0.0001237379008694789,11.960515944031712,0.007126238926732394,0.10542629305771295,0.0
2381,1.0,0.05,0.0001237379008694789,11.960515944031712,0.007126238926732394,0.10542629305771295,0.0
2382,1.0,0.05,0.0001237379008694789,11.960515944031712,0.007126238926732394,0.10542629305771295,0.0
2383,1.0,0.05,0.00012148251950481425,11.960515944031712,0.007126238926732394,0.10542629305771295,0.0
2384,1.0,0.05,0.00012148251950481425,11.960515944031712,0.007126238926732394,0.10542629305771295,0.0
2385,1.0,0.05,0.00012148251950481425,11.960515944031712,0.007126238926732394,0.10542629305771295,0.0
2386,1.0,0.05,0.00012148251950481425,11.960515944031712,0.007126238926732394,0.10542629305771295,0.0
2387,1.0,0.05,0.00012148251950481425,11.960515944031712,0.007126238926732394,0.10542629305771295,0.0
2388,1.0,0.05,0.00012148251950481425,11.960515944031712,0.007126238926732394,0.10542629305771295,0.0
2389,1.0,0.05,0.00012148251950481425,11.960515944031712,0.007126238926732394,0.10542629305771295,0.0
2390,1.0,0.05,0.00012148251950481425,11.960515944031712,0.007126238926732394,0.10542629305771295,0.0
2391,1.0,0.05,0.00012148251950481425,11.960515944031712,0.007126238926732394,0.10542629305771295,0.0
2392,1.0,0.05,0.00012148251950481425,11.960515944031712,0.007126238926732394,0.10542629305771295,0.0
2393,1.0,0.05,0.00012148251950481425,11.960515944031712,0.007126238926732394,0.10542629305771295,0.0
2394,1.0,0.05,0.00012148251950481425,11.960515944031712,0.007126238926732394,0.10542629305771295,0.0
2395,1.0,0.05,0.0001175567457737236,11.960515944031712,0.007126238926732394,0.1416690139766018,0.0
2396,1.0,0.05,0.0001175567457737236,11.960515944031712,0.006423531708621635,0.1416690139766018,0.0
2397,1.0,0.05,0.0001175567457737236,11.960515944031712,0.006423531708621635,0.1416690139766018,0.0
2398,1.0,0.05,0.0001175567457737236,11.960515944031712,0.007445322164917932,0.1416690139766018,0.0
2399,1.0,0.05,0.0001175567457737236,11.960515944031712,0.007445322164917932,0.1416690139766018,0.0
2400,1.0,0.05,0.00011517633276307606,12.825838049209224,0.007445322164917932,0.1416690139766018,0.0
2401,1.0,0.05,0.00011517633276307606,12.825838049209224,0.007445322164917932,0.1416690139766018,0.0
2402,1.0,0.05,0.00011517633276307606,12.825838049209224,0.007445322164917932,0.1416690139766018,0.0
2403,1.0,0.05,0.00011517633276307606,12.825838049209224,0.007445322164917932,0.1416690139766018,0.0
2404,1.0,0.05,0.00011517633276307606,12.825838049209224,0.007445322164917932,0.1416690139766018,0.0
2405,1.0,0.05,0.00011517633276307606,12.825838049209224,0.007445322164917932,0.1416690139766018,0.0
2406,1.0,0.05,0.00011517633276307606,12.825838049209224,0.007221084004080078,0.1416690139766018,0.0
2407,1.0,0.05,0.00011904771978898819,12.825838049209224,0.007221084004080078,0.10489105544159492,0.0
2408,1.0,0.05,0.00011904771978898819,12.825838049209224,0.007445271000324087,0.10489105544159492,0.0
2409,1.0,0.05,0.00011904771978898819,12.825838049209224,0.007445271000324087,0.10489105544159492,0.0
2410,1.0,0.05,0.00011904771978898819,12.825838049209224,0.007445271000324087,0.10489105544159492,0.0
2411,1.0,0.05,0.00011904771978898819,12.825838049209224,0.007445271000324087,0.10489105544159492,0.0
2412,1.0,0.05,0.00011904771978898819,12.825838049209224,0.007445271000324087,0.10489105544159492,0.0
2413,1.0,0.05,0.00011904771978898819,12.825838049209224,0.007445271000324087,0.1245384284204081,0.0
2414,1.0,0.05,0.00011904771978898819,12.825838049209224,0.007445271000324087,0.10605689268975231,0.0
2415,1.0,0.05,0.00011904771978898819,12.434167037756467,0.007445271000324087,0.11691791464604687,0.0
2416,1.0,0.05,0.00012089286843513436,12.434167037756467,0.007445271000324087,0.11691791464604687,0.0
2417,1.0,0.05,0.00012089286843513436,12.434167037756467,0.007445271000324087,0.150921844891258,0.0
2418,1.0,0.05,0.00012089286843513436,12.434167037756467,0.007445271000324087,0.150921844891258,0.0
2419,1.0,0.05,0.00012089286843513436,12.434167037756467,0.0073786054037953686,0.150921844891258,0.0
2420,1.0,0.05,0.00012089286843513436,12.434167037756467,0.006712250538243852,0.150921844891258,0.0
2421,1.0,0.05,0.00012089286843513436,12.434167037756467,0.006712250538243852,0.150921844891258,0.0
2422,1.0,0.05,0.00012089286843513436,12.434167037756467,0.006712250538243852,0.150921844891258,0.0
2423,1.0,0.05,0.00012089286843513436,12.434167037756467,0.007658554490499656,0.150921844891258,0.0
2424,1.0,0.05,0.00012089286843513436,12.434167037756467,0.007658554490499656,0.15116121541108088,0.0
2425,1.0,0.05,0.00012089286843513436,12.434167037756467,0.0064918336648935844,0.15116121541108088,0.0
2426,1.0,0.05,0.00012089286843513436,12.434167037756467,0.006904306103794673,0.12880387256682307,0.0
2427,1.0,0.05,0.00012089286843513436,12.434167037756467,0.006904306103794673,0.12880387256682307,0.0
2428,1.0,0.05,0.00012089286843513436,12.434167037756467,0.006904306103794673,0.12880387256682307,0.0
2429,1.0,0.05,0.00012089286843513436,12.434167037756467,0.006904306103794673,0.10645428875033708,0.0
2430,1.0,0.05,0.00012089286843513436,9.624881512053449,0.006904306103794673,0.10645428875033708,0.0
2431,1.0,0.05,0.00012089286843513436,9.624881512053449,0.006904306103794673,0.10645428875033708,0.0
2432,1.0,0.05,0.00012089286843513436,12.79853381927208,0.006904306103794673,0.10645428875033708,0.0
2433,1.0,0.05,0.00012089286843513436,12.79853381927208,0.007693262486496341,0.10645428875033708,0.0
2434,1.0,0.05,0.00012089286843513436,12.79853381927208,0.007693262486496341,0.10645428875033708,0.0
2435,1.0,0.05,0.00012089286843513436,12.79853381927208,0.007693262486496341,0.10645428875033708,0.0
2436,1.0,0.05,0.00012089286843513436,12.79853381927208,0.007693262486496341,0.10645428875033708,0.0
2437,1.0,0.05,0.00012089286843513436,12.79853381927208,0.007693262486496341,0.10645428875033708,0.0
2438,1.0,0.05,0.00012089286843513436,12.79853381927208,0.0064097274000784,0.10645428875033708,0.0
2439,1.0,0.05,0.00012089286843513436,14.189974295336214,0.0064097274000784,0.10645428875033708,0.0
2440,1.0,0.05,0.00012089286843513436,14.189974295336214,0.0064097274000784,0.10645428875033708,0.0
2441,1.0,0.05,0.00012089286843513436,14.189974295336214,0.0064097274000784,0.11212479762928863,0.0
2442,1.0,0.05,0.00012089286843513436,14.189974295336214,0.006951431925862415,0.11212479762928863,0.0
2443,1.0,0.05,0.00012089286843513436,14.189974295336214,0.006951431925862415,0.11212479762928863,0.0
2444,1.0,0.05,0.00012089286843513436,14.189974295336214,0.006951431925862415,0.11212479762928863,0.0
2445,1.0,0.05,0.00012089286843513436,14.189974295336214,0.0074507603304786165,0.11212479762928863,0.0
2446,1.0,0.05,0.00012089286843513436,14.189974295336214,0.0074507603304786165,0.11212479762928863,0.0
2447,1.0,0.05,0.00012089286843513436,14.189974295336214,0.0074507603304786165,0.11212479762928863,0.0
2448,1.0,0.05,0.00012089286843513436,14.189974295336214,0.0074507603304786165,0.12214013568111846,0.0
2449,1.0,0.05,0.00012089286843513436,14.189974295336214,0.0074507603304786165,0.12214013568111846,0.0
2450,1.0,0.05,0.00012089286843513436,14.189974295336214,0.006822110599898423,0.12214013568111846,0.0
2451,1.0,0.05,0.00012089286843513436,14.189974295336214,0.006822110599898423,0.12214013568111846,0.0
2452,1.0,0.05,0.00012089286843513436,11.919877543405974,0.006822110599898423,0.12214013568111846,0.0
2453,1.0,0.05,0.00012089286843513436,11.919877543405974,0.007028159586996028,0.12214013568111846,0.0
2454,1.0,0.05,0.00012089286843513436,11.919877543405974,0.007028159586996028,0.12214013568111846,0.0
2455,1.0,0.05,0.00012089286843513436,11.919877543405974,0.007028159586996028,0.12214013568111846,0.0
2456,1.0,0.05,0.00012089286843513436,11.919877543405974,0.007028159586996028,0.12214013568111846,0.0
2457,1.0,0.05,0.00012089286843513436,11.919877543405974,0.007028159586996028,0.12214013568111846,0.0
2458,1.0,0.05,0.00012089286843513436,11.919877543405974,0.007028159586996028,0.12214013568111846,0.0
2459,1.0,0.05,0.00012089286843513436,11.919877543405974,0.007028159586996028,0.12214013568111846,0.0
2460,1.0,0.05,0.00012089286843513436,11.919877543405974,0.007028159586996028,0.12214013568111846,0.0
2461,1.0,0.05,0.00012089286843513436,11.919877543405974,0.007028159586996028,0.12214013568111846,0.0
2462,1.0,0.05,0.00012089286843513436,11.919877543405974,0.007014169843419173,0.12214013568111846,0.0
2463,1.0,0.05,0.00012063344573085196,11.919877543405974,0.007014169843419173,0.12214013568111846,0.0
2464,1.0,0.05,0.00012063344573085196,11.919877543405974,0.007014169843419173,0.12214013568111846,0.0
2465,1.0,0.05,0.00012063344573085196,12.236984224207362,0.007014169843419173,0.12214013568111846,0.0
2466,1.0,0.05,0.00012063344573085196,11.668899732351264,0.007014169843419173,0.13259514701698377,0.0
2467,1.0,0.05,0.00012063344573085196,11.668899732351264,0.0073989322233797596,0.13259514701698377,0.0
2468,1.0,0.05,0.00012063344573085196,11.668899732351264,0.0073989322233797596,0.13259514701698377,0.0
2469,1.0,0.05,0.00012063344573085196,11.668899732351264,0.0073989322233797596,0.13259514701698377,0.0
2470,1.0,0.05,0.00012063344573085196,11.668899732351264,0.007437913370430713,0.13259514701698377,0.0
2471,1.0,0.05,0.00012063344573085196,11.668899732351264,0.007437913370430713,0.13259514701698377,0.0
2472,1.0,0.05,0.00012063344573085196,11.668899732351264,0.006904698066436849,0.13259514701698377,0.0
2473,1.0,0.05,0.00012063344573085196,11.668899732351264,0.006904698066436849,0.13259514701698377,0.0
2474,1.0,0.05,0.00012063344573085196,9.373614771362938,0.006904698066436849,0.13259514701698377,0.0
2475,1.0,0.05,0.00012063344573085196,9.373614771362938,0.006904698066436849,0.13259514701698377,0.0
2476,1.0,0.05,0.00012063344573085196,9.373614771362938,0.006904698066436849,0.13259514701698377,0.0
2477,1.0,0.05,0.00012063344573085196,9.373614771362938,0.006904698066436849,0.12937105826806153,0.0
2478,1.0,0.05,0.00012063344573085196,12.333333758608859,0.00665424528256179,0.12937105826806153,0.0
2479,1.0,0.05,0.00012063344573085196,12.333333758608859,0.006938942635822969,0.12937105826806153,0.0
2480,1.0,0.05,0.00012063344573085196,13.468970134732714,0.006938942635822969,0.12937105826806153,0.0
2481,1.0,0.05,0.00012063344573085196,13.468970134732714,0.007471739784109376,0.12937105826806153,0.0
2482,1.0,0.05,0.00012063344573085196,13.468970134732714,0.007471739784109376,0.12937105826806153,0.0
2483,1.0,0.05,0.00012063344573085196,13.468970134732714,0.007471739784109376,0.12937105826806153,0.0
2484,1.0,0.05,0.00012063344573085196,13.468970134732714,0.007673763876472362,0.12937105826806153,0.0
2485,1.0,0.05,0.00012063344573085196,13.468970134732714,0.007673763876472362,0.12517800898632991,0.0
2486,1.0,0.05,0.00012063344573085196,13.468970134732714,0.007260376300219714,0.10714192997443905,0.0
2487,1.0,0.05,0.00012063344573085196,13.468970134732714,0.007260376300219714,0.10714192997443905,0.0
2488,1.0,0.05,0.00012063344573085196,13.468970134732714,0.007260376300219714,0.10714192997443905,0.0
2489,1.0,0.05,0.00012063344573085196,13.468970134732714,0.006561893156975968,0.10714192997443905,0.0
2490,1.0,0.05,0.00012063344573085196,13.468970134732714,0.006561893156975968,0.10714192997443905,0.0
2491,1.0,0.05,0.00012063344573085196,13.468970134732714,0.006561893156975968,0.10714192997443905,0.0
2492,1.0,0.05,0.00012063344573085196,13.468970134732714,0.006561893156975968,0.10714192997443905,0.0
2493,1.0,0.05,0.00012063344573085196,13.468970134732714,0.007402536554426872,0.10714192997443905,0.0
2494,1.0,0.05,0.00012063344573085196,13.468970134732714,0.007402536554426872,0.13754001997669346,0.0
2495,1.0,0.05,0.00012063344573085196,13.468970134732714,0.007402536554426872,0.13754001997669346,0.0
2496,1.0,0.05,0.00012063344573085196,13.468970134732714,0.007402536554426872,0.13754001997669346,0.0
2497,1.0,0.05,0.00012063344573085196,13.468970134732714,0.007402536554426872,0.13754001997669346,0.0
2498,1.0,0.05,0.00012063344573085196,13.468970134732714,0.007402536554426872,0.13754001997669346,0.0
2499,1.0,0.05,0.00011767218800124934,13.468970134732714,0.007402536554426872,0.13754001997669346,0.0
2500,1.0,0.05,0.00011767218800124934,13.468970134732714,0.00750729812900547,0.13754001997669346,0.0
2501,1.0,0.05,0.00011767218800124934,13.468970134732714,0.00750729812900547,0.13754001997669346,0.0
2502,1.0,0.05,0.00011767218800124934,13.830667100317967,0.00750729812900547,0.13754001997669346,0.0
2503,1.0,0.05,0.00011767218800124934,10.632707095761248,0.00750729812900547,0.13754001997669346,0.0
2504,1.0,0.05,0.00011767218800124934,10.632707095761248,0.00750729812900547,0.13754001997669346,0.0
2505,1.0,0.05,0.00011767218800124934,10.632707095761248,0.00750729812900547,0.13754001997669346,0.0
2506,1.0,0.05,0.00011767218800124934,10.632707095761248,0.00750729812900547,0.15266953243673032,0.0
2507,1.0,0.05,0.00012839925142500084,10.632707095761248,0.00750729812900547,0.15266953243673032,0.0
2508,1.0,0.05,0.00012839925142500084,10.632707095761248,0.00750729812900547,0.15266953243673032,0.0
2509,1.0,0.05,0.00012839925142500084,10.632707095761248,0.007505827147656626,0.15266953243673032,0.0
2510,1.0,0.05,0.00011940165125694906,10.632707095761248,0.007505827147656626,0.15266953243673032,0.0
2511,1.0,0.05,0.00011940165125694906,10.632707095761248,0.007505827147656626,0.15266953243673032,0.0
2512,1.0,0.05,0.00011940165125694906,10.544075525197826,0.007505827147656626,0.15266953243673032,0.0
2513,1.0,0.05,0.00011940165125694906,10.544075525197826,0.007362704079722458,0.15266953243673032,0.0
2514,1.0,0.05,0.00011940165125694906,10.544075525197826,0.007362704079722458,0.15266953243673032,0.0
2515,1.0,0.05,0.00011940165125694906,10.544075525197826,0.007362704079722458,0.15266953243673032,0.0
2516,1.0,0.05,0.00011940165125694906,10.544075525197826,0.007362704079722458,0.11028985392621934,0.0
2517,1.0,0.05,0.00011940165125694906,10.544075525197826,0.007362704079722458,0.11028985392621934,0.0
2518,1.0,0.05,0.00011940165125694906,14.696760795118564,0.007362704079722458,0.11028985392621934,0.0
2519,1.0,0.05,0.00011940165125694906,14.696760795118564,0.007362704079722458,0.11028985392621934,0.0
2520,1.0,0.05,0.00011940165125694906,14.696760795118564,0.007362704079722458,0.11028985392621934,0.0
2521,1.0,0.05,0.00011940165125694906,14.696760795118564,0.007362704079722458,0.11028985392621934,0.0
2522,1.0,0.05,0.00011940165125694906,14.696760795118564,0.007362704079722458,0.11554177103917226,0.0
2523,1.0,0.05,0.00011940165125694906,14.696760795118564,0.007362704079722458,0.11554177103917226,0.0
2524,1.0,0.05,0.00011940165125694906,14.696760795118564,0.007362704079722458,0.11554177103917226,0.0
2525,1.0,0.05,0.00011940165125694906,12.106874233098424,0.006855798183763708,0.11554177103917226,0.0
2526,1.0,0.05,0.00011940165125694906,13.917055321003915,0.006855798183763708,0.11554177103917226,0.0
2527,1.0,0.05,0.00011940165125694906,13.917055321003915,0.006855798183763708,0.11554177103917226,0.0
2528,1.0,0.05,0.00011940165125694906,13.917055321003915,0.006924339167449721,0.11554177103917226,0.0
2529,1.0,0.05,0.00011940165125694906,13.917055321003915,0.007949422913441192,0.11554177103917226,0.0
2530,1.0,0.05,0.00011940165125694906,13.917055321003915,0.007949422913441192,0.11554177103917226,0.0
2531,1.0,0.05,0.00011940165125694906,13.917055321003915,0.007949422913441192,0.11554177103917226,0.0
2532,1.0,0.05,0.00011940165125694906,10.657253412278962,0.007349711650259517,0.11554177103917226,0.0
2533,1.0,0.05,0.00011940165125694906,10.657253412278962,0.007349711650259517,0.11554177103917226,0.0
2534,1.0,0.05,0.00011940165125694906,10.657253412278962,0.007349711650259517,0.11554177103917226,0.0
2535,1.0,0.05,0.00011940165125694906,10.657253412278962,0.007349711650259517,0.11554177103917226,0.0
2536,1.0,0.05,0.00011940165125694906,10.657253412278962,0.007349711650259517,0.11554177103917226,0.0
2537,1.0,0.05,0.00011940165125694906,10.657253412278962,0.007349711650259517,0.11554177103917226,0.0
2538,1.0,0.05,0.00011940165125694906,10.657253412278962,0.007088728266639727,0.11554177103917226,0.0
2539,1.0,0.05,0.00011940165125694906,10.657253412278962,0.007088728266639727,0.10864905737047041,0.0
2540,1.0,0.05,0.00011940165125694906,10.657253412278962,0.007088728266639727,0.10864905737047041,0.0
2541,1.0,0.05,0.00011940165125694906,13.849171257661567,0.007088728266639727,0.10864905737047041,0.0
2542,1.0,0.05,0.00011940165125694906,13.849171257661567,0.007088728266639727,0.11436398094646139,0.0
2543,1.0,0.05,0.00011940165125694906,13.849171257661567,0.007088728266639727,0.11436398094646139,0.0
2544,1.0,0.05,0.00011940165125694906,13.849171257661567,0.007088728266639727,0.11436398094646139,0.0
2545,1.0,0.05,0.00011940165125694906,13.849171257661567,0.007088728266639727,0.11436398094646139,0.0
2546,1.0,0.05,0.00011940165125694906,13.849171257661567,0.006877148089779207,0.11436398094646139,0.0
2547,1.0,0.05,0.00011940165125694906,13.849171257661567,0.006877148089779207,0.11436398094646139,0.0
2548,1.0,0.05,0.00011940165125694906,13.849171257661567,0.006877148089779207,0.1156507408726222,0.0
2549,1.0,0.05,0.00011940165125694906,13.849171257661567,0.006877148089779207,0.1156507408726222,0.0
2550,1.0,0.05,0.00011940165125694906,13.849171257661567,0.006877148089779207,0.1156507408726222,0.0
2551,1.0,0.05,0.00011940165125694906,13.849171257661567,0.006877148089779207,0.1156507408726222,0.0
2552,1.0,0.05,0.00011940165125694906,13.849171257661567,0.006877148089779207,0.1156507408726222,0.0
2553,1.0,0.05,0.00011940165125694906,8.542313582728681,0.006877148089779207,0.12275631369240946,0.0
2554,1.0,0.05,0.00011940165125694906,8.542313582728681,0.006877148089779207,0.12275631369240946,0.0
2555,1.0,0.05,0.00011940165125694906,8.542313582728681,0.006877148089779207,0.12275631369240946,0.0
2556,1.0,0.05,0.00011940165125694906,8.542313582728681,0.006877148089779207,0.12275631369240946,0.0
2557,1.0,0.05,0.00011940165125694906,8.542313582728681,0.006877148089779207,0.12275631369240946,0.0
2558,1.0,0.05,0.00011940165125694906,8.542313582728681,0.006877148089779207,0.12275631369240946,0.0
2559,1.0,0.05,0.00011940165125694906,8.542313582728681,0.006439273615631766,0.12275631369240946,0.0
2560,1.0,0.05,0.00011940165125694906,8.542313582728681,0.006439273615631766,0.11487366501174828,0.0
2561,1.0,0.05,0.00011940165125694906,8.542313582728681,0.006439273615631766,0.11487366501174828,0.0
2562,1.0,0.05,0.00011940165125694906,8.542313582728681,0.006310222713827287,0.11487366501174828,0.0
2563,1.0,0.05,0.00011940165125694906,8.542313582728681,0.006310222713827287,0.1375452688313944,0.0
2564,1.0,0.05,0.00011940165125694906,8.542313582728681,0.006310222713827287,0.1375452688313944,0.0
2565,1.0,0.05,0.00011940165125694906,6.77558996736245,0.006310222713827287,0.1375452688313944,0.0
2566,1.0,0.05,0.00011940165125694906,6.77558996736245,0.006560721261967443,0.1375452688313944,0.0
2567,1.0,0.05,0.00011940165125694906,6.77558996736245,0.006560721261967443,0.1375452688313944,0.0
2568,1.0,0.05,0.00011940165125694906,6.77558996736245,0.006560721261967443,0.1375452688313944,0.0
2569,1.0,0.05,0.00011940165125694906,6.77558996736245,0.007165777627717155,0.1375452688313944,0.0
2570,1.0,0.05,0.00011940165125694906,6.77558996736245,0.007165777627717155,0.15260824718829832,0.0
2571,1.0,0.05,0.00011940165125694906,6.11541737420815,0.007165777627717155,0.15260824718829832,0.0
2572,1.0,0.05,0.00011940165125694906,6.11541737420815,0.007165777627717155,0.15260824718829832,0.0
2573,1.0,0.05,0.00011940165125694906,6.11541737420815,0.007165777627717155,0.15280466207947105,0.0
2574,1.0,0.05,0.00011940165125694906,6.11541737420815,0.007165777627717155,0.15280466207947105,0.0
2575,1.0,0.05,0.00011940165125694906,6.11541737420815,0.007165777627717155,0.15280466207947105,0.0
2576,1.0,0.05,0.00011940165125694906,6.11541737420815,0.007165777627717155,0.15280466207947105,0.0
2577,1.0,0.05,0.00011940165125694906,6.11541737420815,0.007165777627717155,0.15280466207947105,0.0
2578,1.0,0.05,0.00011940165125694906,6.11541737420815,0.007165777627717155,0.18992713166462483,0.0
2579,1.0,0.05,0.00011940165125694906,6.11541737420815,0.007165777627717155,0.12544756371764362,0.0
2580,1.0,0.05,0.00011940165125694906,18.168403706967553,0.007569640437007346,0.12544756371764362,0.0
2581,1.0,0.05,0.00011940165125694906,7.396263646895207,0.007429444429088079,0.12544756371764362,0.0
2582,1.0,0.05,0.00012830464522557952,7.396263646895207,0.007429444429088079,0.12544756371764362,0.0
2583,1.0,0.05,0.00012830464522557952,6.938603059434882,0.007429444429088079,0.12544756371764362,0.0
2584,1.0,0.05,0.00012830464522557952,6.938603059434882,0.007047914744331814,0.1290790680899183,0.0
2585,1.0,0.05,0.00012830464522557952,6.938603059434882,0.007047914744331814,0.1290790680899183,0.0
2586,1.0,0.05,0.00012830464522557952,6.938603059434882,0.007047914744331814,0.1264745397388792,0.0
2587,1.0,0.05,0.00012830464522557952,6.938603059434882,0.007047914744331814,0.1264745397388792,0.0
2588,1.0,0.05,0.00012830464522557952,6.938603059434882,0.006548956802895255,0.1264745397388792,0.0
2589,1.0,0.05,0.00012830464522557952,6.938603059434882,0.006548956802895255,0.13376375774789329,0.0
2590,1.0,0.05,0.00012830464522557952,6.938603059434882,0.006548956802895255,0.13376375774789329,0.0
2591,1.0,0.05,0.00012830464522557952,6.938603059434882,0.006109517259239111,0.13376375774789329,0.0
2592,1.0,0.05,0.00012830464522557952,6.938603059434882,0.006109517259239111,0.13376375774789329,0.0
2593,1.0,0.05,0.00012830464522557952,6.938603059434882,0.006109517259239111,0.13376375774789329,0.0
2594,1.0,0.05,0.00012830464522557952,6.938603059434882,0.006109517259239111,0.13741727234879872,0.0
2595,1.0,0.05,0.00012830464522557952,6.938603059434882,0.006109517259239111,0.13741727234879872,0.0
2596,1.0,0.05,0.00012849727409483736,6.938603059434882,0.006109517259239111,0.13741727234879872,0.0
2597,1.0,0.05,0.00012849727409483736,6.938603059434882,0.006109517259239111,0.12501588570790095,0.0
2598,1.0,0.05,0.00012849727409483736,6.938603059434882,0.005633856546493786,0.12501588570790095,0.0
2599,1.0,0.05,0.00012849727409483736,6.938603059434882,0.00718477879892109,0.12501588570790095,0.0
2600,1.0,0.05,0.00012849727409483736,6.938603059434882,0.00718477879892109,0.12501588570790095,0.0
2601,1.0,0.05,0.00012849727409483736,6.938603059434882,0.00718477879892109,0.12501588570790095,0.0
2602,1.0,0.05,0.00012849727409483736,7.2272942277623144,0.006241328587020055,0.12501588570790095,0.0
2603,1.0,0.05,0.00012849727409483736,7.2272942277623144,0.006241328587020055,0.12501588570790095,0.0
2604,1.0,0.05,0.00012849727409483736,7.2272942277623144,0.006213541846097191,0.12501588570790095,0.0
2605,1.0,0.05,0.00012849727409483736,7.2272942277623144,0.006213541846097191,0.12501588570790095,0.0
2606,1.0,0.05,0.00012849727409483736,7.2272942277623144,0.006213541846097191,0.12501588570790095,0.0
2607,1.0,0.05,0.00012849727409483736,7.2272942277623144,0.006213541846097191,0.12501588570790095,0.0
2608,1.0,0.05,0.00012849727409483736,7.2272942277623144,0.006213541846097191,0.12501588570790095,0.0
2609,1.0,0.05,0.00012849727409483736,7.2272942277623144,0.006213541846097191,0.12501588570790095,0.0
2610,1.0,0.05,0.00012849727409483736,7.2272942277623144,0.006213541846097191,0.12501588570790095,0.0
2611,1.0,0.05,0.0001255922645238247,7.2272942277623144,0.006368780273800712,0.12501588570790095,0.0
2612,1.0,0.05,0.0001255922645238247,7.2272942277623144,0.006368780273800712,0.12501588570790095,0.0
2613,1.0,0.05,0.0001255922645238247,6.11066974176218,0.006368780273800712,0.12501588570790095,0.0
2614,1.0,0.05,0.0001255922645238247,6.11066974176218,0.006368780273800712,0.12501588570790095,0.0
2615,1.0,0.05,0.0001255922645238247,6.11066974176218,0.006368780273800712,0.12501588570790095,0.0
2616,1.0,0.05,0.0001255922645238247,6.11066974176218,0.006368780273800712,0.12501588570790095,0.0
2617,1.0,0.05,0.0001255922645238247,6.11066974176218,0.006368780273800712,0.12501588570790095,0.0
2618,1.0,0.05,0.0001255922645238247,6.11066974176218,0.006368780273800712,0.12501588570790095,0.0
2619,1.0,0.05,0.0001255922645238247,6.11066974176218,0.006368780273800712,0.12501588570790095,0.0
2620,1.0,0.05,0.0001255922645238247,6.11066974176218,0.006368780273800712,0.12501588570790095,0.0
2621,1.0,0.05,0.0001255922645238247,6.11066974176218,0.006368780273800712,0.12501588570790095,0.0
2622,1.0,0.05,0.0001255922645238247,6.11066974176218,0.006368780273800712,0.12501588570790095,0.0
2623,1.0,0.05,0.0001255922645238247,6.11066974176218,0.006368780273800712,0.1445760820506292,0.0
2624,1.0,0.05,0.0001255922645238247,6.11066974176218,0.006368780273800712,0.1445760820506292,0.0
2625,1.0,0.05,0.00012945440866459764,6.11066974176218,0.00648836437830067,0.1445760820506292,0.0
2626,1.0,0.05,0.00012945440866459764,6.11066974176218,0.00648836437830067,0.1445760820506292,0.0
2627,1.0,0.05,0.00012945440866459764,6.11066974176218,0.00648836437830067,0.1445760820506292,0.0
2628,1.0,0.05,0.00012945440866459764,6.11066974176218,0.00648836437830067,0.1445760820506292,0.0
2629,1.0,0.05,0.00012945440866459764,6.11066974176218,0.00648836437830067,0.1445760820506292,0.0
2630,1.0,0.05,0.00012945440866459764,6.11066974176218,0.00648836437830067,0.1445760820506292,0.0
2631,1.0,0.05,0.00012945440866459764,6.11066974176218,0.00648836437830067,0.1445760820506292,0.0
2632,1.0,0.05,0.0001212053470541653,6.11066974176218,0.00648836437830067,0.1445760820506292,0.0
2633,1.0,0.05,0.0001212053470541653,6.11066974176218,0.00648836437830067,0.1445760820506292,0.0
2634,1.0,0.05,0.0001212053470541653,6.11066974176218,0.00648836437830067,0.1445760820506292,0.0
2635,1.0,0.05,0.0001212053470541653,6.11066974176218,0.00648836437830067,0.1445760820506292,0.0
2636,1.0,0.05,0.0001212053470541653,6.11066974176218,0.00648836437830067,0.1445760820506292,0.0
2637,1.0,0.05,0.00012834872485769123,6.11066974176218,0.00648836437830067,0.1445760820506292,0.0
2638,1.0,0.05,0.00012834872485769123,6.11066974176218,0.00648836437830067,0.1445760820506292,0.0
2639,1.0,0.05,0.00012834872485769123,6.11066974176218,0.00648836437830067,0.1445760820506292,0.0
2640,1.0,0.05,0.00012834872485769123,6.11066974176218,0.00648836437830067,0.1445760820506292,0.0
2641,1.0,0.05,0.00012834872485769123,6.11066974176218,0.00648836437830067,0.1445760820506292,0.0
2642,1.0,0.05,0.00012834872485769123,6.11066974176218,0.00648836437830067,0.1445760820506292,0.0
2643,1.0,0.05,0.00012834872485769123,6.11066974176218,0.00648836437830067,0.1445760820506292,0.0
2644,1.0,0.05,0.00012834872485769123,6.11066974176218,0.00648836437830067,0.1445760820506292,0.0
2645,1.0,0.05,0.0001252870230175159,6.11066974176218,0.00648836437830067,0.1445760820506292,0.0
2646,1.0,0.05,0.0001252870230175159,6.11066974176218,0.00648836437830067,0.1445760820506292,0.0
2647,1.0,0.05,0.0001252870230175159,6.11066974176218,0.00648836437830067,0.1445760820506292,0.0
2648,1.0,0.05,0.0001252870230175159,6.11066974176218,0.00648836437830067,0.1445760820506292,0.0
2649,1.0,0.05,0.0001252870230175159,6.11066974176218,0.00648836437830067,0.1445760820506292,0.0
2650,1.0,0.05,0.0001252870230175159,6.11066974176218,0.00648836437830067,0.1445760820506292,0.0
2651,1.0,0.05,0.00012360504954015572,6.11066974176218,0.00648836437830067,0.1445760820506292,0.0
2652,1.0,0.05,0.0001253823238133592,6.11066974176218,0.006832560753373541,0.1052336080528239,0.0
2653,1.0,0.05,0.0001253823238133592,14.612565637483883,0.0069692350550323535,0.1052336080528239,0.0
2654,1.0,0.05,0.0001253823238133592,14.612565637483883,0.0069692350550323535,0.1052336080528239,0.0
2655,1.0,0.05,0.0001253823238133592,14.612565637483883,0.0069692350550323535,0.1052336080528239,0.0
2656,1.0,0.05,0.0001253823238133592,14.612565637483883,0.0069692350550323535,0.10689796122106021,0.0
2657,1.0,0.05,0.0001253823238133592,14.612565637483883,0.0069692350550323535,0.10689796122106021,0.0
2658,1.0,0.05,0.0001253823238133592,14.612565637483883,0.0069692350550323535,0.10689796122106021,0.0
2659,1.0,0.05,0.0001253823238133592,15.62651924356777,0.0069692350550323535,0.10689796122106021,0.0
2660,1.0,0.05,0.0001253823238133592,15.62651924356777,0.0069692350550323535,0.10689796122106021,0.0
2661,1.0,0.05,0.0001253823238133592,15.62651924356777,0.0069692350550323535,0.10689796122106021,0.0
2662,1.0,0.05,0.0001253823238133592,15.62651924356777,0.0069692350550323535,0.09420290394541204,0.0
2663,1.0,0.05,0.0001253823238133592,15.62651924356777,0.0069692350550323535,0.0869031795673991,0.0
2664,1.0,0.05,0.00012772732686536386,15.62651924356777,0.006314867802315057,0.0869031795673991,0.0
2665,1.0,0.05,0.00012772732686536386,15.62651924356777,0.006314867802315057,0.0869031795673991,0.0
2666,1.0,0.05,0.00012772732686536386,15.62651924356777,0.006314867802315057,0.06662466671251138,0.0
2667,1.0,0.05,0.00012772732686536386,22.52232317503602,0.006314867802315057,0.06662466671251138,0.0
2668,1.0,0.05,0.00012772732686536386,22.52232317503602,0.006314867802315057,0.06662466671251138,0.0
2669,1.0,0.05,0.00012772732686536386,22.52232317503602,0.006314867802315057,0.06767190833651464,0.0
2670,1.0,0.05,0.00012772732686536386,20.737323760964372,0.006314867802315057,0.06767190833651464,0.0
2671,1.0,0.05,0.00012772732686536386,22.541180841017834,0.006314867802315057,0.06767190833651464,0.0
2672,1.0,0.05,0.00012772732686536386,9.256658940229002,0.006314867802315057,0.074255092989401,0.0
2673,1.0,0.05,0.00012772732686536386,9.256658940229002,0.006314867802315057,0.0809700097293303,0.0
2674,1.0,0.05,0.00012772732686536386,9.256658940229002,0.006314867802315057,0.0809700097293303,0.0
2675,1.0,0.05,0.00012772732686536386,9.256658940229002,0.006314867802315057,0.0809700097293303,0.0
2676,1.0,0.05,0.00012772732686536386,9.212937594718795,0.006314867802315057,0.10084981957397642,0.0
2677,1.0,0.05,0.00012801748237506997,9.212937594718795,0.006314867802315057,0.10084981957397642,0.0
2678,1.0,0.05,0.00012801748237506997,9.212937594718795,0.006251998741269784,0.10084981957397642,0.0
2679,1.0,0.05,0.00012801748237506997,9.212937594718795,0.005839940955026242,0.10084981957397642,0.0
2680,1.0,0.05,0.00012801748237506997,7.1557755021269855,0.005839940955026242,0.10084981957397642,0.0
2681,1.0,0.05,0.00012801748237506997,7.1557755021269855,0.005839940955026242,0.10084981957397642,0.0
2682,1.0,0.05,0.00012801748237506997,7.1557755021269855,0.005839940955026242,0.10084981957397642,0.0
2683,1.0,0.05,0.00012801748237506997,7.1557755021269855,0.005839940955026242,0.10084981957397642,0.0
2684,1.0,0.05,0.00012801748237506997,7.1557755021269855,0.005839940955026242,0.10084981957397642,0.0
2685,1.0,0.05,0.00012801748237506997,7.1557755021269855,0.005839940955026242,0.10084981957397642,0.0
2686,1.0,0.05,0.00012801748237506997,7.1557755021269855,0.005839940955026242,0.10084981957397642,0.0
2687,1.0,0.05,0.00012801748237506997,7.1557755021269855,0.005839940955026242,0.10084981957397642,0.0
2688,1.0,0.05,0.00012801748237506997,7.1557755021269855,0.005842224229971656,0.10084981957397642,0.0
2689,1.0,0.05,0.00012801748237506997,7.1557755021269855,0.005842224229971656,0.10084981957397642,0.0
2690,1.0,0.05,0.00012635341854998707,7.1557755021269855,0.005842224229971656,0.11650682298543734,0.0
2691,1.0,0.05,0.00012635341854998707,7.1557755021269855,0.005842224229971656,0.11650682298543734,0.0
2692,1.0,0.05,0.00012635341854998707,7.1557755021269855,0.006608514698132853,0.11650682298543734,0.0
2693,1.0,0.05,0.00012635341854998707,7.1557755021269855,0.006608514698132853,0.11650682298543734,0.0
2694,1.0,0.05,0.00012635341854998707,7.1557755021269855,0.006356556103096643,0.11650682298543734,0.0
2695,1.0,0.05,0.00012635341854998707,7.1557755021269855,0.006356556103096643,0.11650682298543734,0.0
2696,1.0,0.05,0.00012635341854998707,7.1557755021269855,0.0059022546737879005,0.11650682298543734,0.0
2697,1.0,0.05,0.00012635341854998707,7.1557755021269855,0.0059022546737879005,0.09811229353702579,0.0
2698,1.0,0.05,0.00012635341854998707,8.881847175927632,0.0059022546737879005,0.09811229353702579,0.0
2699,1.0,0.05,0.00012635341854998707,8.881847175927632,0.0059022546737879005,0.09811229353702579,0.0
2700,1.0,0.05,0.00012635341854998707,8.881847175927632,0.0059022546737879005,0.09980494840123331,0.0
2701,1.0,0.05,0.00012635341854998707,8.881847175927632,0.0059022546737879005,0.09980494840123331,0.0
2702,1.0,0.05,0.00012635341854998707,8.881847175927632,0.0059022546737879005,0.09980494840123331,0.0
2703,1.0,0.05,0.00012635341854998707,8.881847175927632,0.0059022546737879005,0.08912355842938688,0.0
2704,1.0,0.05,0.00012635341854998707,8.881847175927632,0.005629909449141771,0.08912355842938688,0.0
2705,1.0,0.05,0.00012635341854998707,8.881847175927632,0.005689831383128528,0.08912355842938688,0.0
2706,1.0,0.05,0.00013530697172939708,8.881847175927632,0.005689831383128528,0.08912355842938688,0.0
2707,1.0,0.05,0.00013530697172939708,8.881847175927632,0.005689831383128528,0.08912355842938688,0.0
2708,1.0,0.05,0.00013530697172939708,8.881847175927632,0.005689831383128528,0.08912355842938688,0.0
2709,1.0,0.05,0.00013530697172939708,8.881847175927632,0.005756322814025222,0.08912355842938688,0.0
2710,1.0,0.05,0.00013530697172939708,8.881847175927632,0.005756322814025222,0.10268669015922863,0.0
2711,1.0,0.05,0.00013530697172939708,8.881847175927632,0.005756322814025222,0.10268669015922863,0.0
2712,1.0,0.05,0.00013530697172939708,8.881847175927632,0.005756322814025222,0.10268669015922863,0.0
2713,1.0,0.05,0.00013427365834153048,8.881847175927632,0.005756322814025222,0.10268669015922863,0.0
2714,1.0,0.05,0.00013437629871569486,8.881847175927632,0.005756322814025222,0.09715828939905893,0.0
2715,1.0,0.05,0.00013437629871569486,8.881847175927632,0.005756322814025222,0.11390080656344516,0.0
2716,1.0,0.05,0.00013437629871569486,5.978719792736413,0.005756322814025222,0.11390080656344516,0.0
2717,1.0,0.05,0.00013437629871569486,5.978719792736413,0.005756322814025222,0.12337010002104934,0.0
2718,1.0,0.05,0.00013437629871569486,5.978719792736413,0.005756322814025222,0.12337010002104934,0.0
2719,1.0,0.05,0.00013437629871569486,5.978719792736413,0.005756322814025222,0.13672794179980166,0.0
2720,1.0,0.05,0.00012729500945483395,5.978719792736413,0.005756322814025222,0.12145246157487737,0.0
2721,1.0,0.05,0.00012729500945483395,5.978719792736413,0.005756322814025222,0.12145246157487737,0.0
2722,1.0,0.05,0.00013006823328567577,5.978719792736413,0.005756322814025222,0.12145246157487737,0.0
2723,1.0,0.05,0.00013006823328567577,5.978719792736413,0.005756322814025222,0.12145246157487737,0.0
2724,1.0,0.05,0.00013006823328567577,5.978719792736413,0.005756322814025222,0.12145246157487737,0.0
2725,1.0,0.05,0.00013006823328567577,5.978719792736413,0.005756322814025222,0.12145246157487737,0.0
2726,1.0,0.05,0.00013006823328567577,7.4992619137509,0.005756322814025222,0.12145246157487737,0.0
2727,1.0,0.05,0.00013253082081033244,7.4992619137509,0.005756322814025222,0.12145246157487737,0.0
2728,1.0,0.05,0.0001310093426281156,7.4992619137509,0.005756322814025222,0.10390787901822013,0.0
2729,1.0,0.05,0.0001310093426281156,7.4992619137509,0.005756322814025222,0.10390787901822013,0.0
2730,1.0,0.05,0.0001310093426281156,7.4992619137509,0.005756322814025222,0.10390787901822013,0.0
2731,1.0,0.05,0.0001310093426281156,7.4992619137509,0.005756322814025222,0.10390787901822013,0.0
2732,1.0,0.05,0.0001310093426281156,7.4992619137509,0.005756322814025222,0.10072095616944049,0.0
2733,1.0,0.05,0.0001310093426281156,7.4992619137509,0.005756322814025222,0.10072095616944049,0.0
2734,1.0,0.05,0.0001310093426281156,7.4992619137509,0.005756322814025222,0.11215633885396012,0.0
2735,1.0,0.05,0.0001310093426281156,7.4992619137509,0.005756322814025222,0.11215633885396012,0.0
2736,1.0,0.05,0.0001310093426281156,7.4992619137509,0.005756322814025222,0.12202305125087856,0.0
2737,1.0,0.05,0.0001310093426281156,7.4992619137509,0.0059507118622738366,0.12202305125087856,0.0
2738,1.0,0.05,0.0001310093426281156,7.4992619137509,0.0059507118622738366,0.12202305125087856,0.0
2739,1.0,0.05,0.0001310093426281156,7.4992619137509,0.0059507118622738366,0.12202305125087856,0.0
2740,1.0,0.05,0.0001310093426281156,7.4992619137509,0.0059507118622738366,0.12202305125087856,0.0
2741,1.0,0.05,0.00012389334191924883,7.4992619137509,0.0059507118622738366,0.11423979472493981,0.0
2742,1.0,0.05,0.00012389334191924883,7.4992619137509,0.0059507118622738366,0.11423979472493981,0.0
2743,1.0,0.05,0.00012389334191924883,7.4992619137509,0.0059507118622738366,0.11423979472493981,0.0
2744,1.0,0.05,0.00012389334191924883,7.4992619137509,0.0059507118622738366,0.11423979472493981,0.0
2745,1.0,0.05,0.00013100693626269712,7.4992619137509,0.0059507118622738366,0.11918833165155457,0.0
2746,1.0,0.05,0.00013100693626269712,7.4992619137509,0.0059507118622738366,0.11918833165155457,0.0
2747,1.0,0.05,0.00013100693626269712,7.4992619137509,0.0059507118622738366,0.11918833165155457,0.0
2748,1.0,0.05,0.00013100693626269712,7.4992619137509,0.0059507118622738366,0.13119587073883807,0.0
2749,1.0,0.05,0.00012679698764964039,7.4992619137509,0.005740636006485578,0.13119587073883807,0.0
2750,1.0,0.05,0.00012679698764964039,7.4992619137509,0.005740636006485578,0.13119587073883807,0.0
2751,1.0,0.05,0.00012420841788716403,7.4992619137509,0.005740636006485578,0.13119587073883807,0.0
2752,1.0,0.05,0.00012420841788716403,7.4992619137509,0.005740636006485578,0.13119587073883807,0.0
2753,1.0,0.05,0.00012934243856934724,7.4992619137509,0.006195431374836984,0.13119587073883807,0.0
2754,1.0,0.05,0.00012934243856934724,7.4992619137509,0.006195431374836984,0.13119587073883807,0.0
2755,1.0,0.05,0.00013082767604864027,7.4992619137509,0.006195431374836984,0.13119587073883807,0.0
2756,1.0,0.05,0.00013082767604864027,6.388454296218882,0.006195431374836984,0.13119587073883807,0.0
2757,1.0,0.05,0.00013082767604864027,6.388454296218882,0.006195431374836984,0.13119587073883807,0.0
2758,1.0,0.05,0.00013082767604864027,6.388454296218882,0.006195431374836984,0.13119587073883807,0.0
2759,1.0,0.05,0.00013082767604864027,6.388454296218882,0.006195431374836984,0.13119587073883807,0.0
2760,1.0,0.05,0.00013082767604864027,6.388454296218882,0.006195431374836984,0.13119587073883807,0.0
2761,1.0,0.05,0.00013082767604864027,6.388454296218882,0.006195431374836984,0.13119587073883807,0.0
2762,1.0,0.05,0.00013082767604864027,6.388454296218882,0.006195431374836984,0.13119587073883807,0.0
2763,1.0,0.05,0.00013082767604864027,6.388454296218882,0.006195431374836984,0.13119587073883807,0.0
2764,1.0,0.05,0.00013082767604864027,6.388454296218882,0.005467516190086769,0.13119587073883807,0.0
2765,1.0,0.05,0.00013082767604864027,6.388454296218882,0.005467516190086769,0.09937835761352613,0.0
2766,1.0,0.05,0.00013082767604864027,6.388454296218882,0.005467516190086769,0.09937835761352613,0.0
2767,1.0,0.05,0.00013082767604864027,6.388454296218882,0.0061258090288896965,0.12129640924766068,0.0
2768,1.0,0.05,0.0001319585910786702,6.388454296218882,0.0061258090288896965,0.12129640924766068,0.0
2769,1.0,0.05,0.0001237776721737914,6.388454296218882,0.0061258090288896965,0.12129640924766068,0.0
2770,1.0,0.05,0.00012156864238277368,6.388454296218882,0.0061258090288896965,0.12129640924766068,0.0
2771,1.0,0.05,0.00012156864238277368,11.32991310280525,0.006835813591393775,0.12129640924766068,0.0
2772,1.0,0.05,0.00012156864238277368,11.32991310280525,0.006835813591393775,0.12129640924766068,0.0
2773,1.0,0.05,0.00012156864238277368,11.32991310280525,0.006835813591393775,0.12129640924766068,0.0
2774,1.0,0.05,0.00012156864238277368,11.32991310280525,0.006835813591393775,0.12129640924766068,0.0
2775,1.0,0.05,0.00012156864238277368,11.32991310280525,0.006835813591393775,0.12129640924766068,0.0
2776,1.0,0.05,0.00012156864238277368,11.32991310280525,0.006835813591393775,0.12129640924766068,0.0
2777,1.0,0.05,0.00012156864238277368,11.32991310280525,0.00721606160824336,0.12129640924766068,0.0
2778,1.0,0.05,0.00012156864238277368,11.32991310280525,0.00721606160824336,0.10537490677475306,0.0
2779,1.0,0.05,0.00012156864238277368,8.72952189838054,0.00721606160824336,0.10537490677475306,0.0
2780,1.0,0.05,0.00012156864238277368,8.72952189838054,0.00721606160824336,0.12555472132612755,0.0
2781,1.0,0.05,0.00012156864238277368,8.72952189838054,0.00721606160824336,0.12555472132612755,0.0
2782,1.0,0.05,0.00012156864238277368,8.72952189838054,0.00721606160824336,0.1054969333221886,0.0
2783,1.0,0.05,0.00012156864238277368,8.72952189838054,0.00721606160824336,0.1054969333221886,0.0
2784,1.0,0.05,0.00012156864238277368,8.72952189838054,0.00721606160824336,0.1054969333221886,0.0
2785,1.0,0.05,0.00012156864238277368,8.72952189838054,0.00721606160824336,0.1054969333221886,0.0
2786,1.0,0.05,0.00012156864238277368,8.72952189838054,0.00721606160824336,0.10505237230228603,0.0
2787,1.0,0.05,0.00012156864238277368,8.72952189838054,0.00721606160824336,0.10505237230228603,0.0
2788,1.0,0.05,0.00012156864238277368,8.72952189838054,0.00721606160824336,0.10505237230228603,0.0
2789,1.0,0.05,0.00012156864238277368,8.72952189838054,0.00721606160824336,0.10505237230228603,0.0
2790,1.0,0.05,0.00012156864238277368,12.375742069550896,0.00721606160824336,0.10505237230228603,0.0
2791,1.0,0.05,0.00012156864238277368,10.181082355823762,0.00721606160824336,0.14047985843889782,0.0
2792,1.0,0.05,0.00012156864238277368,10.181082355823762,0.00721606160824336,0.14047985843889782,0.0
2793,1.0,0.05,0.00012156864238277368,10.181082355823762,0.006974086767682219,0.14047985843889782,0.0
2794,1.0,0.05,0.00012156864238277368,10.181082355823762,0.006974086767682219,0.1346040641657467,0.0
2795,1.0,0.05,0.00012156864238277368,10.181082355823762,0.006974086767682219,0.1346040641657467,0.0
2796,1.0,0.05,0.00012156864238277368,10.181082355823762,0.006974086767682219,0.15642383742192842,0.0
2797,1.0,0.05,0.0001139433330075265,10.181082355823762,0.006974086767682219,0.15642383742192842,0.0
2798,1.0,0.05,0.0001254110112902174,9.184423808413953,0.006974086767682219,0.15642383742192842,0.0
2799,1.0,0.05,0.0001254110112902174,9.184423808413953,0.006974086767682219,0.15642383742192842,0.0
2800,1.0,0.05,0.0001254110112902174,9.184423808413953,0.006974086767682219,0.15642383742192842,0.0
2801,1.0,0.05,0.0001254110112902174,3.9745195955111825,0.006974086767682219,0.15642383742192842,0.0
2802,1.0,0.05,0.0001254110112902174,3.9745195955111825,0.005927369315561659,0.15642383742192842,0.0
2803,1.0,0.05,0.0001254110112902174,3.9745195955111825,0.006219737686801235,0.1840280662316485,0.0
2804,1.0,0.05,0.0001254110112902174,3.9745195955111825,0.006219737686801235,0.1840280662316485,0.0
2805,1.0,0.05,0.0001254110112902174,3.9745195955111825,0.006219737686801235,0.1840280662316485,0.0
2806,1.0,0.05,0.0001254110112902174,3.9745195955111825,0.006219737686801235,0.1840280662316485,0.0
2807,1.0,0.05,0.0001254110112902174,3.9745195955111825,0.007145673830489247,0.1840280662316485,0.0
2808,1.0,0.05,0.0001245644843046238,3.9745195955111825,0.007145673830489247,0.1840280662316485,0.0
2809,1.0,0.05,0.0001245644843046238,3.9745195955111825,0.007145673830489247,0.1840280662316485,0.0
2810,1.0,0.05,0.0001245644843046238,3.9745195955111825,0.0069645480094019194,0.1840280662316485,0.0
2811,1.0,0.05,0.0001245644843046238,3.9745195955111825,0.0069645480094019194,0.1840280662316485,0.0
2812,1.0,0.05,0.0001245644843046238,3.9745195955111825,0.0069645480094019194,0.1840280662316485,0.0
2813,1.0,0.05,0.0001245644843046238,3.9745195955111825,0.0069645480094019194,0.1840280662316485,0.0
2814,1.0,0.05,0.0001245644843046238,3.9745195955111825,0.0069645480094019194,0.1840280662316485,0.0
2815,1.0,0.05,0.0001245644843046238,3.9745195955111825,0.0069645480094019194,0.1840280662316485,0.0
2816,1.0,0.05,0.0001245644843046238,5.592542011398606,0.006931282075592851,0.1840280662316485,0.0
2817,1.0,0.05,0.00011501823533880927,5.592542011398606,0.006931282075592851,0.1840280662316485,0.0
2818,1.0,0.05,0.00011501823533880927,9.338662436008178,0.006931282075592851,0.1840280662316485,0.0
2819,1.0,0.05,0.00011501823533880927,9.338662436008178,0.006931282075592851,0.1840280662316485,0.0
2820,1.0,0.05,0.00011501823533880927,9.338662436008178,0.006773247690953171,0.1840280662316485,0.0
2821,1.0,0.05,0.00011501823533880927,9.338662436008178,0.006773247690953171,0.1840280662316485,0.0
2822,1.0,0.05,0.00011501823533880927,9.338662436008178,0.006773247690953171,0.1840280662316485,0.0
2823,1.0,0.05,0.00011501823533880927,9.338662436008178,0.006773247690953171,0.1840280662316485,0.0
2824,1.0,0.05,0.00011111211108178246,9.338662436008178,0.006773247690953171,0.1840280662316485,0.0
2825,1.0,0.05,0.00011111211108178246,9.338662436008178,0.006773247690953171,0.1840280662316485,0.0
2826,1.0,0.05,0.00012435023798913048,9.338662436008178,0.006635621813441794,0.1840280662316485,0.0
2827,1.0,0.05,0.00012435023798913048,7.951613930883411,0.006635621813441794,0.1840280662316485,0.0
2828,1.0,0.05,0.00012435023798913048,7.951613930883411,0.006635621813441794,0.1840280662316485,0.0
2829,1.0,0.05,0.00012435023798913048,7.951613930883411,0.006635621813441794,0.11667069301574094,0.0
2830,1.0,0.05,0.00012435023798913048,7.951613930883411,0.006635621813441794,0.11667069301574094,0.0
2831,1.0,0.05,0.00012435023798913048,7.951613930883411,0.006635621813441794,0.11667069301574094,0.0
2832,1.0,0.05,0.00012435023798913048,7.951613930883411,0.0065739218173887235,0.11667069301574094,0.0
2833,1.0,0.05,0.00012435023798913048,7.951613930883411,0.0065739218173887235,0.11667069301574094,0.0
2834,1.0,0.05,0.00012435023798913048,7.951613930883411,0.0065739218173887235,0.11667069301574094,0.0
2835,1.0,0.05,0.00012435023798913048,10.76948891160994,0.0065739218173887235,0.11667069301574094,0.0
2836,1.0,0.05,0.00012435023798913048,10.76948891160994,0.0065739218173887235,0.11667069301574094,0.0
2837,1.0,0.05,0.00012435023798913048,10.76948891160994,0.0065739218173887235,0.11667069301574094,0.0
2838,1.0,0.05,0.00012435023798913048,10.76948891160994,0.006194791853007537,0.11667069301574094,0.0
2839,1.0,0.05,0.00012435023798913048,10.76948891160994,0.006194791853007537,0.11667069301574094,0.0
2840,1.0,0.05,0.00012435023798913048,10.76948891160994,0.006194791853007537,0.11667069301574094,0.0
2841,1.0,0.05,0.00012435023798913048,10.76948891160994,0.006738571030014357,0.11667069301574094,0.0
2842,1.0,0.05,0.00012435023798913048,10.76948891160994,0.006738571030014357,0.11667069301574094,0.0
2843,1.0,0.05,0.00012625996900160932,10.76948891160994,0.006738571030014357,0.11667069301574094,0.0
2844,1.0,0.05,0.00012625996900160932,10.76948891160994,0.006738571030014357,0.11667069301574094,0.0
2845,1.0,0.05,0.00012625996900160932,10.76948891160994,0.006738571030014357,0.11667069301574094,0.0
2846,1.0,0.05,0.00012625996900160932,10.76948891160994,0.006738571030014357,0.11667069301574094,0.0
2847,1.0,0.05,0.00012625996900160932,10.76948891160994,0.006738571030014357,0.11667069301574094,0.0
2848,1.0,0.05,0.00012625996900160932,6.870202734808785,0.006738571030014357,0.11667069301574094,0.0
2849,1.0,0.05,0.00012625996900160932,9.681568172121516,0.006827802604848093,0.11667069301574094,0.0
2850,1.0,0.05,0.00012625996900160932,9.681568172121516,0.006286747781356864,0.11667069301574094,0.0
2851,1.0,0.05,0.00012625996900160932,9.681568172121516,0.006286747781356864,0.11667069301574094,0.0
2852,1.0,0.05,0.00012325740222122805,9.681568172121516,0.006286747781356864,0.11667069301574094,0.0
2853,1.0,0.05,0.00012325740222122805,9.681568172121516,0.006286747781356864,0.11667069301574094,0.0
2854,1.0,0.05,0.00012325740222122805,9.019817771926597,0.006286747781356864,0.11667069301574094,0.0
2855,1.0,0.05,0.00012325740222122805,9.019817771926597,0.006890849598193773,0.11667069301574094,0.0
2856,1.0,0.05,0.00012325740222122805,10.025742536689194,0.006890849598193773,0.11667069301574094,0.0
2857,1.0,0.05,0.00012325740222122805,10.025742536689194,0.007081936445818493,0.11667069301574094,0.0
2858,1.0,0.05,0.0001093782347398759,10.025742536689194,0.007081936445818493,0.17224927176428292,0.0
2859,1.0,0.05,0.0001093782347398759,10.025742536689194,0.007081936445818493,0.17224927176428292,0.0
2860,1.0,0.05,0.0001093782347398759,10.025742536689194,0.007081936445818493,0.17224927176428292,0.0
2861,1.0,0.05,0.0001093782347398759,11.191138996003218,0.007081936445818493,0.17224927176428292,0.0
2862,1.0,0.05,0.0001093782347398759,11.191138996003218,0.007081936445818493,0.17224927176428292,0.0
2863,1.0,0.05,0.0001093782347398759,11.191138996003218,0.007081936445818493,0.17224927176428292,0.0
2864,1.0,0.05,0.0001093782347398759,11.191138996003218,0.0075706516249030836,0.17224927176428292,0.0
2865,1.0,0.05,0.0001093782347398759,11.191138996003218,0.0075706516249030836,0.20814043483398578,0.0
2866,1.0,0.05,0.0001093782347398759,11.191138996003218,0.0075706516249030836,0.20814043483398578,0.0
2867,1.0,0.05,0.0001093782347398759,11.191138996003218,0.008240691624586178,0.20814043483398578,0.0
2868,1.0,0.05,0.0001093782347398759,11.191138996003218,0.008240691624586178,0.20814043483398578,0.0
2869,1.0,0.05,0.00011401371797725716,11.191138996003218,0.008240691624586178,0.20814043483398578,0.0
2870,1.0,0.05,0.00011401371797725716,8.127141755597094,0.008958878769124353,0.20814043483398578,0.0
2871,1.0,0.05,0.00011401371797725716,8.127141755597094,0.008958878769124353,0.20814043483398578,0.0
2872,1.0,0.05,0.00011401371797725716,7.2701092844966695,0.008958878769124353,0.20814043483398578,0.0
2873,1.0,0.05,0.00011401371797725716,7.2701092844966695,0.008958878769124353,0.20814043483398578,0.0
2874,1.0,0.05,0.00011401371797725716,7.2701092844966695,0.008468188025734475,0.20814043483398578,0.0
2875,1.0,0.05,0.00011401371797725716,7.2701092844966695,0.008468188025734475,0.20814043483398578,0.0
2876,1.0,0.05,0.00011401371797725716,7.2701092844966695,0.007239471869132935,0.20814043483398578,0.0
2877,1.0,0.05,0.00011401371797725716,7.2701092844966695,0.007239471869132935,0.20814043483398578,0.0
2878,1.0,0.05,0.00011401371797725716,7.2701092844966695,0.006703795189705105,0.20658997384936648,0.0
2879,1.0,0.05,0.00011401371797725716,7.2701092844966695,0.006703795189705105,0.20658997384936648,0.0
2880,1.0,0.05,0.00011401371797725716,7.2701092844966695,0.00834518593524623,0.20658997384936648,0.0
2881,1.0,0.05,0.00011401371797725716,7.2701092844966695,0.00834518593524623,0.148051452292055,0.0
2882,1.0,0.05,0.00011401371797725716,15.653479135337633,0.00834518593524623,0.14485951636926805,0.0
2883,1.0,0.05,0.00011401371797725716,14.485489741716478,0.00834518593524623,0.14485951636926805,0.0
2884,1.0,0.05,0.00011401371797725716,14.485489741716478,0.00834518593524623,0.14485951636926805,0.0
2885,1.0,0.05,0.00011401371797725716,14.485489741716478,0.00834518593524623,0.14485951636926805,0.0
2886,1.0,0.05,0.00011263023858997839,14.485489741716478,0.00834518593524623,0.13787785531011532,0.0
2887,1.0,0.05,0.00011773251456062218,14.485489741716478,0.00834518593524623,0.13787785531011532,0.0
2888,1.0,0.05,0.00012187621943171501,14.485489741716478,0.00834518593524623,0.13787785531011532,0.0
2889,1.0,0.05,0.00012187621943171501,14.485489741716478,0.00834518593524623,0.13787785531011532,0.0
2890,1.0,0.05,0.00012187621943171501,14.485489741716478,0.00834518593524623,0.13787785531011532,0.0
2891,1.0,0.05,0.00012187621943171501,14.485489741716478,0.00834518593524623,0.13787785531011532,0.0
2892,1.0,0.05,0.00012187621943171501,14.485489741716478,0.007407612157559861,0.13787785531011532,0.0
2893,1.0,0.05,0.00012187621943171501,14.485489741716478,0.007407612157559861,0.13787785531011532,0.0
2894,1.0,0.05,0.00012187621943171501,6.205918056443366,0.007407612157559861,0.13787785531011532,0.0
2895,1.0,0.05,0.00012187621943171501,6.205918056443366,0.007407612157559861,0.13787785531011532,0.0
2896,1.0,0.05,0.00012187621943171501,6.205918056443366,0.007407612157559861,0.13787785531011532,0.0
2897,1.0,0.05,0.00012187621943171501,6.205918056443366,0.007407612157559861,0.13787785531011532,0.0
2898,1.0,0.05,0.00012187621943171501,6.205918056443366,0.007407612157559861,0.12446719341121606,0.0
2899,1.0,0.05,0.00012187621943171501,15.964361090686396,0.007407612157559861,0.12446719341121606,0.0
2900,1.0,0.05,0.00012187621943171501,15.964361090686396,0.007407612157559861,0.12446719341121606,0.0
2901,1.0,0.05,0.00012187621943171501,15.964361090686396,0.007407612157559861,0.10680380508776359,0.0
2902,1.0,0.05,0.00012187621943171501,15.964361090686396,0.007407612157559861,0.10680380508776359,0.0
2903,1.0,0.05,0.00012187621943171501,15.964361090686396,0.007407612157559861,0.10680380508776359,0.0
2904,1.0,0.05,0.00012187621943171501,15.964361090686396,0.006827315450345719,0.10680380508776359,0.0
2905,1.0,0.05,0.00012187621943171501,15.964361090686396,0.006827315450345719,0.10680380508776359,0.0
2906,1.0,0.05,0.00012187621943171501,15.964361090686396,0.006827315450345719,0.10680380508776359,0.0
2907,1.0,0.05,0.00012187621943171501,15.964361090686396,0.006827315450345719,0.10680380508776359,0.0
2908,1.0,0.05,0.00012187621943171501,8.387925674224277,0.006827315450345719,0.10680380508776359,0.0
2909,1.0,0.05,0.00012187621943171501,8.387925674224277,0.006827315450345719,0.11895558635649818,0.0
2910,1.0,0.05,0.00012339841503920522,8.387925674224277,0.006331517092246724,0.11895558635649818,0.0
2911,1.0,0.05,0.00012339841503920522,4.8895331820390595,0.006331517092246724,0.11895558635649818,0.0
2912,1.0,0.05,0.00012339841503920522,11.005665706594314,0.006331517092246724,0.11895558635649818,0.0
2913,1.0,0.05,0.00012339841503920522,11.005665706594314,0.007019381716571423,0.11895558635649818,0.0
2914,1.0,0.05,0.00012339841503920522,11.005665706594314,0.007019381716571423,0.11895558635649818,0.0
2915,1.0,0.05,0.00012339841503920522,11.005665706594314,0.0073449278373216775,0.11895558635649818,0.0
2916,1.0,0.05,0.00012339841503920522,11.005665706594314,0.0073449278373216775,0.11895558635649818,0.0
2917,1.0,0.05,0.00012339841503920522,11.005665706594314,0.0067959336765122304,0.11895558635649818,0.0
2918,1.0,0.05,0.00012339841503920522,11.005665706594314,0.00644040973449767,0.11895558635649818,0.0
2919,1.0,0.05,0.00012339841503920522,11.005665706594314,0.00644040973449767,0.10927643785298238,0.0
2920,1.0,0.05,0.00012339841503920522,11.005665706594314,0.007079664273142019,0.10927643785298238,0.0
2921,1.0,0.05,0.00012339841503920522,11.005665706594314,0.007079664273142019,0.10927643785298238,0.0
2922,1.0,0.05,0.0001264415800988399,11.005665706594314,0.005933538285183777,0.10927643785298238,0.0
2923,1.0,0.05,0.0001264415800988399,8.775471275115933,0.006288034080090618,0.10927643785298238,0.0
2924,1.0,0.05,0.0001264415800988399,8.775471275115933,0.006288034080090618,0.1339218535278122,0.0
2925,1.0,0.05,0.0001264415800988399,8.775471275115933,0.006288034080090618,0.1339218535278122,0.0
2926,1.0,0.05,0.0001264415800988399,8.775471275115933,0.006288034080090618,0.1339218535278122,0.0
2927,1.0,0.05,0.0001264415800988399,8.775471275115933,0.006288034080090618,0.1339218535278122,0.0
2928,1.0,0.05,0.0001264415800988399,8.775471275115933,0.005940092345269356,0.1339218535278122,0.0
2929,1.0,0.05,0.0001264415800988399,8.569871169232997,0.005940092345269356,0.11111892868438022,0.0
2930,1.0,0.05,0.0001264415800988399,8.569871169232997,0.005940092345269356,0.11111892868438022,0.0
2931,1.0,0.05,0.0001264415800988399,8.569871169232997,0.005940092345269356,0.11111892868438022,0.0
2932,1.0,0.05,0.0001264415800988399,8.569871169232997,0.006918200010731306,0.11111892868438022,0.0
2933,1.0,0.05,0.0001264415800988399,8.569871169232997,0.006918200010731306,0.11111892868438022,0.0
2934,1.0,0.05,0.0001264415800988399,8.569871169232997,0.006918200010731306,0.11111892868438022,0.0
2935,1.0,0.05,0.0001264415800988399,8.569871169232997,0.006918200010731306,0.11111892868438022,0.0
2936,1.0,0.05,0.0001264415800988399,8.569871169232997,0.006918200010731306,0.11111892868438022,0.0
2937,1.0,0.05,0.0001264415800988399,8.569871169232997,0.006918200010731306,0.11111892868438022,0.0
2938,1.0,0.05,0.0001264415800988399,8.569871169232997,0.006730498283521552,0.11111892868438022,0.0
2939,1.0,0.05,0.0001264415800988399,8.569871169232997,0.006823479597274665,0.11111892868438022,0.0
2940,1.0,0.05,0.0001264415800988399,8.569871169232997,0.006823479597274665,0.1433233243844746,0.0
2941,1.0,0.05,0.0001264415800988399,8.569871169232997,0.006486512380051339,0.1433233243844746,0.0
2942,1.0,0.05,0.0001264415800988399,8.569871169232997,0.006486512380051339,0.1433233243844746,0.0
2943,1.0,0.05,0.0001264415800988399,8.569871169232997,0.006354854362803607,0.1433233243844746,0.0
2944,1.0,0.05,0.0001264415800988399,7.40104960046051,0.007066314717631365,0.1433233243844746,0.0
2945,1.0,0.05,0.0001264415800988399,7.40104960046051,0.007066314717631365,0.1433233243844746,0.0
2946,1.0,0.05,0.0001264415800988399,7.40104960046051,0.007066314717631365,0.1433233243844746,0.0
2947,1.0,0.05,0.0001264415800988399,7.40104960046051,0.006869791756371697,0.1433233243844746,0.0
2948,1.0,0.05,0.0001264415800988399,7.40104960046051,0.006480336438265122,0.1433233243844746,0.0
2949,1.0,0.05,0.00012673218603363284,7.40104960046051,0.006480336438265122,0.1433233243844746,0.0
2950,1.0,0.05,0.0001314529436840624,7.40104960046051,0.006480336438265122,0.13668745823662465,0.0
2951,1.0,0.05,0.00012967448920156305,7.40104960046051,0.006480336438265122,0.11559024900603534,0.0
2952,1.0,0.05,0.00012967448920156305,7.40104960046051,0.00679517277969036,0.11559024900603534,0.0
2953,1.0,0.05,0.00012967448920156305,7.40104960046051,0.00679517277969036,0.11559024900603534,0.0
2954,1.0,0.05,0.00012967448920156305,7.40104960046051,0.005460612775799064,0.11559024900603534,0.0
2955,1.0,0.05,0.00012967448920156305,7.40104960046051,0.005460612775799064,0.11559024900603534,0.0
2956,1.0,0.05,0.00012967448920156305,6.247882554791076,0.005460612775799064,0.11559024900603534,0.0
2957,1.0,0.05,0.00012967448920156305,6.247882554791076,0.005460612775799064,0.11559024900603534,0.0
2958,1.0,0.05,0.00012967448920156305,6.247882554791076,0.005460612775799064,0.11559024900603534,0.0
2959,1.0,0.05,0.00012967448920156305,4.591164753009295,0.005460612775799064,0.1278706101035305,0.0
2960,1.0,0.05,0.00012967448920156305,4.591164753009295,0.005460612775799064,0.1278706101035305,0.0
2961,1.0,0.05,0.00012967448920156305,4.591164753009295,0.005460612775799064,0.1278706101035305,0.0
2962,1.0,0.05,0.00012967448920156305,4.591164753009295,0.005460612775799064,0.1278706101035305,0.0
2963,1.0,0.05,0.00012967448920156305,4.591164753009295,0.005460612775799064,0.1278706101035305,0.0
2964,1.0,0.05,0.00012967448920156305,4.591164753009295,0.005460612775799064,0.1278706101035305,0.0
2965,1.0,0.05,0.00012967448920156305,4.591164753009295,0.005460612775799064,0.11428384399675232,0.0
2966,1.0,0.05,0.00012967448920156305,4.591164753009295,0.005460612775799064,0.11428384399675232,0.0
2967,1.0,0.05,0.00012967448920156305,4.591164753009295,0.005460612775799064,0.11428384399675232,0.0
2968,1.0,0.05,0.00012967448920156305,4.591164753009295,0.005460612775799064,0.11428384399675232,0.0
2969,1.0,0.05,0.00012967448920156305,4.591164753009295,0.005460612775799064,0.10828385065845675,0.0
2970,1.0,0.05,0.00012967448920156305,4.591164753009295,0.005460612775799064,0.10828385065845675,0.0
2971,1.0,0.05,0.00012967448920156305,4.591164753009295,0.005460612775799064,0.10828385065845675,0.0
2972,1.0,0.05,0.00012967448920156305,4.591164753009295,0.005460612775799064,0.10828385065845675,0.0
2973,1.0,0.05,0.00012967448920156305,4.591164753009295,0.005460612775799064,0.10828385065845675,0.0
2974,1.0,0.05,0.00012967448920156305,4.591164753009295,0.005460612775799064,0.10828385065845675,0.0
2975,1.0,0.05,0.00012967448920156305,4.323673780729138,0.005460612775799064,0.10828385065845675,0.0
2976,1.0,0.05,0.00012967448920156305,4.323673780729138,0.005460612775799064,0.10828385065845675,0.0
2977,1.0,0.05,0.00012967448920156305,4.323673780729138,0.005460612775799064,0.10828385065845675,0.0
2978,1.0,0.05,0.00012967448920156305,7.192522491887715,0.005460612775799064,0.10828385065845675,0.0
2979,1.0,0.05,0.00012967448920156305,7.405836392077035,0.005460612775799064,0.10828385065845675,0.0
2980,1.0,0.05,0.00012967448920156305,7.405836392077035,0.005460612775799064,0.10337650907177301,0.0
2981,1.0,0.05,0.00012967448920156305,7.405836392077035,0.005460612775799064,0.10337650907177301,0.0
2982,1.0,0.05,0.00012548211922839035,7.405836392077035,0.005460612775799064,0.10301032189144763,0.0
2983,1.0,0.05,0.00012548211922839035,10.089505535477656,0.005460612775799064,0.10301032189144763,0.0
2984,1.0,0.05,0.00012548211922839035,10.017841336148933,0.005460612775799064,0.10301032189144763,0.0
2985,1.0,0.05,0.00012548211922839035,10.017841336148933,0.005460612775799064,0.10301032189144763,0.0
2986,1.0,0.05,0.00012548211922839035,10.017841336148933,0.005460612775799064,0.10301032189144763,0.0
2987,1.0,0.05,0.00012548211922839035,10.017841336148933,0.005460612775799064,0.10301032189144763,0.0
2988,1.0,0.05,0.00012548211922839035,10.017841336148933,0.005460612775799064,0.10301032189144763,0.0
2989,1.0,0.05,0.00012548211922839035,10.017841336148933,0.005460612775799064,0.10301032189144763,0.0
2990,1.0,0.05,0.00012548211922839035,10.017841336148933,0.005512442390852439,0.10301032189144763,0.0
2991,1.0,0.05,0.00012548211922839035,10.017841336148933,0.005512442390852439,0.10301032189144763,0.0
2992,1.0,0.05,0.00012548211922839035,10.017841336148933,0.005512442390852439,0.11013394858298872,0.0
2993,1.0,0.05,0.0001318181060077415,10.017841336148933,0.005512442390852439,0.11013394858298872,0.0
2994,1.0,0.05,0.0001318181060077415,10.017841336148933,0.005512442390852439,0.11013394858298872,0.0
2995,1.0,0.05,0.00013180916831772823,10.017841336148933,0.005512442390852439,0.11013394858298872,0.0
2996,1.0,0.05,0.00013180916831772823,10.017841336148933,0.005512442390852439,0.11013394858298872,0.0
2997,1.0,0.05,0.00013180916831772823,10.017841336148933,0.005512442390852439,0.11013394858298872,0.0
2998,1.0,0.05,0.00013180916831772823,10.017841336148933,0.005512442390852439,0.11013394858298872,0.0
2999,1.0,0.05,0.00013180916831772823,10.017841336148933,0.005512442390852439,0.11013394858298872,0.0
3000,1.0,0.05,0.00013180916831772823,10.017841336148933,0.005904868717515758,0.11013394858298872,0.0
3001,1.0,0.05,0.00013180916831772823,10.017841336148933,0.005767252624279633,0.11013394858298872,0.0
3002,1.0,0.05,0.00012852980444553336,10.017841336148933,0.005767252624279633,0.11013394858298872,0.0
3003,1.0,0.05,0.00012852980444553336,10.017841336148933,0.005767252624279633,0.11013394858298872,0.0
3004,1.0,0.05,0.00012852980444553336,10.017841336148933,0.005767252624279633,0.11013394858298872,0.0
3005,1.0,0.05,0.00012852980444553336,11.424470654937664,0.006476894372500918,0.11013394858298872,0.0
3006,1.0,0.05,0.00012852980444553336,11.424470654937664,0.006476894372500918,0.11013394858298872,0.0
3007,1.0,0.05,0.00012852980444553336,11.424470654937664,0.006476894372500918,0.11013394858298872,0.0
3008,1.0,0.05,0.00012852980444553336,7.771647606171143,0.006476894372500918,0.11013394858298872,0.0
3009,1.0,0.05,0.00012852980444553336,7.771647606171143,0.006466653853759176,0.11013394858298872,0.0
3010,1.0,0.05,0.00012809174211948074,7.771647606171143,0.006466653853759176,0.11013394858298872,0.0
3011,1.0,0.05,0.00012809174211948074,7.771647606171143,0.006466653853759176,0.11013394858298872,0.0
3012,1.0,0.05,0.00012809174211948074,7.771647606171143,0.0063028748777756,0.11013394858298872,0.0
3013,1.0,0.05,0.00012809174211948074,7.771647606171143,0.0063028748777756,0.13680654310812643,0.0
3014,1.0,0.05,0.00012809174211948074,7.771647606171143,0.0063028748777756,0.13680654310812643,0.0
3015,1.0,0.05,0.00012809174211948074,7.919399084365608,0.0063028748777756,0.13680654310812643,0.0
3016,1.0,0.05,0.00012809174211948074,7.919399084365608,0.005959611561176834,0.13680654310812643,0.0
3017,1.0,0.05,0.00012809174211948074,7.919399084365608,0.005959611561176834,0.13680654310812643,0.0
3018,1.0,0.05,0.00012809174211948074,7.919399084365608,0.005959611561176834,0.13680654310812643,0.0
3019,1.0,0.05,0.00012809174211948074,7.919399084365608,0.005959611561176834,0.13680654310812643,0.0
3020,1.0,0.05,0.00012809174211948074,7.919399084365608,0.005959611561176834,0.13680654310812643,0.0
3021,1.0,0.05,0.00012809174211948074,7.919399084365608,0.005959611561176834,0.11091492820446107,0.0
3022,1.0,0.05,0.00012809174211948074,7.919399084365608,0.005959611561176834,0.11091492820446107,0.0
3023,1.0,0.05,0.00012809174211948074,7.919399084365608,0.005412126914309888,0.11091492820446107,0.0
3024,1.0,0.05,0.00012809174211948074,7.919399084365608,0.005412126914309888,0.11374141890841549,0.0
3025,1.0,0.05,0.00012809174211948074,7.919399084365608,0.005412126914309888,0.11374141890841549,0.0
3026,1.0,0.05,0.00012809174211948074,7.919399084365608,0.005412126914309888,0.11374141890841549,0.0
3027,1.0,0.05,0.00012809174211948074,7.919399084365608,0.0063694380356617945,0.11869390088011456,0.0
3028,1.0,0.05,0.00012809174211948074,5.556816418463924,0.0063694380356617945,0.11869390088011456,0.0
3029,1.0,0.05,0.00012809174211948074,5.556816418463924,0.006554053275642891,0.12187259507464482,0.0
3030,1.0,0.05,0.00012809174211948074,5.556816418463924,0.005291011474628545,0.12187259507464482,0.0
3031,1.0,0.05,0.00012809174211948074,5.556816418463924,0.005291011474628545,0.12187259507464482,0.0
3032,1.0,0.05,0.00012809174211948074,5.556816418463924,0.005291011474628545,0.12187259507464482,0.0
3033,1.0,0.05,0.00012809174211948074,8.861860652837962,0.005160253202143303,0.12187259507464482,0.0
3034,1.0,0.05,0.00012809174211948074,8.861860652837962,0.005160253202143303,0.12187259507464482,0.0
3035,1.0,0.05,0.00012809174211948074,8.861860652837962,0.005160253202143303,0.0902484736743096,0.0
3036,1.0,0.05,0.00012809174211948074,8.861860652837962,0.005160253202143303,0.0902484736743096,0.0
3037,1.0,0.05,0.00012809174211948074,7.897338184042809,0.006588935457802328,0.0902484736743096,0.0
3038,1.0,0.05,0.00013031854835862907,7.897338184042809,0.006588935457802328,0.0852670552092062,0.0
3039,1.0,0.05,0.00013031854835862907,7.897338184042809,0.006588935457802328,0.0852670552092062,0.0
3040,1.0,0.05,0.00013031854835862907,7.897338184042809,0.006588935457802328,0.0852670552092062,0.0
3041,1.0,0.05,0.00013031854835862907,14.35604845843055,0.006107502254657536,0.0852670552092062,0.0
3042,1.0,0.05,0.00013031854835862907,12.065977333031341,0.006107502254657536,0.0852670552092062,0.0
3043,1.0,0.05,0.00013031854835862907,9.87599194875854,0.006107502254657536,0.0852670552092062,0.0
3044,1.0,0.05,0.00013031854835862907,9.87599194875854,0.006107502254657536,0.0852670552092062,0.0
3045,1.0,0.05,0.00013031854835862907,14.04255277274953,0.00580061999403785,0.0852670552092062,0.0
3046,1.0,0.05,0.00013031854835862907,14.04255277274953,0.00580061999403785,0.0852670552092062,0.0
3047,1.0,0.05,0.00013031854835862907,14.04255277274953,0.006414323385659279,0.0852670552092062,0.0
3048,1.0,0.05,0.00012658642399891886,14.04255277274953,0.006414323385659279,0.0852670552092062,0.0
3049,1.0,0.05,0.00012658642399891886,14.04255277274953,0.006414323385659279,0.0852670552092062,0.0
3050,1.0,0.05,0.00012658642399891886,15.654005214456078,0.006414323385659279,0.0852670552092062,0.0
3051,1.0,0.05,0.00012658642399891886,15.654005214456078,0.006414323385659279,0.0852670552092062,0.0
3052,1.0,0.05,0.00012658642399891886,15.654005214456078,0.006414323385659279,0.06362472762962165,0.0
3053,1.0,0.05,0.00012658642399891886,15.654005214456078,0.005764474928466032,0.06362472762962165,0.0
3054,1.0,0.05,0.00012658642399891886,15.654005214456078,0.005764474928466032,0.07685632226486112,0.0
3055,1.0,0.05,0.00012797096795969087,15.654005214456078,0.005764474928466032,0.07685632226486112,0.0
3056,1.0,0.05,0.00012797096795969087,15.654005214456078,0.005764474928466032,0.07685632226486112,0.0
3057,1.0,0.05,0.00012797096795969087,15.654005214456078,0.005764474928466032,0.07685632226486112,0.0
3058,1.0,0.05,0.00012797096795969087,15.654005214456078,0.005764474928466032,0.07685632226486112,0.0
3059,1.0,0.05,0.00012939629817580755,15.654005214456078,0.006692535263141383,0.07685632226486112,0.0
3060,1.0,0.05,0.00012939629817580755,15.654005214456078,0.006692535263141383,0.07685632226486112,0.0
3061,1.0,0.05,0.00012939629817580755,15.654005214456078,0.006692535263141383,0.07685632226486112,0.0
3062,1.0,0.05,0.00012939629817580755,15.654005214456078,0.006692535263141383,0.07685632226486112,0.0
3063,1.0,0.05,0.00012939629817580755,15.654005214456078,0.006692535263141383,0.07685632226486112,0.0
3064,1.0,0.05,0.00012939629817580755,15.654005214456078,0.006692535263141383,0.07685632226486112,0.0
3065,1.0,0.05,0.00012939629817580755,15.654005214456078,0.006692535263141383,0.09211632666481408,0.0
3066,1.0,0.05,0.00012939629817580755,15.654005214456078,0.006692535263141383,0.09211632666481408,0.0
3067,1.0,0.05,0.00011502205431300673,15.684183047877042,0.006692535263141383,0.09211632666481408,0.0
3068,1.0,0.05,0.00011502205431300673,15.684183047877042,0.006692535263141383,0.09211632666481408,0.0
3069,1.0,0.05,0.00011502205431300673,15.684183047877042,0.006692535263141383,0.09620366967922736,0.0
3070,1.0,0.05,0.00011502205431300673,15.684183047877042,0.006692535263141383,0.09620366967922736,0.0
3071,1.0,0.05,0.00011502205431300673,15.684183047877042,0.006692535263141383,0.09620366967922736,0.0
3072,1.0,0.05,0.00011502205431300673,15.684183047877042,0.006692535263141383,0.09620366967922736,0.0
3073,1.0,0.05,0.00011502205431300673,15.684183047877042,0.006692535263141383,0.09620366967922736,0.0
3074,1.0,0.05,0.00011502205431300673,15.684183047877042,0.006692535263141383,0.1137206505133778,0.0
3075,1.0,0.05,0.00011502205431300673,15.684183047877042,0.006692535263141383,0.1137206505133778,0.0
3076,1.0,0.05,0.00011502205431300673,15.684183047877042,0.006692535263141383,0.1137206505133778,0.0
3077,1.0,0.05,0.00011502205431300673,10.1286197922565,0.006692535263141383,0.1137206505133778,0.0
3078,1.0,0.05,0.00011502205431300673,10.1286197922565,0.006692535263141383,0.1137206505133778,0.0
3079,1.0,0.05,0.00011502205431300673,10.1286197922565,0.006692535263141383,0.1137206505133778,0.0
3080,1.0,0.05,0.0001183486907592281,10.1286197922565,0.006692535263141383,0.1137206505133778,0.0
3081,1.0,0.05,0.00012568974162768993,9.090349303700435,0.006692535263141383,0.1137206505133778,0.0
3082,1.0,0.05,0.00012568974162768993,9.090349303700435,0.006692535263141383,0.1137206505133778,0.0
3083,1.0,0.05,0.00012568974162768993,9.090349303700435,0.006692535263141383,0.1137206505133778,0.0
3084,1.0,0.05,0.00012568974162768993,9.090349303700435,0.006692535263141383,0.1137206505133778,0.0
3085,1.0,0.05,0.00012568974162768993,9.090349303700435,0.006692535263141383,0.1137206505133778,0.0
3086,1.0,0.05,0.00012568974162768993,11.721872655489136,0.006692535263141383,0.1137206505133778,0.0
3087,1.0,0.05,0.00012568974162768993,11.721872655489136,0.006692535263141383,0.1137206505133778,0.0
3088,1.0,0.05,0.00012568974162768993,11.721872655489136,0.006692535263141383,0.1137206505133778,0.0
3089,1.0,0.05,0.00012568974162768993,9.957146973282832,0.006692535263141383,0.1137206505133778,0.0
3090,1.0,0.05,0.00012568974162768993,9.957146973282832,0.006692535263141383,0.1137206505133778,0.0
3091,1.0,0.05,0.00012568974162768993,9.957146973282832,0.006692535263141383,0.12885469203193067,0.0
3092,1.0,0.05,0.00012568974162768993,9.957146973282832,0.006692535263141383,0.12885469203193067,0.0
3093,1.0,0.05,0.00012160637271657151,9.706605399990934,0.00619912152475618,0.12885469203193067,0.0
3094,1.0,0.05,0.00012160637271657151,9.706605399990934,0.00619912152475618,0.12885469203193067,0.0
3095,1.0,0.05,0.00012160637271657151,8.97444226318089,0.00619912152475618,0.12885469203193067,0.0
3096,1.0,0.05,0.00012160637271657151,8.97444226318089,0.006346448571588969,0.12885469203193067,0.0
3097,1.0,0.05,0.00012160637271657151,8.97444226318089,0.006346448571588969,0.12885469203193067,0.0
3098,1.0,0.05,0.00012160637271657151,8.97444226318089,0.006346448571588969,0.12885469203193067,0.0
3099,1.0,0.05,0.00012160637271657151,8.97444226318089,0.006346448571588969,0.12885469203193067,0.0
3100,1.0,0.05,0.00012160637271657151,9.954941559408482,0.006346448571588969,0.12885469203193067,0.0
3101,1.0,0.05,0.00012160637271657151,9.954941559408482,0.006346448571588969,0.12885469203193067,0.0
3102,1.0,0.05,0.00012160637271657151,7.997653223072803,0.006346448571588969,0.12885469203193067,0.0
3103,1.0,0.05,0.00012160637271657151,7.997653223072803,0.006505093116128035,0.12885469203193067,0.0
3104,1.0,0.05,0.00012160637271657151,7.997653223072803,0.006505093116128035,0.14509534192089946,0.0
3105,1.0,0.05,0.00012160637271657151,7.997653223072803,0.006505093116128035,0.14509534192089946,0.0
3106,1.0,0.05,0.00012160637271657151,7.997653223072803,0.0064319315780978666,0.14509534192089946,0.0
3107,1.0,0.05,0.00012160637271657151,7.997653223072803,0.0064319315780978666,0.14509534192089946,0.0
3108,1.0,0.05,0.00011985990568027008,7.997653223072803,0.0064319315780978666,0.14509534192089946,0.0
3109,1.0,0.05,0.00011985990568027008,10.071163372313023,0.0064319315780978666,0.14509534192089946,0.0
3110,1.0,0.05,0.00011985990568027008,10.071163372313023,0.0064319315780978666,0.14509534192089946,0.0
3111,1.0,0.05,0.00011985990568027008,10.071163372313023,0.007037801948097596,0.14509534192089946,0.0
3112,1.0,0.05,0.00011985990568027008,10.071163372313023,0.007037801948097596,0.12048184872215192,0.0
3113,1.0,0.05,0.00011985990568027008,10.071163372313023,0.007401006486734928,0.12048184872215192,0.0
3114,1.0,0.05,0.00011985990568027008,10.071163372313023,0.007401006486734928,0.12048184872215192,0.0
3115,1.0,0.05,0.00011985990568027008,10.071163372313023,0.007401006486734928,0.12048184872215192,0.0
3116,1.0,0.05,0.00011985990568027008,10.071163372313023,0.007401006486734928,0.1257296851700639,0.0
3117,1.0,0.05,0.00011985990568027008,10.071163372313023,0.007401006486734928,0.1257296851700639,0.0
3118,1.0,0.05,0.00011985990568027008,12.274767128230451,0.007600628029613544,0.13284000932782422,0.0
3119,1.0,0.05,0.00011985990568027008,12.274767128230451,0.007600628029613544,0.13146481747475547,0.0
3120,1.0,0.05,0.00011985990568027008,12.274767128230451,0.007600628029613544,0.13146481747475547,0.0
3121,1.0,0.05,0.00011985990568027008,12.274767128230451,0.006820531549464241,0.13146481747475547,0.0
3122,1.0,0.05,0.00011985990568027008,10.535170348450109,0.006820531549464241,0.13146481747475547,0.0
3123,1.0,0.05,0.00011985990568027008,10.535170348450109,0.006820531549464241,0.16411979428041487,0.0
3124,1.0,0.05,0.00011985990568027008,10.535170348450109,0.008251109792947135,0.16411979428041487,0.0
3125,1.0,0.05,0.00011773973192025199,10.535170348450109,0.008251109792947135,0.16411979428041487,0.0
3126,1.0,0.05,0.00011773973192025199,10.535170348450109,0.007906840392675762,0.16411979428041487,0.0
3127,1.0,0.05,0.00011773973192025199,10.535170348450109,0.006765872582708019,0.16411979428041487,0.0
3128,1.0,0.05,0.00011773973192025199,10.535170348450109,0.006765872582708019,0.16411979428041487,0.0
3129,1.0,0.05,0.00011773973192025199,10.535170348450109,0.006765872582708019,0.16411979428041487,0.0
3130,1.0,0.05,0.00011773973192025199,10.535170348450109,0.006765872582708019,0.16411979428041487,0.0
3131,1.0,0.05,0.00011773973192025199,10.535170348450109,0.007544517310181363,0.16411979428041487,0.0
3132,1.0,0.05,0.0001225722846722728,8.968310669441038,0.007544517310181363,0.16411979428041487,0.0
3133,1.0,0.05,0.0001223008194478952,8.968310669441038,0.007544517310181363,0.16411979428041487,0.0
3134,1.0,0.05,0.0001223008194478952,8.968310669441038,0.007544517310181363,0.16411979428041487,0.0
3135,1.0,0.05,0.0001223008194478952,8.968310669441038,0.006597413506945728,0.16411979428041487,0.0
3136,1.0,0.05,0.00011416889604774056,8.968310669441038,0.006597413506945728,0.17512378054653416,0.0
3137,1.0,0.05,0.00011416889604774056,8.93780101458887,0.006597413506945728,0.13534911125631155,0.0
3138,1.0,0.05,0.00011416889604774056,8.93780101458887,0.006597413506945728,0.19724189033684683,0.0
3139,1.0,0.05,0.00011416889604774056,8.903163976254575,0.006597413506945728,0.19543602713884642,0.0
3140,1.0,0.05,0.00011416889604774056,10.61449245285013,0.009240860356721404,0.19543602713884642,0.0
3141,1.0,0.05,0.00011416889604774056,10.61449245285013,0.009240860356721404,0.19543602713884642,0.0
3142,1.0,0.05,0.00011416889604774056,8.339616576216955,0.007052734482546839,0.19543602713884642,0.0
3143,1.0,0.05,0.00011079924250065989,8.339616576216955,0.007052734482546839,0.19543602713884642,0.0
3144,1.0,0.05,0.00011079924250065989,8.339616576216955,0.007052734482546839,0.19543602713884642,0.0
3145,1.0,0.05,0.00011079924250065989,8.339616576216955,0.007052734482546839,0.19543602713884642,0.0
3146,1.0,0.05,0.00011079924250065989,8.339616576216955,0.007626030272462358,0.19543602713884642,0.0
3147,1.0,0.05,0.00011079924250065989,8.339616576216955,0.007626030272462358,0.19543602713884642,0.0
3148,1.0,0.05,0.00011079924250065989,10.137713738723917,0.007602397234989721,0.19543602713884642,0.0
3149,1.0,0.05,0.00011079924250065989,10.137713738723917,0.007602397234989721,0.19543602713884642,0.0
3150,1.0,0.05,0.00011079924250065989,10.137713738723917,0.007602397234989721,0.19543602713884642,0.0
3151,1.0,0.05,0.00011079924250065989,10.137713738723917,0.007602397234989721,0.19543602713884642,0.0
3152,1.0,0.05,0.00011079924250065989,10.137713738723917,0.007503694433244807,0.19543602713884642,0.0
3153,1.0,0.05,0.00011079924250065989,10.137713738723917,0.007503694433244807,0.1650152175597411,0.0
3154,1.0,0.05,0.00011079924250065989,10.137713738723917,0.007503694433244807,0.1650152175597411,0.0
3155,1.0,0.05,0.00011079924250065989,8.801053956412204,0.007503694433244807,0.1650152175597411,0.0
3156,1.0,0.05,0.00011079924250065989,8.801053956412204,0.007503694433244807,0.1650152175597411,0.0
3157,1.0,0.05,0.00011079924250065989,8.801053956412204,0.007503694433244807,0.1650152175597411,0.0
3158,1.0,0.05,0.00011079924250065989,8.801053956412204,0.007503694433244807,0.1650152175597411,0.0
3159,1.0,0.05,0.00011079924250065989,8.801053956412204,0.007503694433244807,0.1650152175597411,0.0
3160,1.0,0.05,0.00011079924250065989,11.247041805169005,0.007503694433244807,0.16692393679985867,0.0
3161,1.0,0.05,0.00011079924250065989,11.247041805169005,0.007503694433244807,0.16692393679985867,0.0
3162,1.0,0.05,0.00011079924250065989,11.247041805169005,0.007503694433244807,0.16692393679985867,0.0
3163,1.0,0.05,0.00011079924250065989,11.247041805169005,0.007503694433244807,0.16692393679985867,0.0
3164,1.0,0.05,0.00011079924250065989,11.247041805169005,0.007503694433244807,0.14937480929678165,0.0
3165,1.0,0.05,0.00011079924250065989,15.528482035327997,0.007503694433244807,0.14937480929678165,0.0
3166,1.0,0.05,0.00011079924250065989,15.528482035327997,0.007503694433244807,0.14937480929678165,0.0
3167,1.0,0.05,0.00011079924250065989,15.024603997977025,0.007503694433244807,0.14937480929678165,0.0
3168,1.0,0.05,0.00011079924250065989,15.024603997977025,0.007503694433244807,0.14937480929678165,0.0
3169,1.0,0.05,0.00011079924250065989,15.024603997977025,0.007503694433244807,0.127196004677016,0.0
3170,1.0,0.05,0.00011079924250065989,15.024603997977025,0.007503694433244807,0.127196004677016,0.0
3171,1.0,0.05,0.00011079924250065989,15.024603997977025,0.007503694433244807,0.127196004677016,0.0
3172,1.0,0.05,0.0001207417126681845,15.024603997977025,0.007503694433244807,0.127196004677016,0.0
3173,1.0,0.05,0.0001207417126681845,15.024603997977025,0.007503694433244807,0.1008635619496662,0.0
3174,1.0,0.05,0.0001207417126681845,15.024603997977025,0.007503694433244807,0.1008635619496662,0.0
3175,1.0,0.05,0.0001207417126681845,15.024603997977025,0.007503694433244807,0.10189360488667487,0.0
3176,1.0,0.05,0.0001207417126681845,15.024603997977025,0.006733792457268512,0.10189360488667487,0.0
3177,1.0,0.05,0.0001207417126681845,12.625025780123963,0.006733792457268512,0.10189360488667487,0.0
3178,1.0,0.05,0.0001207417126681845,12.625025780123963,0.006733792457268512,0.10189360488667487,0.0
3179,1.0,0.05,0.0001207417126681845,12.625025780123963,0.007586690818472966,0.10189360488667487,0.0
3180,1.0,0.05,0.0001207417126681845,12.625025780123963,0.007586690818472966,0.11428735097178935,0.0
3181,1.0,0.05,0.0001207417126681845,12.625025780123963,0.007586690818472966,0.11428735097178935,0.0
3182,1.0,0.05,0.0001207417126681845,12.625025780123963,0.007586690818472966,0.11114622245045602,0.0
3183,1.0,0.05,0.0001207417126681845,12.625025780123963,0.007586690818472966,0.11114622245045602,0.0
3184,1.0,0.05,0.0001207417126681845,12.625025780123963,0.007586690818472966,0.11114622245045602,0.0
3185,1.0,0.05,0.0001207417126681845,12.625025780123963,0.007586690818472966,0.11114622245045602,0.0
3186,1.0,0.05,0.0001207417126681845,12.625025780123963,0.007586690818472966,0.10713820185187967,0.0
3187,1.0,0.05,0.0001207417126681845,12.625025780123963,0.006012715736329194,0.10713820185187967,0.0
3188,1.0,0.05,0.0001207417126681845,12.625025780123963,0.006012715736329194,0.10713820185187967,0.0
3189,1.0,0.05,0.00012375091806703315,14.685074498338665,0.007132424702754821,0.10713820185187967,0.0
3190,1.0,0.05,0.00012375091806703315,14.685074498338665,0.00671797641177932,0.11303741937735368,0.0
3191,1.0,0.05,0.00012375091806703315,14.685074498338665,0.00671797641177932,0.11303741937735368,0.0
3192,1.0,0.05,0.00012375091806703315,10.15744396258485,0.00671797641177932,0.11303741937735368,0.0
3193,1.0,0.05,0.00012375091806703315,10.15744396258485,0.00671797641177932,0.11303741937735368,0.0
3194,1.0,0.05,0.00012375091806703315,10.833427418999733,0.006524639945557575,0.11303741937735368,0.0
3195,1.0,0.05,0.00012375091806703315,11.929607803889695,0.0066360858796723245,0.11303741937735368,0.0
3196,1.0,0.05,0.00012375091806703315,11.929607803889695,0.0066360858796723245,0.11303741937735368,0.0
3197,1.0,0.05,0.00012375091806703315,11.929607803889695,0.0066360858796723245,0.11303741937735368,0.0
3198,1.0,0.05,0.00012375091806703315,11.929607803889695,0.0066360858796723245,0.11303741937735368,0.0
3199,1.0,0.05,0.00012375091806703315,8.92381515982909,0.0066360858796723245,0.09671464178346603,0.0
3200,1.0,0.05,0.00012375091806703315,8.92381515982909,0.0066360858796723245,0.09671464178346603,0.0
3201,1.0,0.05,0.00012375091806703315,8.92381515982909,0.0066360858796723245,0.09671464178346603,0.0
3202,1.0,0.05,0.00012375091806703315,8.92381515982909,0.0066360858796723245,0.10155850519576728,0.0
3203,1.0,0.05,0.00012375091806703315,8.92381515982909,0.0066360858796723245,0.10155850519576728,0.0
3204,1.0,0.05,0.00012375091806703315,8.92381515982909,0.0066360858796723245,0.1338138322563047,0.0
3205,1.0,0.05,0.00012375091806703315,8.92381515982909,0.00676687527174058,0.11234499856386765,0.0
3206,1.0,0.05,0.00012375091806703315,8.92381515982909,0.00676687527174058,0.11234499856386765,0.0
3207,1.0,0.05,0.0001258931808422297,8.92381515982909,0.00676687527174058,0.11234499856386765,0.0
3208,1.0,0.05,0.0001258931808422297,8.92381515982909,0.00676687527174058,0.10055034602889908,0.0
3209,1.0,0.05,0.0001258931808422297,8.92381515982909,0.00676687527174058,0.10055034602889908,0.0
3210,1.0,0.05,0.0001258931808422297,8.92381515982909,0.005454496251069306,0.10055034602889908,0.0
3211,1.0,0.05,0.0001338725564355636,8.92381515982909,0.005454496251069306,0.10055034602889908,0.0
3212,1.0,0.05,0.0001338725564355636,8.92381515982909,0.005708677997471435,0.10055034602889908,0.0
3213,1.0,0.05,0.0001338725564355636,8.92381515982909,0.005708677997471435,0.10055034602889908,0.0
3214,1.0,0.05,0.0001338725564355636,8.72129465672731,0.005708677997471435,0.10055034602889908,0.0
3215,1.0,0.05,0.0001338725564355636,8.72129465672731,0.005708677997471435,0.10055034602889908,0.0
3216,1.0,0.05,0.0001338725564355636,8.72129465672731,0.005708677997471435,0.10055034602889908,0.0
3217,1.0,0.05,0.0001338725564355636,8.72129465672731,0.005708677997471435,0.10055034602889908,0.0
3218,1.0,0.05,0.0001338725564355636,8.72129465672731,0.005708677997471435,0.10055034602889908,0.0
3219,1.0,0.05,0.0001338725564355636,8.72129465672731,0.005660198176959428,0.10055034602889908,0.0
3220,1.0,0.05,0.0001338725564355636,8.72129465672731,0.005660198176959428,0.10055034602889908,0.0
3221,1.0,0.05,0.0001338725564355636,8.72129465672731,0.005660198176959428,0.0999574805544452,0.0
3222,1.0,0.05,0.0001338725564355636,8.72129465672731,0.005660198176959428,0.0999574805544452,0.0
3223,1.0,0.05,0.0001338725564355636,8.72129465672731,0.005660198176959428,0.0999574805544452,0.0
3224,1.0,0.05,0.0001338725564355636,8.72129465672731,0.005660198176959428,0.0999574805544452,0.0
3225,1.0,0.05,0.0001338725564355636,8.72129465672731,0.005660198176959428,0.0999574805544452,0.0
3226,1.0,0.05,0.0001338725564355636,8.72129465672731,0.0061105095103387705,0.0999574805544452,0.0
3227,1.0,0.05,0.0001338725564355636,7.597484731208809,0.0061105095103387705,0.0999574805544452,0.0
3228,1.0,0.05,0.0001338725564355636,7.597484731208809,0.0061105095103387705,0.0999574805544452,0.0
3229,1.0,0.05,0.0001338725564355636,7.597484731208809,0.0061105095103387705,0.0999574805544452,0.0
3230,1.0,0.05,0.00013296304731823401,7.597484731208809,0.0061105095103387705,0.0999574805544452,0.0
3231,1.0,0.05,0.00013296304731823401,8.980400684697386,0.0061105095103387705,0.0999574805544452,0.0
3232,1.0,0.05,0.00013296304731823401,8.980400684697386,0.0061105095103387705,0.0999574805544452,0.0
3233,1.0,0.05,0.00013296304731823401,8.980400684697386,0.005920152246600125,0.0999574805544452,0.0
3234,1.0,0.05,0.00013296304731823401,8.980400684697386,0.006229144294765848,0.0999574805544452,0.0
3235,1.0,0.05,0.00013296304731823401,8.980400684697386,0.006229144294765848,0.0999574805544452,0.0
3236,1.0,0.05,0.00013296304731823401,8.980400684697386,0.006229144294765848,0.0999574805544452,0.0
3237,1.0,0.05,0.00013296304731823401,8.980400684697386,0.0052748733736205575,0.0999574805544452,0.0
3238,1.0,0.05,0.00013296304731823401,8.980400684697386,0.0052748733736205575,0.0999574805544452,0.0
3239,1.0,0.05,0.00013296304731823401,8.980400684697386,0.0052748733736205575,0.0999574805544452,0.0
3240,1.0,0.05,0.00013296304731823401,8.980400684697386,0.0052748733736205575,0.0999574805544452,0.0
3241,1.0,0.05,0.00013296304731823401,8.980400684697386,0.0052748733736205575,0.0999574805544452,0.0
3242,1.0,0.05,0.00013296304731823401,8.980400684697386,0.0052748733736205575,0.0999574805544452,0.0
3243,1.0,0.05,0.00013296304731823401,8.980400684697386,0.005476157436177753,0.0999574805544452,0.0
3244,1.0,0.05,0.00013296304731823401,8.980400684697386,0.005476157436177753,0.0999574805544452,0.0
3245,1.0,0.05,0.00013296304731823401,8.980400684697386,0.005476157436177753,0.0999574805544452,0.0
3246,1.0,0.05,0.00013296304731823401,8.980400684697386,0.005476157436177753,0.0999574805544452,0.0
3247,1.0,0.05,0.00013296304731823401,8.980400684697386,0.005476157436177753,0.0999574805544452,0.0
3248,1.0,0.05,0.0001405523971509659,8.980400684697386,0.005476157436177753,0.07014942924522101,0.0
3249,1.0,0.05,0.0001405523971509659,10.365486926666506,0.005476157436177753,0.07014942924522101,0.0
3250,1.0,0.05,0.00013257727856646822,10.365486926666506,0.005476157436177753,0.07009080197696167,0.0
3251,1.0,0.05,0.0001337334683720351,10.365486926666506,0.005476157436177753,0.0710576342263618,0.0
3252,1.0,0.05,0.0001337334683720351,10.365486926666506,0.005476157436177753,0.0710576342263618,0.0
3253,1.0,0.05,0.0001337334683720351,18.587120311198802,0.005476157436177753,0.0710576342263618,0.0
3254,1.0,0.05,0.0001337334683720351,16.66033079913001,0.005476157436177753,0.0710576342263618,0.0
3255,1.0,0.05,0.0001337334683720351,16.66033079913001,0.005476157436177753,0.0710576342263618,0.0
3256,1.0,0.05,0.0001351629293381835,15.605392838897416,0.005476157436177753,0.0710576342263618,0.0
3257,1.0,0.05,0.0001351629293381835,15.605392838897416,0.005476157436177753,0.0710576342263618,0.0
3258,1.0,0.05,0.0001351629293381835,15.887573077549106,0.005476157436177753,0.0710576342263618,0.0
3259,1.0,0.05,0.0001351629293381835,15.887573077549106,0.005551219599431488,0.0710576342263618,0.0
3260,1.0,0.05,0.0001351629293381835,8.591985700468328,0.005551219599431488,0.0710576342263618,0.0
3261,1.0,0.05,0.0001351629293381835,8.591985700468328,0.005551219599431488,0.0710576342263618,0.0
3262,1.0,0.05,0.0001351629293381835,8.591985700468328,0.005551219599431488,0.0710576342263618,0.0
3263,1.0,0.05,0.0001351629293381835,9.409579760395019,0.005551219599431488,0.0710576342263618,0.0
3264,1.0,0.05,0.0001351629293381835,9.409579760395019,0.005551219599431488,0.0710576342263618,0.0
3265,1.0,0.05,0.0001351629293381835,9.409579760395019,0.005551219599431488,0.0710576342263618,0.0
3266,1.0,0.05,0.0001351629293381835,9.409579760395019,0.005551219599431488,0.0710576342263618,0.0
3267,1.0,0.05,0.0001351629293381835,9.409579760395019,0.005551219599431488,0.0710576342263618,0.0
3268,1.0,0.05,0.0001351629293381835,9.409579760395019,0.005930363276196846,0.0710576342263618,0.0
3269,1.0,0.05,0.0001351629293381835,9.409579760395019,0.005858391140634161,0.0710576342263618,0.0
3270,1.0,0.05,0.0001351629293381835,9.409579760395019,0.005858391140634161,0.0710576342263618,0.0
3271,1.0,0.05,0.0001351629293381835,9.409579760395019,0.005858391140634161,0.0710576342263618,0.0
3272,1.0,0.05,0.0001351629293381835,9.409579760395019,0.005858391140634161,0.0710576342263618,0.0
3273,1.0,0.05,0.0001351629293381835,9.409579760395019,0.005858391140634161,0.0710576342263618,0.0
3274,1.0,0.05,0.0001351629293381835,9.409579760395019,0.0051985433864109145,0.0710576342263618,0.0
3275,1.0,0.05,0.0001351629293381835,9.409579760395019,0.00558826599033903,0.07072365500432412,0.0
3276,1.0,0.05,0.0001351629293381835,9.409579760395019,0.00558826599033903,0.07072365500432412,0.0
3277,1.0,0.05,0.0001351629293381835,9.409579760395019,0.00558826599033903,0.09739781166660094,0.0
3278,1.0,0.05,0.0001351629293381835,9.409579760395019,0.00558826599033903,0.09739781166660094,0.0
3279,1.0,0.05,0.0001351629293381835,9.409579760395019,0.00558826599033903,0.09739781166660094,0.0
3280,1.0,0.05,0.0001351629293381835,9.409579760395019,0.00558826599033903,0.09739781166660094,0.0
3281,1.0,0.05,0.0001351629293381835,6.5231780983343555,0.00558826599033903,0.09739781166660094,0.0
3282,1.0,0.05,0.0001351629293381835,6.5231780983343555,0.00558826599033903,0.09739781166660094,0.0
3283,1.0,0.05,0.0001351629293381835,6.5231780983343555,0.00558826599033903,0.09739781166660094,0.0
3284,1.0,0.05,0.0001351629293381835,6.5231780983343555,0.00558826599033903,0.09739781166660094,0.0
3285,1.0,0.05,0.0001352096598341032,6.5231780983343555,0.005579174866250717,0.09739781166660094,0.0
3286,1.0,0.05,0.0001352096598341032,6.5231780983343555,0.005579174866250717,0.09739781166660094,0.0
3287,1.0,0.05,0.0001352096598341032,6.5231780983343555,0.005579174866250717,0.09739781166660094,0.0
3288,1.0,0.05,0.0001352096598341032,6.5231780983343555,0.005907490286083008,0.09739781166660094,0.0
3289,1.0,0.05,0.0001352096598341032,6.5231780983343555,0.005907490286083008,0.09739781166660094,0.0
3290,1.0,0.05,0.00013653956775094926,6.5231780983343555,0.005907490286083008,0.1268338926992167,0.0
3291,1.0,0.05,0.00013653956775094926,6.5231780983343555,0.005907490286083008,0.13234259309152963,0.0
3292,1.0,0.05,0.00013653956775094926,6.5231780983343555,0.005907490286083008,0.13234259309152963,0.0
3293,1.0,0.05,0.00013653956775094926,6.5231780983343555,0.005626266955691445,0.09615367487871995,0.0
3294,1.0,0.05,0.00013653956775094926,6.5231780983343555,0.005626266955691445,0.07842095554786829,0.0
3295,1.0,0.05,0.00013653956775094926,6.5231780983343555,0.005626266955691445,0.07842095554786829,0.0
3296,1.0,0.05,0.00013653956775094926,6.5231780983343555,0.005626266955691445,0.1186754354641778,0.0
3297,1.0,0.05,0.00013653956775094926,6.5231780983343555,0.005626266955691445,0.1186754354641778,0.0
3298,1.0,0.05,0.00013381606357476398,6.5231780983343555,0.005626266955691445,0.1186754354641778,0.0
3299,1.0,0.05,0.00013381606357476398,6.5231780983343555,0.005626266955691445,0.1186754354641778,0.0
3300,1.0,0.05,0.00013381606357476398,6.5231780983343555,0.005626266955691445,0.1186754354641778,0.0
3301,1.0,0.05,0.00013381606357476398,6.5231780983343555,0.005981665886002573,0.1186754354641778,0.0
3302,1.0,0.05,0.00013381606357476398,10.92166305012121,0.005981665886002573,0.09344938972420788,0.0
3303,1.0,0.05,0.00013381606357476398,10.92166305012121,0.005981665886002573,0.09344938972420788,0.0
3304,1.0,0.05,0.00013381606357476398,7.363497615147935,0.005981665886002573,0.09344938972420788,0.0
3305,1.0,0.05,0.00013381606357476398,7.363497615147935,0.005981665886002573,0.09344938972420788,0.0
3306,1.0,0.05,0.00013381606357476398,7.363497615147935,0.005981665886002573,0.09344938972420788,0.0
3307,1.0,0.05,0.00013381606357476398,7.363497615147935,0.005981665886002573,0.09344938972420788,0.0
3308,1.0,0.05,0.00013381606357476398,7.363497615147935,0.005981665886002573,0.09344938972420788,0.0
3309,1.0,0.05,0.00013381606357476398,7.363497615147935,0.005981665886002573,0.09344938972420788,0.0
3310,1.0,0.05,0.00013381606357476398,7.363497615147935,0.006152708426748733,0.09344938972420788,0.0
3311,1.0,0.05,0.00013381606357476398,11.525627817610527,0.006152708426748733,0.09344938972420788,0.0
3312,1.0,0.05,0.00013381606357476398,11.525627817610527,0.006152708426748733,0.09344938972420788,0.0
3313,1.0,0.05,0.00013381606357476398,11.525627817610527,0.006152708426748733,0.09344938972420788,0.0
3314,1.0,0.05,0.00013381606357476398,11.525627817610527,0.006152708426748733,0.09344938972420788,0.0
3315,1.0,0.05,0.00013381606357476398,11.525627817610527,0.006152708426748733,0.09344938972420788,0.0
3316,1.0,0.05,0.00013381606357476398,11.525627817610527,0.006152708426748733,0.08457248851413192,0.0
3317,1.0,0.05,0.00013381606357476398,11.525627817610527,0.006152708426748733,0.08457248851413192,0.0
3318,1.0,0.05,0.00013381606357476398,11.525627817610527,0.006152708426748733,0.0865962621643567,0.0
3319,1.0,0.05,0.00013381606357476398,11.525627817610527,0.006152708426748733,0.0865962621643567,0.0
3320,1.0,0.05,0.00013381606357476398,11.525627817610527,0.006152708426748733,0.0865962621643567,0.0
3321,1.0,0.05,0.00013381606357476398,11.525627817610527,0.006152708426748733,0.0853270691975534,0.0
3322,1.0,0.05,0.00013381606357476398,11.525627817610527,0.006152708426748733,0.0853270691975534,0.0
3323,1.0,0.05,0.00012500718061574543,11.525627817610527,0.006152708426748733,0.0853270691975534,0.0
3324,1.0,0.05,0.00012500718061574543,11.525627817610527,0.006031623804511641,0.0853270691975534,0.0
3325,1.0,0.05,0.00012500718061574543,10.46214704358863,0.006031623804511641,0.0853270691975534,0.0
3326,1.0,0.05,0.00012500718061574543,10.46214704358863,0.006031623804511641,0.12207194288003209,0.0
3327,1.0,0.05,0.00012500718061574543,10.46214704358863,0.006031623804511641,0.10596293900311594,0.0
3328,1.0,0.05,0.00012500718061574543,10.46214704358863,0.006242938148193224,0.10596293900311594,0.0
3329,1.0,0.05,0.00012496537744758387,10.46214704358863,0.006242938148193224,0.12119895741511946,0.0
3330,1.0,0.05,0.00012496537744758387,10.46214704358863,0.006242938148193224,0.12119895741511946,0.0
3331,1.0,0.05,0.00012496537744758387,10.46214704358863,0.006242938148193224,0.12119895741511946,0.0
3332,1.0,0.05,0.00012496537744758387,10.46214704358863,0.006242938148193224,0.12119895741511946,0.0
3333,1.0,0.05,0.00012496537744758387,10.46214704358863,0.006242938148193224,0.12119895741511946,0.0
3334,1.0,0.05,0.00012496537744758387,7.334262394660286,0.006242938148193224,0.12119895741511946,0.0
3335,1.0,0.05,0.00012496537744758387,7.334262394660286,0.006242938148193224,0.12119895741511946,0.0
3336,1.0,0.05,0.00012496537744758387,5.6627964536801585,0.006242938148193224,0.14753819671649526,0.0
3337,1.0,0.05,0.00012496537744758387,5.6627964536801585,0.006243611102219442,0.14753819671649526,0.0
3338,1.0,0.05,0.00012496537744758387,5.6627964536801585,0.006243611102219442,0.14753819671649526,0.0
3339,1.0,0.05,0.00012496537744758387,5.6627964536801585,0.006243611102219442,0.14753819671649526,0.0
3340,1.0,0.05,0.00012496537744758387,5.6627964536801585,0.006243611102219442,0.14753819671649526,0.0
3341,1.0,0.05,0.00012496537744758387,5.6627964536801585,0.006243611102219442,0.14753819671649526,0.0
3342,1.0,0.05,0.00012496537744758387,5.6627964536801585,0.006243611102219442,0.14753819671649526,0.0
3343,1.0,0.05,0.00012496537744758387,5.6627964536801585,0.006243611102219442,0.14753819671649526,0.0
3344,1.0,0.05,0.00012496537744758387,5.6627964536801585,0.006243611102219442,0.14753819671649526,0.0
3345,1.0,0.05,0.00012496537744758387,5.6627964536801585,0.006188771806079991,0.14753819671649526,0.0
3346,1.0,0.05,0.00012496537744758387,5.6627964536801585,0.006188771806079991,0.14753819671649526,0.0
3347,1.0,0.05,0.00012496537744758387,5.6627964536801585,0.006866216888661026,0.14753819671649526,0.0
3348,1.0,0.05,0.00012496537744758387,5.6627964536801585,0.0063049719490814735,0.14753819671649526,0.0
3349,1.0,0.05,0.00012496537744758387,5.6627964536801585,0.0063049719490814735,0.14753819671649526,0.0
3350,1.0,0.05,0.00012496537744758387,5.6627964536801585,0.0063049719490814735,0.14753819671649526,0.0
3351,1.0,0.05,0.00012496537744758387,5.6627964536801585,0.0063049719490814735,0.14753819671649526,0.0
3352,1.0,0.05,0.00012496537744758387,6.194101596188204,0.0064637207018929665,0.14753819671649526,0.0
3353,1.0,0.05,0.00012496537744758387,6.194101596188204,0.0064637207018929665,0.14753819671649526,0.0
3354,1.0,0.05,0.00012496537744758387,6.194101596188204,0.0064637207018929665,0.14753819671649526,0.0
3355,1.0,0.05,0.00012496537744758387,6.194101596188204,0.0064637207018929665,0.14753819671649526,0.0
3356,1.0,0.05,0.00012496537744758387,6.194101596188204,0.0064637207018929665,0.14753819671649526,0.0
3357,1.0,0.05,0.00012496537744758387,6.194101596188204,0.00671155606001663,0.14753819671649526,0.0
3358,1.0,0.05,0.00012496537744758387,6.194101596188204,0.00671155606001663,0.14753819671649526,0.0
3359,1.0,0.05,0.00012496537744758387,3.84272091807712,0.00671155606001663,0.14753819671649526,0.0
3360,1.0,0.05,0.00012496537744758387,3.84272091807712,0.00671155606001663,0.14753819671649526,0.0
3361,1.0,0.05,0.00012366361062210495,3.84272091807712,0.00671155606001663,0.15845285750936627,0.0
3362,1.0,0.05,0.00012366361062210495,8.624213574237146,0.00671155606001663,0.15845285750936627,0.0
3363,1.0,0.05,0.00012366361062210495,8.624213574237146,0.00671155606001663,0.14476669119900834,0.0
3364,1.0,0.05,0.00012366361062210495,9.834722417393365,0.007200712964961695,0.14476669119900834,0.0
3365,1.0,0.05,0.00012366361062210495,9.834722417393365,0.006382311114286999,0.14476669119900834,0.0
3366,1.0,0.05,0.00012366361062210495,9.834722417393365,0.006382311114286999,0.14476669119900834,0.0
3367,1.0,0.05,0.00012366361062210495,9.834722417393365,0.006382311114286999,0.14476669119900834,0.0
3368,1.0,0.05,0.00012366361062210495,9.834722417393365,0.006382311114286999,0.14476669119900834,0.0
3369,1.0,0.05,0.00012611319455711384,9.834722417393365,0.006382311114286999,0.14476669119900834,0.0
3370,1.0,0.05,0.00012611319455711384,9.834722417393365,0.006382311114286999,0.11847370284168732,0.0
3371,1.0,0.05,0.0001299932901235776,9.834722417393365,0.006028988801709976,0.11327418554956672,0.0
3372,1.0,0.05,0.0001299932901235776,10.91369522321051,0.006028988801709976,0.11327418554956672,0.0
3373,1.0,0.05,0.0001299932901235776,10.91369522321051,0.006028988801709976,0.11327418554956672,0.0
3374,1.0,0.05,0.0001299932901235776,10.91369522321051,0.006028988801709976,0.11327418554956672,0.0
3375,1.0,0.05,0.0001299932901235776,10.91369522321051,0.006028988801709976,0.11327418554956672,0.0
3376,1.0,0.05,0.0001299932901235776,10.91369522321051,0.0065535868572238875,0.11327418554956672,0.0
3377,1.0,0.05,0.0001299932901235776,10.91369522321051,0.0065535868572238875,0.11327418554956672,0.0
3378,1.0,0.05,0.0001299932901235776,10.91369522321051,0.0065535868572238875,0.11327418554956672,0.0
3379,1.0,0.05,0.0001299932901235776,10.91369522321051,0.0065535868572238875,0.11327418554956672,0.0
3380,1.0,0.05,0.0001299932901235776,10.91369522321051,0.00574400571005501,0.11327418554956672,0.0
3381,1.0,0.05,0.0001299932901235776,10.91369522321051,0.00574400571005501,0.11327418554956672,0.0
3382,1.0,0.05,0.0001299932901235776,10.91369522321051,0.00574400571005501,0.11327418554956672,0.0
3383,1.0,0.05,0.0001299932901235776,6.581075747526356,0.006026955885099448,0.11327418554956672,0.0
3384,1.0,0.05,0.0001299932901235776,6.581075747526356,0.006026955885099448,0.11327418554956672,0.0
3385,1.0,0.05,0.0001299932901235776,6.581075747526356,0.006026955885099448,0.11327418554956672,0.0
3386,1.0,0.05,0.0001299932901235776,7.668048083531346,0.006026955885099448,0.11327418554956672,0.0
3387,1.0,0.05,0.0001299932901235776,7.668048083531346,0.006026955885099448,0.11327418554956672,0.0
3388,1.0,0.05,0.0001299932901235776,7.668048083531346,0.006026955885099448,0.11327418554956672,0.0
3389,1.0,0.05,0.0001299932901235776,10.732019545063736,0.006026955885099448,0.11327418554956672,0.0
3390,1.0,0.05,0.00012955354211685252,10.732019545063736,0.006026955885099448,0.11327418554956672,0.0
3391,1.0,0.05,0.00012955354211685252,10.732019545063736,0.0061049214904833815,0.11327418554956672,0.0
3392,1.0,0.05,0.00012955354211685252,10.732019545063736,0.005852253742614372,0.11327418554956672,0.0
3393,1.0,0.05,0.00012955354211685252,10.732019545063736,0.005852253742614372,0.11327418554956672,0.0
3394,1.0,0.05,0.00012955354211685252,10.732019545063736,0.005852253742614372,0.11327418554956672,0.0
3395,1.0,0.05,0.00012307162988974666,10.732019545063736,0.005852253742614372,0.11327418554956672,0.0
3396,1.0,0.05,0.00012307162988974666,10.732019545063736,0.005852253742614372,0.11327418554956672,0.0
3397,1.0,0.05,0.00012307162988974666,10.732019545063736,0.007453355419848456,0.11327418554956672,0.0
3398,1.0,0.05,0.00012307162988974666,10.837107738707587,0.007453355419848456,0.11327418554956672,0.0
3399,1.0,0.05,0.00012307162988974666,10.837107738707587,0.006650902795366783,0.11327418554956672,0.0
3400,1.0,0.05,0.00012307162988974666,10.837107738707587,0.006650902795366783,0.11327418554956672,0.0
3401,1.0,0.05,0.00012307162988974666,10.837107738707587,0.006650902795366783,0.1024724563002326,0.0
3402,1.0,0.05,0.00012307162988974666,11.513115499243568,0.006837602481438974,0.1024724563002326,0.0
3403,1.0,0.05,0.00012307162988974666,11.513115499243568,0.006837602481438974,0.1024724563002326,0.0
3404,1.0,0.05,0.00012307162988974666,11.513115499243568,0.006837602481438974,0.1024724563002326,0.0
3405,1.0,0.05,0.00012307162988974666,11.513115499243568,0.006837602481438974,0.1024724563002326,0.0
3406,1.0,0.05,0.00012307162988974666,11.513115499243568,0.006837602481438974,0.1024724563002326,0.0
3407,1.0,0.05,0.00012307162988974666,11.513115499243568,0.006837602481438974,0.1024724563002326,0.0
3408,1.0,0.05,0.00012307162988974666,16.12250083909501,0.006837602481438974,0.1024724563002326,0.0
3409,1.0,0.05,0.00012307162988974666,16.12250083909501,0.006837602481438974,0.1024724563002326,0.0
3410,1.0,0.05,0.00012307162988974666,16.12250083909501,0.006837602481438974,0.1024724563002326,0.0
3411,1.0,0.05,0.00012307162988974666,8.29665291023072,0.006837602481438974,0.1024724563002326,0.0
3412,1.0,0.05,0.00012307162988974666,8.29665291023072,0.006837602481438974,0.1024724563002326,0.0
3413,1.0,0.05,0.00012721100302528357,8.29665291023072,0.006837602481438974,0.13868768409113985,0.0
3414,1.0,0.05,0.00012721100302528357,8.29665291023072,0.006837602481438974,0.13868768409113985,0.0
3415,1.0,0.05,0.0001199129414273505,8.29665291023072,0.006837602481438974,0.13868768409113985,0.0
3416,1.0,0.05,0.0001199129414273505,8.29665291023072,0.006837602481438974,0.13868768409113985,0.0
3417,1.0,0.05,0.0001199129414273505,8.29665291023072,0.006837602481438974,0.13868768409113985,0.0
3418,1.0,0.05,0.0001199129414273505,8.29665291023072,0.006837602481438974,0.13868768409113985,0.0
3419,1.0,0.05,0.0001199129414273505,11.130208000132441,0.006837602481438974,0.13868768409113985,0.0
3420,1.0,0.05,0.0001199129414273505,11.130208000132441,0.006837602481438974,0.13868768409113985,0.0
3421,1.0,0.05,0.0001199129414273505,11.130208000132441,0.007032194125434061,0.13868768409113985,0.0
3422,1.0,0.05,0.0001199129414273505,11.130208000132441,0.007032194125434061,0.13868768409113985,0.0
3423,1.0,0.05,0.0001199129414273505,10.555328908368082,0.007032194125434061,0.13868768409113985,0.0
3424,1.0,0.05,0.0001199129414273505,10.555328908368082,0.007032194125434061,0.13868768409113985,0.0
3425,1.0,0.05,0.0001199129414273505,10.555328908368082,0.007032194125434061,0.13868768409113985,0.0
3426,1.0,0.05,0.0001199129414273505,10.555328908368082,0.006113340544444197,0.13868768409113985,0.0
3427,1.0,0.05,0.0001199129414273505,10.555328908368082,0.006113340544444197,0.13890203232992732,0.0
3428,1.0,0.05,0.0001199129414273505,10.555328908368082,0.006113340544444197,0.13890203232992732,0.0
3429,1.0,0.05,0.0001199129414273505,9.948801185167454,0.006113340544444197,0.13890203232992732,0.0
3430,1.0,0.05,0.0001199129414273505,9.948801185167454,0.006113340544444197,0.13890203232992732,0.0
3431,1.0,0.05,0.0001199129414273505,9.948801185167454,0.006113340544444197,0.13890203232992732,0.0
3432,1.0,0.05,0.0001199129414273505,9.948801185167454,0.006113340544444197,0.09894041813776856,0.0
3433,1.0,0.05,0.0001199129414273505,9.948801185167454,0.0060606024588475554,0.12429603568801209,0.0
3434,1.0,0.05,0.0001199129414273505,9.948801185167454,0.00768513896699707,0.12429603568801209,0.0
3435,1.0,0.05,0.0001199129414273505,9.948801185167454,0.00768513896699707,0.12429603568801209,0.0
3436,1.0,0.05,0.0001199129414273505,12.112265924528572,0.007794035003320021,0.12429603568801209,0.0
3437,1.0,0.05,0.0001199129414273505,12.112265924528572,0.007746999875387394,0.12429603568801209,0.0
3438,1.0,0.05,0.0001199129414273505,12.112265924528572,0.007746999875387394,0.12447983996036195,0.0
3439,1.0,0.05,0.0001199129414273505,12.112265924528572,0.007746999875387394,0.10275574918223851,0.0
3440,1.0,0.05,0.0001199129414273505,12.112265924528572,0.007746999875387394,0.14537078421486432,0.0
3441,1.0,0.05,0.0001199129414273505,12.112265924528572,0.007746999875387394,0.14537078421486432,0.0
3442,1.0,0.05,0.0001199129414273505,12.112265924528572,0.007746999875387394,0.14537078421486432,0.0
3443,1.0,0.05,0.0001199129414273505,12.112265924528572,0.007746999875387394,0.14537078421486432,0.0
3444,1.0,0.05,0.0001199129414273505,12.112265924528572,0.007746999875387394,0.14537078421486432,0.0
3445,1.0,0.05,0.0001199129414273505,12.112265924528572,0.007242776698140544,0.13527011805815745,0.0
3446,1.0,0.05,0.0001199129414273505,12.112265924528572,0.00717793605658469,0.13527011805815745,0.0
3447,1.0,0.05,0.0001199129414273505,12.112265924528572,0.00717793605658469,0.13527011805815745,0.0
3448,1.0,0.05,0.0001199129414273505,12.112265924528572,0.00717793605658469,0.13527011805815745,0.0
3449,1.0,0.05,0.0001199129414273505,12.112265924528572,0.00717793605658469,0.13527011805815745,0.0
3450,1.0,0.05,0.0001199129414273505,10.607938206815405,0.00717793605658469,0.13527011805815745,0.0
3451,1.0,0.05,0.0001199129414273505,10.607938206815405,0.006569752874792881,0.13527011805815745,0.0
3452,1.0,0.05,0.0001199129414273505,10.607938206815405,0.006569752874792881,0.13527011805815745,0.0
3453,1.0,0.05,0.0001199129414273505,10.607938206815405,0.006569752874792881,0.13527011805815745,0.0
3454,1.0,0.05,0.0001204662370761067,10.607938206815405,0.006569752874792881,0.13527011805815745,0.0
3455,1.0,0.05,0.0001204662370761067,10.607938206815405,0.006569752874792881,0.13527011805815745,0.0
3456,1.0,0.05,0.0001204662370761067,10.607938206815405,0.006569752874792881,0.13527011805815745,0.0
3457,1.0,0.05,0.0001204662370761067,13.076759675010521,0.0068358354075053205,0.13527011805815745,0.0
3458,1.0,0.05,0.00011927721778045849,4.380309902070053,0.0068358354075053205,0.13527011805815745,0.0
3459,1.0,0.05,0.00011927721778045849,4.380309902070053,0.0068358354075053205,0.13527011805815745,0.0
3460,1.0,0.05,0.00011927721778045849,4.380309902070053,0.0068358354075053205,0.15703169220198582,0.0
3461,1.0,0.05,0.00011927721778045849,4.380309902070053,0.0068358354075053205,0.15703169220198582,0.0
3462,1.0,0.05,0.00011927721778045849,6.035717992308946,0.0068358354075053205,0.15703169220198582,0.0
3463,1.0,0.05,0.00011927721778045849,6.035717992308946,0.0068358354075053205,0.15703169220198582,0.0
3464,1.0,0.05,0.00011927721778045849,6.035717992308946,0.007749700986135788,0.15703169220198582,0.0
3465,1.0,0.05,0.00011927721778045849,6.035717992308946,0.007749700986135788,0.15703169220198582,0.0
3466,1.0,0.05,0.00011927721778045849,6.035717992308946,0.006147683617187651,0.15703169220198582,0.0
3467,1.0,0.05,0.00011927721778045849,6.035717992308946,0.006147683617187651,0.15703169220198582,0.0
3468,1.0,0.05,0.00011927721778045849,6.035717992308946,0.006147683617187651,0.15703169220198582,0.0
3469,1.0,0.05,0.00011927721778045849,6.035717992308946,0.006147683617187651,0.1577919092661207,0.0
3470,1.0,0.05,0.00011927721778045849,6.035717992308946,0.006147683617187651,0.15991273649888887,0.0
3471,1.0,0.05,0.00011927721778045849,6.035717992308946,0.006147683617187651,0.15991273649888887,0.0
3472,1.0,0.05,0.00011927721778045849,6.46613254077036,0.007722674785533981,0.17021424435727112,0.0
3473,1.0,0.05,0.00011461056360919461,6.46613254077036,0.007722674785533981,0.17021424435727112,0.0
3474,1.0,0.05,0.00011461056360919461,6.46613254077036,0.007722674785533981,0.17461969277322162,0.0
3475,1.0,0.05,0.00011461056360919461,6.46613254077036,0.007722674785533981,0.17461969277322162,0.0
3476,1.0,0.05,0.00011461056360919461,6.46613254077036,0.007933059044918563,0.17461969277322162,0.0
3477,1.0,0.05,0.00011461056360919461,6.46613254077036,0.007933059044918563,0.17461969277322162,0.0
3478,1.0,0.05,0.00011461056360919461,6.46613254077036,0.007933059044918563,0.17461969277322162,0.0
3479,1.0,0.05,0.00011461056360919461,6.46613254077036,0.007933059044918563,0.17461969277322162,0.0
3480,1.0,0.05,0.00011461056360919461,6.46613254077036,0.007933059044918563,0.17461969277322162,0.0
3481,1.0,0.05,0.00011461056360919461,15.905024104275682,0.007933059044918563,0.17461969277322162,0.0
3482,1.0,0.05,0.00011461056360919461,15.905024104275682,0.007933059044918563,0.17461969277322162,0.0
3483,1.0,0.05,0.00011461056360919461,15.905024104275682,0.007933059044918563,0.17461969277322162,0.0
3484,1.0,0.05,0.00011461056360919461,15.905024104275682,0.007933059044918563,0.17461969277322162,0.0
3485,1.0,0.05,0.00011461056360919461,15.905024104275682,0.007933059044918563,0.17461969277322162,0.0
3486,1.0,0.05,0.00011461056360919461,14.497816622911188,0.007933059044918563,0.17298775170179076,0.0
3487,1.0,0.05,0.00011461056360919461,14.497816622911188,0.007933059044918563,0.17298775170179076,0.0
3488,1.0,0.05,0.00011461056360919461,14.497816622911188,0.007933059044918563,0.17298775170179076,0.0
3489,1.0,0.05,0.00011461056360919461,14.497816622911188,0.007933059044918563,0.17298775170179076,0.0
3490,1.0,0.05,0.00010737920687963396,14.497816622911188,0.007933059044918563,0.13173329717281324,0.0
3491,1.0,0.05,0.00010737920687963396,14.497816622911188,0.007933059044918563,0.15447765487215467,0.0
3492,1.0,0.05,0.00010737920687963396,14.497816622911188,0.007933059044918563,0.15447765487215467,0.0
3493,1.0,0.05,0.00010737920687963396,14.497816622911188,0.007933059044918563,0.15447765487215467,0.0
3494,1.0,0.05,0.00010737920687963396,14.497816622911188,0.007933059044918563,0.15447765487215467,0.0
3495,1.0,0.05,0.00010737920687963396,14.497816622911188,0.007933059044918563,0.15447765487215467,0.0
3496,1.0,0.05,0.00010737920687963396,14.497816622911188,0.007933059044918563,0.15447765487215467,0.0
3497,1.0,0.05,0.00010737920687963396,14.497816622911188,0.007933059044918563,0.15447765487215467,0.0
3498,1.0,0.05,0.00010737920687963396,14.497816622911188,0.007933059044918563,0.15447765487215467,0.0
3499,1.0,0.05,0.00011368225162148675,11.338325658322475,0.007933059044918563,0.15447765487215467,0.0
3500,1.0,0.05,0.00011368225162148675,11.338325658322475,0.007933059044918563,0.15447765487215467,0.0
3501,1.0,0.05,0.00011368225162148675,11.338325658322475,0.007933059044918563,0.15447765487215467,0.0
3502,1.0,0.05,0.00011368225162148675,11.338325658322475,0.007933059044918563,0.15447765487215467,0.0
3503,1.0,0.05,0.00011368225162148675,11.338325658322475,0.007933059044918563,0.15447765487215467,0.0
3504,1.0,0.05,0.00011304848922825771,11.338325658322475,0.007933059044918563,0.15447765487215467,0.0
3505,1.0,0.05,0.0001129887327394473,11.338325658322475,0.007933059044918563,0.15447765487215467,0.0
3506,1.0,0.05,0.0001129887327394473,11.338325658322475,0.007933059044918563,0.15447765487215467,0.0
3507,1.0,0.05,0.0001129887327394473,11.338325658322475,0.007933059044918563,0.15447765487215467,0.0
3508,1.0,0.05,0.0001129887327394473,11.338325658322475,0.007933059044918563,0.15447765487215467,0.0
3509,1.0,0.05,0.0001129887327394473,11.338325658322475,0.007846981423484497,0.15447765487215467,0.0
3510,1.0,0.05,0.0001129887327394473,11.338325658322475,0.007846981423484497,0.15447765487215467,0.0
3511,1.0,0.05,0.0001129887327394473,11.338325658322475,0.007846981423484497,0.15447765487215467,0.0
3512,1.0,0.05,0.0001129887327394473,11.338325658322475,0.007846981423484497,0.15447765487215467,0.0
3513,1.0,0.05,0.0001129887327394473,11.338325658322475,0.007846981423484497,0.15447765487215467,0.0
3514,1.0,0.05,0.0001129887327394473,11.338325658322475,0.007846981423484497,0.15447765487215467,0.0
3515,1.0,0.05,0.0001129887327394473,11.338325658322475,0.007846981423484497,0.15447765487215467,0.0
3516,1.0,0.05,0.0001129887327394473,11.338325658322475,0.006713045901091935,0.15447765487215467,0.0
3517,1.0,0.05,0.0001129887327394473,12.692402596567874,0.006713045901091935,0.15447765487215467,0.0
3518,1.0,0.05,0.00011632763066842364,12.692402596567874,0.006713045901091935,0.15447765487215467,0.0
3519,1.0,0.05,0.00011632763066842364,12.692402596567874,0.006713045901091935,0.15447765487215467,0.0
3520,1.0,0.05,0.00011632763066842364,12.692402596567874,0.006713045901091935,0.15447765487215467,0.0
3521,1.0,0.05,0.00011632763066842364,12.692402596567874,0.006713045901091935,0.15012679255091912,0.0
3522,1.0,0.05,0.00011632763066842364,12.692402596567874,0.00795746825739144,0.15012679255091912,0.0
3523,1.0,0.05,0.00011632763066842364,12.692402596567874,0.00795746825739144,0.15012679255091912,0.0
3524,1.0,0.05,0.00011632763066842364,12.692402596567874,0.00795746825739144,0.15012679255091912,0.0
3525,1.0,0.05,0.00011632763066842364,7.097116772040408,0.00795746825739144,0.15012679255091912,0.0
3526,1.0,0.05,0.00011632763066842364,7.097116772040408,0.00795746825739144,0.15012679255091912,0.0
3527,1.0,0.05,0.00011632763066842364,7.097116772040408,0.00795746825739144,0.15012679255091912,0.0
3528,1.0,0.05,0.00011632763066842364,7.097116772040408,0.007099689831270246,0.15012679255091912,0.0
3529,1.0,0.05,0.00011632763066842364,7.097116772040408,0.0068982838458800004,0.15012679255091912,0.0
3530,1.0,0.05,0.00011632763066842364,7.097116772040408,0.0068982838458800004,0.15879848892022852,0.0
3531,1.0,0.05,0.00011632763066842364,7.097116772040408,0.0068982838458800004,0.15879848892022852,0.0
3532,1.0,0.05,0.00011632763066842364,9.12018755498687,0.0073772940387531625,0.15879848892022852,0.0
3533,1.0,0.05,0.00011632763066842364,9.12018755498687,0.00748211697581663,0.16217128174230888,0.0
3534,1.0,0.05,0.00011632763066842364,9.12018755498687,0.00748211697581663,0.16217128174230888,0.0
3535,1.0,0.05,0.00011632763066842364,9.90749239382292,0.00782571432324175,0.16217128174230888,0.0
3536,1.0,0.05,0.00011377072396509296,9.90749239382292,0.00782571432324175,0.16217128174230888,0.0
3537,1.0,0.05,0.00011377072396509296,9.90749239382292,0.008026356520145717,0.1800099557983886,0.0
3538,1.0,0.05,0.00011377072396509296,9.90749239382292,0.008026356520145717,0.1558646270361725,0.0
3539,1.0,0.05,0.00011377072396509296,9.90749239382292,0.008026356520145717,0.1558646270361725,0.0
3540,1.0,0.05,0.00011377072396509296,9.90749239382292,0.008026356520145717,0.1558646270361725,0.0
3541,1.0,0.05,0.00011377072396509296,9.90749239382292,0.007120924328583512,0.1558646270361725,0.0
3542,1.0,0.05,0.00011377072396509296,9.90749239382292,0.007120924328583512,0.1558646270361725,0.0
3543,1.0,0.05,0.00011377072396509296,9.90749239382292,0.007120924328583512,0.1558646270361725,0.0
3544,1.0,0.05,0.00011377072396509296,10.60485982463446,0.0073966490535226125,0.15063675866646054,0.0
3545,1.0,0.05,0.00011377072396509296,10.60485982463446,0.0073966490535226125,0.15063675866646054,0.0
3546,1.0,0.05,0.00011377072396509296,10.60485982463446,0.008347726707063468,0.15063675866646054,0.0
3547,1.0,0.05,0.00011377072396509296,10.60485982463446,0.008347726707063468,0.15063675866646054,0.0
3548,1.0,0.05,0.00011377072396509296,12.484991977225206,0.008347726707063468,0.15283320290715985,0.0
3549,1.0,0.05,0.00011377072396509296,12.484991977225206,0.008347726707063468,0.15283320290715985,0.0
3550,1.0,0.05,0.00011377072396509296,12.484991977225206,0.008347726707063468,0.15283320290715985,0.0
3551,1.0,0.05,0.00011377072396509296,12.484991977225206,0.00826144054387101,0.15283320290715985,0.0
3552,1.0,0.05,0.00011377072396509296,12.484991977225206,0.006739110761410111,0.11398140861949498,0.0
3553,1.0,0.05,0.00011377072396509296,12.484991977225206,0.006739110761410111,0.11398140861949498,0.0
3554,1.0,0.05,0.00011377072396509296,12.484991977225206,0.006739110761410111,0.13583632957159747,0.0
3555,1.0,0.05,0.00011377072396509296,12.484991977225206,0.006739110761410111,0.13583632957159747,0.0
3556,1.0,0.05,0.00011377072396509296,12.484991977225206,0.006739110761410111,0.13583632957159747,0.0
3557,1.0,0.05,0.00011377072396509296,12.484991977225206,0.007165587531957188,0.13583632957159747,0.0
3558,1.0,0.05,0.00011377072396509296,12.484991977225206,0.007165587531957188,0.13583632957159747,0.0
3559,1.0,0.05,0.00011377072396509296,12.484991977225206,0.007165587531957188,0.13583632957159747,0.0
3560,1.0,0.05,0.00012072128738107086,12.484991977225206,0.007165587531957188,0.13583632957159747,0.0
3561,1.0,0.05,0.00012072128738107086,12.484991977225206,0.007165587531957188,0.13583632957159747,0.0
3562,1.0,0.05,0.00012072128738107086,12.484991977225206,0.007165587531957188,0.13583632957159747,0.0
3563,1.0,0.05,0.00012072128738107086,12.484991977225206,0.007165587531957188,0.13583632957159747,0.0
3564,1.0,0.05,0.00012072128738107086,12.484991977225206,0.007165587531957188,0.13583632957159747,0.0
3565,1.0,0.05,0.00012072128738107086,12.484991977225206,0.007165587531957188,0.13583632957159747,0.0
3566,1.0,0.05,0.00012072128738107086,12.484991977225206,0.007165587531957188,0.13583632957159747,0.0
3567,1.0,0.05,0.00011778853294644412,12.484991977225206,0.007165587531957188,0.13583632957159747,0.0
3568,1.0,0.05,0.00011778853294644412,12.484991977225206,0.007165587531957188,0.13583632957159747,0.0
3569,1.0,0.05,0.00011778853294644412,12.484991977225206,0.007165587531957188,0.138211328531048,0.0
3570,1.0,0.05,0.00011778853294644412,12.484991977225206,0.007165587531957188,0.138211328531048,0.0
3571,1.0,0.05,0.00011778853294644412,12.484991977225206,0.007165587531957188,0.138211328531048,0.0
3572,1.0,0.05,0.00011778853294644412,7.226934822539889,0.006754249668931766,0.138211328531048,0.0
3573,1.0,0.05,0.00012268407104938078,7.226934822539889,0.006754249668931766,0.138211328531048,0.0
3574,1.0,0.05,0.00012268407104938078,7.226934822539889,0.006754249668931766,0.138211328531048,0.0
3575,1.0,0.05,0.00012268407104938078,7.226934822539889,0.006754249668931766,0.138211328531048,0.0
3576,1.0,0.05,0.00012268407104938078,7.226934822539889,0.006754249668931766,0.138211328531048,0.0
3577,1.0,0.05,0.00012268407104938078,8.297873775443747,0.006341824359245496,0.138211328531048,0.0
3578,1.0,0.05,0.00012268407104938078,8.297873775443747,0.006341824359245496,0.138211328531048,0.0
3579,1.0,0.05,0.00012268407104938078,8.297873775443747,0.006341824359245496,0.138211328531048,0.0
3580,1.0,0.05,0.00012268407104938078,8.297873775443747,0.006341824359245496,0.138211328531048,0.0
3581,1.0,0.05,0.00012268407104938078,8.297873775443747,0.006341824359245496,0.138211328531048,0.0
3582,1.0,0.05,0.00012268407104938078,8.297873775443747,0.006341824359245496,0.138211328531048,0.0
3583,1.0,0.05,0.00012659347504717137,8.297873775443747,0.006341824359245496,0.138211328531048,0.0
3584,1.0,0.05,0.0001231790662206751,8.297873775443747,0.006341824359245496,0.138211328531048,0.0
3585,1.0,0.05,0.0001231790662206751,8.297873775443747,0.006341824359245496,0.11866938180957332,0.0
3586,1.0,0.05,0.0001231790662206751,8.297873775443747,0.006341824359245496,0.11866938180957332,0.0
3587,1.0,0.05,0.0001231790662206751,8.297873775443747,0.006341824359245496,0.11866938180957332,0.0
3588,1.0,0.05,0.0001231790662206751,11.65295921596649,0.006341824359245496,0.11866938180957332,0.0
3589,1.0,0.05,0.0001223777012920012,11.65295921596649,0.006341824359245496,0.11866938180957332,0.0
3590,1.0,0.05,0.0001223777012920012,11.65295921596649,0.006341824359245496,0.11866938180957332,0.0
3591,1.0,0.05,0.0001223777012920012,11.65295921596649,0.006341824359245496,0.11866938180957332,0.0
3592,1.0,0.05,0.0001223777012920012,11.65295921596649,0.006341824359245496,0.11866938180957332,0.0
3593,1.0,0.05,0.0001223777012920012,11.65295921596649,0.006341824359245496,0.11866938180957332,0.0
3594,1.0,0.05,0.0001223777012920012,11.65295921596649,0.006341824359245496,0.11866938180957332,0.0
3595,1.0,0.05,0.0001223777012920012,8.939244536112938,0.006341824359245496,0.11866938180957332,0.0
3596,1.0,0.05,0.0001223777012920012,8.939244536112938,0.006341824359245496,0.14559885117435611,0.0
3597,1.0,0.05,0.0001223777012920012,8.939244536112938,0.006844264642598736,0.14559885117435611,0.0
3598,1.0,0.05,0.0001223777012920012,7.80699239687101,0.006844264642598736,0.14559885117435611,0.0
3599,1.0,0.05,0.0001223777012920012,7.80699239687101,0.006844264642598736,0.14559885117435611,0.0
3600,1.0,0.05,0.0001223777012920012,7.80699239687101,0.006844264642598736,0.1230414346635807,0.0
3601,1.0,0.05,0.0001223777012920012,7.80699239687101,0.006844264642598736,0.11488596454413205,0.0
3602,1.0,0.05,0.0001223777012920012,7.80699239687101,0.006844264642598736,0.1197348295476988,0.0
3603,1.0,0.05,0.0001223777012920012,5.728747186539394,0.006844264642598736,0.13734616100633973,0.0
3604,1.0,0.05,0.0001223777012920012,5.728747186539394,0.006844264642598736,0.13734616100633973,0.0
3605,1.0,0.05,0.0001223777012920012,5.728747186539394,0.006546908709664807,0.13734616100633973,0.0
3606,1.0,0.05,0.0001223777012920012,5.728747186539394,0.006546908709664807,0.13734616100633973,0.0
3607,1.0,0.05,0.0001223777012920012,5.728747186539394,0.006546908709664807,0.13734616100633973,0.0
3608,1.0,0.05,0.0001223777012920012,5.728747186539394,0.006546908709664807,0.13734616100633973,0.0
3609,1.0,0.05,0.0001223777012920012,12.404177897795023,0.006646411379674253,0.13734616100633973,0.0
3610,1.0,0.05,0.0001223777012920012,12.404177897795023,0.006646411379674253,0.13734616100633973,0.0
3611,1.0,0.05,0.0001223777012920012,12.404177897795023,0.006646411379674253,0.13734616100633973,0.0
3612,1.0,0.05,0.0001223777012920012,12.404177897795023,0.006646411379674253,0.13559063521535636,0.0
3613,1.0,0.05,0.0001223777012920012,12.404177897795023,0.006646411379674253,0.13559063521535636,0.0
3614,1.0,0.05,0.0001223777012920012,12.404177897795023,0.006499131846760344,0.13559063521535636,0.0
3615,1.0,0.05,0.0001223777012920012,6.096848800146532,0.0067396159829448505,0.13559063521535636,0.0
3616,1.0,0.05,0.0001223777012920012,6.096848800146532,0.0067396159829448505,0.13559063521535636,0.0
3617,1.0,0.05,0.0001223777012920012,9.341605922012278,0.0067396159829448505,0.13559063521535636,0.0
3618,1.0,0.05,0.0001223777012920012,9.341605922012278,0.0067396159829448505,0.13559063521535636,0.0
3619,1.0,0.05,0.0001223777012920012,9.341605922012278,0.0067396159829448505,0.13559063521535636,0.0
3620,1.0,0.05,0.0001223777012920012,9.341605922012278,0.0067396159829448505,0.13559063521535636,0.0
3621,1.0,0.05,0.0001223777012920012,9.341605922012278,0.0067396159829448505,0.13559063521535636,0.0
3622,1.0,0.05,0.0001223777012920012,9.341605922012278,0.0067396159829448505,0.13559063521535636,0.0
3623,1.0,0.05,0.0001223777012920012,9.341605922012278,0.0067396159829448505,0.13559063521535636,0.0
3624,1.0,0.05,0.0001223777012920012,9.341605922012278,0.0067396159829448505,0.1299475560375166,0.0
3625,1.0,0.05,0.0001223777012920012,9.341605922012278,0.0067396159829448505,0.1299475560375166,0.0
3626,1.0,0.05,0.0001223777012920012,7.276547567254553,0.0067396159829448505,0.1299475560375166,0.0
3627,1.0,0.05,0.0001223777012920012,7.276547567254553,0.0067396159829448505,0.1299475560375166,0.0
3628,1.0,0.05,0.0001223777012920012,7.276547567254553,0.0067396159829448505,0.1299475560375166,0.0
3629,1.0,0.05,0.0001223777012920012,7.276547567254553,0.0067396159829448505,0.1299475560375166,0.0
3630,1.0,0.05,0.0001223777012920012,7.276547567254553,0.0067396159829448505,0.1299475560375166,0.0
3631,1.0,0.05,0.0001223777012920012,7.276547567254553,0.0067396159829448505,0.1299475560375166,0.0
3632,1.0,0.05,0.0001223777012920012,7.276547567254553,0.007002691647426329,0.12674564429610752,0.0
3633,1.0,0.05,0.00011678105018651836,7.276547567254553,0.006614359979003913,0.14417874744468542,0.0
3634,1.0,0.05,0.00011678105018651836,7.276547567254553,0.006614359979003913,0.14417874744468542,0.0
3635,1.0,0.05,0.00012545418784870292,7.276547567254553,0.00701601221135488,0.14417874744468542,0.0
3636,1.0,0.05,0.00012098830537863908,7.276547567254553,0.00701601221135488,0.14417874744468542,0.0
3637,1.0,0.05,0.00012098830537863908,7.276547567254553,0.00701601221135488,0.14417874744468542,0.0
3638,1.0,0.05,0.00012098830537863908,7.276547567254553,0.00701601221135488,0.14417874744468542,0.0
3639,1.0,0.05,0.00012098830537863908,7.276547567254553,0.00701601221135488,0.14417874744468542,0.0
3640,1.0,0.05,0.00012098830537863908,7.276547567254553,0.00701601221135488,0.14417874744468542,0.0
3641,1.0,0.05,0.00012098830537863908,7.276547567254553,0.00701601221135488,0.14417874744468542,0.0
3642,1.0,0.05,0.00012098830537863908,7.276547567254553,0.007381663125792582,0.14417874744468542,0.0
3643,1.0,0.05,0.00012098830537863908,7.276547567254553,0.007480440223638105,0.14417874744468542,0.0
3644,1.0,0.05,0.00012098830537863908,7.276547567254553,0.007480440223638105,0.14417874744468542,0.0
3645,1.0,0.05,0.00012098830537863908,7.276547567254553,0.007480440223638105,0.14248431530368888,0.0
3646,1.0,0.05,0.00012098830537863908,7.276547567254553,0.007480440223638105,0.14248431530368888,0.0
3647,1.0,0.05,0.00012098830537863908,7.276547567254553,0.007480440223638105,0.14248431530368888,0.0
3648,1.0,0.05,0.00012098830537863908,7.276547567254553,0.007480440223638105,0.14248431530368888,0.0
3649,1.0,0.05,0.00012098830537863908,10.18354169217315,0.006396834065532902,0.14248431530368888,0.0
3650,1.0,0.05,0.00012098830537863908,10.18354169217315,0.006396834065532902,0.14248431530368888,0.0
3651,1.0,0.05,0.00012098830537863908,5.7026037762958595,0.006396834065532902,0.14248431530368888,0.0
3652,1.0,0.05,0.00012098830537863908,5.7026037762958595,0.006483397331373157,0.14248431530368888,0.0
3653,1.0,0.05,0.00012098830537863908,5.7026037762958595,0.006483397331373157,0.14248431530368888,0.0
3654,1.0,0.05,0.00012098830537863908,5.7026037762958595,0.0077297301301643105,0.14248431530368888,0.0
3655,1.0,0.05,0.00012098830537863908,5.7026037762958595,0.0077297301301643105,0.14248431530368888,0.0
3656,1.0,0.05,0.00012098830537863908,5.7026037762958595,0.0077297301301643105,0.14248431530368888,0.0
3657,1.0,0.05,0.00012098830537863908,5.7026037762958595,0.0077297301301643105,0.14248431530368888,0.0
3658,1.0,0.05,0.00012098830537863908,5.7026037762958595,0.0077297301301643105,0.14248431530368888,0.0
3659,1.0,0.05,0.00012098830537863908,5.7026037762958595,0.007743224797710071,0.14248431530368888,0.0
3660,1.0,0.05,0.00012098830537863908,5.7026037762958595,0.007743224797710071,0.14248431530368888,0.0
3661,1.0,0.05,0.00011994005862606171,5.7026037762958595,0.007743224797710071,0.14248431530368888,0.0
3662,1.0,0.05,0.00011994005862606171,5.7026037762958595,0.007743224797710071,0.14248431530368888,0.0
3663,1.0,0.05,0.00011994005862606171,5.7026037762958595,0.007743224797710071,0.14248431530368888,0.0
3664,1.0,0.05,0.00011994005862606171,5.7026037762958595,0.007743224797710071,0.14248431530368888,0.0
3665,1.0,0.05,0.00011994005862606171,5.7026037762958595,0.006266445100597226,0.14248431530368888,0.0
3666,1.0,0.05,0.00011994005862606171,5.7026037762958595,0.006266445100597226,0.13666719012296974,0.0
3667,1.0,0.05,0.000130315413864515,5.7026037762958595,0.006266445100597226,0.13666719012296974,0.0
3668,1.0,0.05,0.000130315413864515,6.004364971193567,0.005830161967746507,0.13666719012296974,0.0
3669,1.0,0.05,0.000130315413864515,5.862513358260287,0.005830161967746507,0.13666719012296974,0.0
3670,1.0,0.05,0.000130315413864515,5.862513358260287,0.005830161967746507,0.13666719012296974,0.0
3671,1.0,0.05,0.000130315413864515,5.862513358260287,0.005980892345658577,0.13666719012296974,0.0
3672,1.0,0.05,0.00012111013015844057,5.862513358260287,0.005980892345658577,0.13666719012296974,0.0
3673,1.0,0.05,0.00012111013015844057,5.862513358260287,0.005980892345658577,0.13666719012296974,0.0
3674,1.0,0.05,0.00012111013015844057,5.862513358260287,0.005980892345658577,0.13666719012296974,0.0
3675,1.0,0.05,0.00012111013015844057,5.862513358260287,0.005980892345658577,0.13666719012296974,0.0
3676,1.0,0.05,0.00012111013015844057,5.862513358260287,0.005980892345658577,0.13666719012296974,0.0
3677,1.0,0.05,0.00012111013015844057,5.862513358260287,0.007336794854192452,0.13666719012296974,0.0
3678,1.0,0.05,0.00012111013015844057,5.862513358260287,0.006609890411064438,0.13666719012296974,0.0
3679,1.0,0.05,0.00012111013015844057,5.862513358260287,0.006609890411064438,0.15755312390814602,0.0
3680,1.0,0.05,0.00012111013015844057,5.862513358260287,0.006609890411064438,0.1489948197569765,0.0
3681,1.0,0.05,0.00012111013015844057,5.862513358260287,0.007532155375723157,0.14535839417241883,0.0
3682,1.0,0.05,0.00012111013015844057,8.988913938883769,0.007532155375723157,0.14535839417241883,0.0
3683,1.0,0.05,0.00012111013015844057,8.988913938883769,0.007532155375723157,0.14535839417241883,0.0
3684,1.0,0.05,0.00012111013015844057,8.988913938883769,0.007532155375723157,0.14535839417241883,0.0
3685,1.0,0.05,0.00012111013015844057,8.988913938883769,0.006913307954049668,0.14535839417241883,0.0
3686,1.0,0.05,0.00012111013015844057,8.988913938883769,0.006913307954049668,0.14535839417241883,0.0
3687,1.0,0.05,0.00012111013015844057,8.988913938883769,0.006913307954049668,0.14535839417241883,0.0
3688,1.0,0.05,0.00012111013015844057,8.988913938883769,0.006913307954049668,0.14535839417241883,0.0
3689,1.0,0.05,0.00012111013015844057,8.297346303075017,0.006913307954049668,0.14535839417241883,0.0
3690,1.0,0.05,0.00012111013015844057,8.297346303075017,0.006913307954049668,0.14535839417241883,0.0
3691,1.0,0.05,0.00012111013015844057,8.297346303075017,0.006913307954049668,0.14535839417241883,0.0
3692,1.0,0.05,0.00012111013015844057,8.297346303075017,0.006913307954049668,0.14535839417241883,0.0
3693,1.0,0.05,0.00012111013015844057,8.297346303075017,0.007415567949744963,0.14535839417241883,0.0
3694,1.0,0.05,0.00012111013015844057,8.297346303075017,0.007415567949744963,0.14535839417241883,0.0
3695,1.0,0.05,0.00012111013015844057,7.735408347214019,0.007415567949744963,0.14535839417241883,0.0
3696,1.0,0.05,0.00012111013015844057,7.735408347214019,0.007415567949744963,0.12378646255020287,0.0
3697,1.0,0.05,0.00012011640915317598,13.91725514605126,0.007582454774247429,0.12378646255020287,0.0
3698,1.0,0.05,0.00012011640915317598,10.09296455725736,0.007582454774247429,0.12378646255020287,0.0
3699,1.0,0.05,0.00012011640915317598,10.09296455725736,0.007582454774247429,0.12378646255020287,0.0
3700,1.0,0.05,0.00012011640915317598,10.09296455725736,0.007582454774247429,0.12378646255020287,0.0
3701,1.0,0.05,0.00012011640915317598,10.09296455725736,0.007582454774247429,0.12378646255020287,0.0
3702,1.0,0.05,0.00012011640915317598,10.09296455725736,0.007582454774247429,0.12378646255020287,0.0
3703,1.0,0.05,0.00012011640915317598,10.09296455725736,0.007582454774247429,0.12378646255020287,0.0
3704,1.0,0.05,0.00012011640915317598,10.09296455725736,0.006285799182558684,0.12378646255020287,0.0
3705,1.0,0.05,0.00012011640915317598,10.09296455725736,0.006285799182558684,0.12141780272172675,0.0
3706,1.0,0.05,0.00012011640915317598,10.09296455725736,0.006285799182558684,0.12141780272172675,0.0
3707,1.0,0.05,0.00012011640915317598,10.09296455725736,0.006285799182558684,0.12141780272172675,0.0
3708,1.0,0.05,0.00012011640915317598,9.950331827120223,0.006285799182558684,0.12141780272172675,0.0
3709,1.0,0.05,0.00012011640915317598,9.950331827120223,0.006285799182558684,0.12141780272172675,0.0
3710,1.0,0.05,0.00012011640915317598,9.950331827120223,0.006285799182558684,0.12141780272172675,0.0
3711,1.0,0.05,0.00012011640915317598,9.950331827120223,0.006553253188346982,0.12141780272172675,0.0
3712,1.0,0.05,0.00012011640915317598,9.950331827120223,0.006553253188346982,0.12141780272172675,0.0
3713,1.0,0.05,0.00012011640915317598,9.950331827120223,0.006553253188346982,0.12141780272172675,0.0
3714,1.0,0.05,0.00012011640915317598,9.950331827120223,0.006553253188346982,0.12141780272172675,0.0
3715,1.0,0.05,0.00012011640915317598,9.950331827120223,0.006553253188346982,0.12141780272172675,0.0
3716,1.0,0.05,0.00012011640915317598,9.950331827120223,0.007053266854840304,0.12141780272172675,0.0
3717,1.0,0.05,0.00012011640915317598,9.950331827120223,0.007053266854840304,0.12141780272172675,0.0
3718,1.0,0.05,0.00012011640915317598,9.950331827120223,0.007053266854840304,0.12141780272172675,0.0
3719,1.0,0.05,0.00012011640915317598,10.548536225614598,0.006822864439903707,0.12141780272172675,0.0
3720,1.0,0.05,0.00012011640915317598,10.548536225614598,0.006822864439903707,0.12141780272172675,0.0
3721,1.0,0.05,0.00012011640915317598,10.548536225614598,0.006822864439903707,0.12141780272172675,0.0
3722,1.0,0.05,0.00012011640915317598,10.548536225614598,0.006822864439903707,0.12141780272172675,0.0
3723,1.0,0.05,0.00012011640915317598,10.548536225614598,0.006822864439903707,0.15765859710906827,0.0
3724,1.0,0.05,0.00012011640915317598,10.548536225614598,0.006822864439903707,0.15765859710906827,0.0
3725,1.0,0.05,0.00012011640915317598,10.548536225614598,0.0065431168835071545,0.13287072964103513,0.0
3726,1.0,0.05,0.00012011640915317598,10.548536225614598,0.0065431168835071545,0.13287072964103513,0.0
3727,1.0,0.05,0.00012011640915317598,10.548536225614598,0.0065431168835071545,0.13287072964103513,0.0
3728,1.0,0.05,0.00012011640915317598,10.548536225614598,0.0065431168835071545,0.1346122241960711,0.0
3729,1.0,0.05,0.00012011640915317598,10.548536225614598,0.007912251629578631,0.1346122241960711,0.0
3730,1.0,0.05,0.00012011640915317598,10.548536225614598,0.007069367724599566,0.1346122241960711,0.0
3731,1.0,0.05,0.00012011640915317598,10.548536225614598,0.007069367724599566,0.1346122241960711,0.0
3732,1.0,0.05,0.00012011640915317598,10.548536225614598,0.007069367724599566,0.1346122241960711,0.0
3733,1.0,0.05,0.00012011640915317598,10.548536225614598,0.007069367724599566,0.1346122241960711,0.0
3734,1.0,0.05,0.00012011640915317598,10.548536225614598,0.007069367724599566,0.1346122241960711,0.0
3735,1.0,0.05,0.00012011640915317598,10.548536225614598,0.007069367724599566,0.1346122241960711,0.0
3736,1.0,0.05,0.00012011640915317598,10.548536225614598,0.007069367724599566,0.1346122241960711,0.0
3737,1.0,0.05,0.00012011640915317598,10.548536225614598,0.007069367724599566,0.1346122241960711,0.0
3738,1.0,0.05,0.00012011640915317598,10.548536225614598,0.007069367724599566,0.1346122241960711,0.0
3739,1.0,0.05,0.00012011640915317598,10.548536225614598,0.007069367724599566,0.1346122241960711,0.0
3740,1.0,0.05,0.00012011640915317598,10.548536225614598,0.007069367724599566,0.1346122241960711,0.0
3741,1.0,0.05,0.00012011640915317598,10.548536225614598,0.006383259709499138,0.1346122241960711,0.0
3742,1.0,0.05,0.00012011640915317598,10.548536225614598,0.006383259709499138,0.1346122241960711,0.0
3743,1.0,0.05,0.00012011640915317598,10.54926178030044,0.006383259709499138,0.11586320404532723,0.0
3744,1.0,0.05,0.00012638230511487732,10.54926178030044,0.006383259709499138,0.11586320404532723,0.0
3745,1.0,0.05,0.00012638230511487732,10.54926178030044,0.006383259709499138,0.11586320404532723,0.0
3746,1.0,0.05,0.00012638230511487732,10.54926178030044,0.006383259709499138,0.11586320404532723,0.0
3747,1.0,0.05,0.00012638230511487732,10.54926178030044,0.006383259709499138,0.11586320404532723,0.0
3748,1.0,0.05,0.00012638230511487732,10.54926178030044,0.006383259709499138,0.11586320404532723,0.0
3749,1.0,0.05,0.00012638230511487732,10.54926178030044,0.006383259709499138,0.11586320404532723,0.0
3750,1.0,0.05,0.00012638230511487732,10.54926178030044,0.006383259709499138,0.11586320404532723,0.0
3751,1.0,0.05,0.00012638230511487732,10.54926178030044,0.006383259709499138,0.11586320404532723,0.0
3752,1.0,0.05,0.00012638230511487732,10.54926178030044,0.006383259709499138,0.11586320404532723,0.0
3753,1.0,0.05,0.00012021921890085276,10.54926178030044,0.006383259709499138,0.11586320404532723,0.0
3754,1.0,0.05,0.00012021921890085276,10.54926178030044,0.006383259709499138,0.12417304134532747,0.0
3755,1.0,0.05,0.00012021921890085276,10.54926178030044,0.006383259709499138,0.12417304134532747,0.0
3756,1.0,0.05,0.00012021921890085276,10.54926178030044,0.006383259709499138,0.12417304134532747,0.0
3757,1.0,0.05,0.00012021921890085276,10.54926178030044,0.006383259709499138,0.12417304134532747,0.0
3758,1.0,0.05,0.00012021921890085276,10.54926178030044,0.006331994687191365,0.12417304134532747,0.0
3759,1.0,0.05,0.00012021921890085276,10.54926178030044,0.006331994687191365,0.12417304134532747,0.0
3760,1.0,0.05,0.00012021921890085276,10.54926178030044,0.006331994687191365,0.12417304134532747,0.0
3761,1.0,0.05,0.00012021921890085276,10.54926178030044,0.006331994687191365,0.12417304134532747,0.0
3762,1.0,0.05,0.00012021921890085276,10.54926178030044,0.006424308466415848,0.12417304134532747,0.0
3763,1.0,0.05,0.00012021921890085276,10.54926178030044,0.006424308466415848,0.12417304134532747,0.0
3764,1.0,0.05,0.00012021921890085276,10.54926178030044,0.006424308466415848,0.12417304134532747,0.0
3765,1.0,0.05,0.00012021921890085276,10.54926178030044,0.006424308466415848,0.12417304134532747,0.0
3766,1.0,0.05,0.00012021921890085276,10.54926178030044,0.007176930950791289,0.12707125858077176,0.0
3767,1.0,0.05,0.00012021921890085276,10.54926178030044,0.007176930950791289,0.12707125858077176,0.0
3768,1.0,0.05,0.00012021921890085276,10.54926178030044,0.007176930950791289,0.12707125858077176,0.0
3769,1.0,0.05,0.00011844271745686383,10.54926178030044,0.007108888500464772,0.12707125858077176,0.0
3770,1.0,0.05,0.00011844271745686383,10.57874887664316,0.007108888500464772,0.12707125858077176,0.0
3771,1.0,0.05,0.00011844271745686383,11.521738450931053,0.0061669364388534645,0.11686634435176582,0.0
3772,1.0,0.05,0.00011844271745686383,11.521738450931053,0.0058553899234533024,0.11686634435176582,0.0
3773,1.0,0.05,0.00011844271745686383,11.521738450931053,0.007948236546274388,0.11686634435176582,0.0
3774,1.0,0.05,0.000117989144745399,11.521738450931053,0.007948236546274388,0.11686634435176582,0.0
3775,1.0,0.05,0.000117989144745399,15.814302051755377,0.007948236546274388,0.11686634435176582,0.0
3776,1.0,0.05,0.000117989144745399,15.814302051755377,0.007948236546274388,0.11686634435176582,0.0
3777,1.0,0.05,0.000117989144745399,15.814302051755377,0.00795213708391769,0.11686634435176582,0.0
3778,1.0,0.05,0.000117989144745399,15.814302051755377,0.00795213708391769,0.10742244717879984,0.0
3779,1.0,0.05,0.00011794026038093961,15.814302051755377,0.00795213708391769,0.10742244717879984,0.0
3780,1.0,0.05,0.00011794026038093961,15.814302051755377,0.00795213708391769,0.10742244717879984,0.0
3781,1.0,0.05,0.00011794026038093961,13.503580373340313,0.00795213708391769,0.10742244717879984,0.0
3782,1.0,0.05,0.00011794026038093961,13.503580373340313,0.00795213708391769,0.12916001091361232,0.0
3783,1.0,0.05,0.00011794026038093961,13.503580373340313,0.00795213708391769,0.12916001091361232,0.0
3784,1.0,0.05,0.00011794026038093961,18.490762278957718,0.00795213708391769,0.12916001091361232,0.0
3785,1.0,0.05,0.00011794026038093961,18.490762278957718,0.00795213708391769,0.12916001091361232,0.0
3786,1.0,0.05,0.00011794026038093961,18.490762278957718,0.00795213708391769,0.08223682476540652,0.0
3787,1.0,0.05,0.00011794026038093961,12.210919091638473,0.00795213708391769,0.12037322993929316,0.0
3788,1.0,0.05,0.00011794026038093961,12.210919091638473,0.00795213708391769,0.12037322993929316,0.0
3789,1.0,0.05,0.00011794026038093961,12.210919091638473,0.007013229811732092,0.1195290583834496,0.0
3790,1.0,0.05,0.00011794026038093961,12.210919091638473,0.007013229811732092,0.1195290583834496,0.0
3791,1.0,0.05,0.00011794026038093961,12.210919091638473,0.007013229811732092,0.11613350938869627,0.0
3792,1.0,0.05,0.00011794026038093961,10.331471119205077,0.007013229811732092,0.11613350938869627,0.0
3793,1.0,0.05,0.00011794026038093961,10.331471119205077,0.007013229811732092,0.11613350938869627,0.0
3794,1.0,0.05,0.00011794026038093961,10.331471119205077,0.007700304888062241,0.15171094215060896,0.0
3795,1.0,0.05,0.00011178162523549067,10.331471119205077,0.007700304888062241,0.15171094215060896,0.0
3796,1.0,0.05,0.00011178162523549067,10.331471119205077,0.007700304888062241,0.21362103129048426,0.0
3797,1.0,0.05,0.00011178162523549067,10.331471119205077,0.007700304888062241,0.21362103129048426,0.0
3798,1.0,0.05,0.00011178162523549067,10.331471119205077,0.007700304888062241,0.21362103129048426,0.0
3799,1.0,0.05,0.00011178162523549067,10.331471119205077,0.007700304888062241,0.17894617152732942,0.0
3800,1.0,0.05,0.00011178162523549067,10.331471119205077,0.007700304888062241,0.15832818027404905,0.0
3801,1.0,0.05,0.00011178162523549067,10.331471119205077,0.00877205332171744,0.15832818027404905,0.0
3802,1.0,0.05,0.00011178162523549067,10.331471119205077,0.00877205332171744,0.15832818027404905,0.0
3803,1.0,0.05,0.00011178162523549067,10.331471119205077,0.00877205332171744,0.15832818027404905,0.0
3804,1.0,0.05,0.00011178162523549067,10.331471119205077,0.00877205332171744,0.15832818027404905,0.0
3805,1.0,0.05,0.00011178162523549067,10.331471119205077,0.008786618777970687,0.14513781886792432,0.0
3806,1.0,0.05,0.00011178162523549067,10.331471119205077,0.008653792929917635,0.14513781886792432,0.0
3807,1.0,0.05,0.00011178162523549067,13.71109347788591,0.008263551432095407,0.14513781886792432,0.0
3808,1.0,0.05,0.00011178162523549067,13.71109347788591,0.0073054882912035705,0.14513781886792432,0.0
3809,1.0,0.05,0.00011178162523549067,13.71109347788591,0.0073054882912035705,0.14513781886792432,0.0
3810,1.0,0.05,0.00011178162523549067,10.526957956394483,0.0073054882912035705,0.14513781886792432,0.0
3811,1.0,0.05,0.00011178162523549067,10.526957956394483,0.0073054882912035705,0.14513781886792432,0.0
3812,1.0,0.05,0.00011178162523549067,10.526957956394483,0.0073054882912035705,0.14513781886792432,0.0
3813,1.0,0.05,0.00011178162523549067,10.526957956394483,0.007879002990506154,0.15157768999770607,0.0
3814,1.0,0.05,0.00011178162523549067,15.229859116593445,0.007879002990506154,0.15157768999770607,0.0
3815,1.0,0.05,0.00011178162523549067,12.805290505081345,0.007879002990506154,0.15157768999770607,0.0
3816,1.0,0.05,0.00011178162523549067,12.805290505081345,0.007879002990506154,0.15157768999770607,0.0
3817,1.0,0.05,0.00011178162523549067,12.805290505081345,0.007879002990506154,0.15157768999770607,0.0
3818,1.0,0.05,0.00011178162523549067,12.805290505081345,0.007879002990506154,0.15157768999770607,0.0
3819,1.0,0.05,0.00011178162523549067,12.805290505081345,0.007879002990506154,0.15157768999770607,0.0
3820,1.0,0.05,0.00011170839181293959,12.805290505081345,0.007879002990506154,0.15157768999770607,0.0
3821,1.0,0.05,0.00011170839181293959,12.805290505081345,0.007452049490512641,0.15157768999770607,0.0
3822,1.0,0.05,0.00011170839181293959,12.805290505081345,0.007452049490512641,0.16710939875973785,0.0
3823,1.0,0.05,0.00011170839181293959,12.805290505081345,0.007452049490512641,0.12463155256030463,0.0
3824,1.0,0.05,0.00011170839181293959,12.805290505081345,0.007452049490512641,0.12463155256030463,0.0
3825,1.0,0.05,0.00012134591961960555,12.805290505081345,0.007452049490512641,0.12463155256030463,0.0
3826,1.0,0.05,0.00012134591961960555,12.805290505081345,0.007701584818951084,0.12463155256030463,0.0
3827,1.0,0.05,0.00012134591961960555,12.805290505081345,0.0068986789650615716,0.12463155256030463,0.0
3828,1.0,0.05,0.00012134591961960555,12.805290505081345,0.0068986789650615716,0.12463155256030463,0.0
3829,1.0,0.05,0.00012134591961960555,12.805290505081345,0.0068986789650615716,0.1313425439875773,0.0
3830,1.0,0.05,0.00012134591961960555,10.176845601522075,0.0068986789650615716,0.1313425439875773,0.0
3831,1.0,0.05,0.00012134591961960555,10.176845601522075,0.0068986789650615716,0.1313425439875773,0.0
3832,1.0,0.05,0.00012134591961960555,10.176845601522075,0.0068986789650615716,0.1313425439875773,0.0
3833,1.0,0.05,0.00012134591961960555,8.982065719344831,0.00723200519511903,0.1313425439875773,0.0
3834,1.0,0.05,0.00012134591961960555,8.982065719344831,0.00723200519511903,0.1313425439875773,0.0
3835,1.0,0.05,0.00012134591961960555,8.982065719344831,0.00723200519511903,0.1313425439875773,0.0
3836,1.0,0.05,0.00012134591961960555,10.39443388517833,0.00723200519511903,0.1313425439875773,0.0
3837,1.0,0.05,0.00012134591961960555,10.39443388517833,0.00723200519511903,0.1313425439875773,0.0
3838,1.0,0.05,0.00012134591961960555,10.39443388517833,0.00723200519511903,0.1313425439875773,0.0
3839,1.0,0.05,0.00012134591961960555,10.39443388517833,0.00723200519511903,0.11535444223234981,0.0
3840,1.0,0.05,0.00012134591961960555,10.39443388517833,0.00723200519511903,0.11535444223234981,0.0
3841,1.0,0.05,0.00012096519926912704,10.39443388517833,0.0061478549685720025,0.11535444223234981,0.0
3842,1.0,0.05,0.00012096519926912704,10.39443388517833,0.0061478549685720025,0.11535444223234981,0.0
3843,1.0,0.05,0.00012096519926912704,10.39443388517833,0.0061478549685720025,0.10010216772490907,0.0
3844,1.0,0.05,0.00012096519926912704,10.39443388517833,0.0061478549685720025,0.10010216772490907,0.0
3845,1.0,0.05,0.00012096519926912704,10.39443388517833,0.0061478549685720025,0.1362848396811895,0.0
3846,1.0,0.05,0.00012096519926912704,10.39443388517833,0.006257555296909215,0.1362848396811895,0.0
3847,1.0,0.05,0.00012096519926912704,10.39443388517833,0.006257555296909215,0.1362848396811895,0.0
3848,1.0,0.05,0.00012096519926912704,10.39443388517833,0.006257555296909215,0.1362848396811895,0.0
3849,1.0,0.05,0.00012096519926912704,10.39443388517833,0.006934412073801665,0.1362848396811895,0.0
3850,1.0,0.05,0.00012096519926912704,10.39443388517833,0.006934412073801665,0.1362848396811895,0.0
3851,1.0,0.05,0.00012096519926912704,10.39443388517833,0.006934412073801665,0.1362848396811895,0.0
3852,1.0,0.05,0.00012096519926912704,10.39443388517833,0.006934412073801665,0.1362848396811895,0.0
3853,1.0,0.05,0.00012096519926912704,12.637465996148904,0.006934412073801665,0.1362848396811895,0.0
3854,1.0,0.05,0.00012096519926912704,12.637465996148904,0.006934412073801665,0.1362848396811895,0.0
3855,1.0,0.05,0.00012096519926912704,7.34089231158508,0.007439726534646946,0.1362848396811895,0.0
3856,1.0,0.05,0.00012096519926912704,7.34089231158508,0.007439726534646946,0.1362848396811895,0.0
3857,1.0,0.05,0.00012096519926912704,7.34089231158508,0.007439726534646946,0.1761659265812821,0.0
3858,1.0,0.05,0.00012096519926912704,7.34089231158508,0.006943414582357686,0.1761659265812821,0.0
3859,1.0,0.05,0.0001183679812268071,7.34089231158508,0.006943414582357686,0.16758022547216925,0.0
3860,1.0,0.05,0.0001183679812268071,7.34089231158508,0.006943414582357686,0.14779557626488699,0.0
3861,1.0,0.05,0.0001183679812268071,7.34089231158508,0.006943414582357686,0.14779557626488699,0.0
3862,1.0,0.05,0.0001183679812268071,7.34089231158508,0.006943414582357686,0.14779557626488699,0.0
3863,1.0,0.05,0.0001183679812268071,7.34089231158508,0.006943414582357686,0.14779557626488699,0.0
3864,1.0,0.05,0.0001183679812268071,7.34089231158508,0.006943414582357686,0.14779557626488699,0.0
3865,1.0,0.05,0.00011787872329160144,7.34089231158508,0.006943414582357686,0.14779557626488699,0.0
3866,1.0,0.05,0.00011780911391520147,7.34089231158508,0.006943414582357686,0.13475229570454908,0.0
3867,1.0,0.05,0.0001236525377866716,7.34089231158508,0.006943414582357686,0.13475229570454908,0.0
3868,1.0,0.05,0.0001236525377866716,7.34089231158508,0.006943414582357686,0.13475229570454908,0.0
3869,1.0,0.05,0.0001236525377866716,7.34089231158508,0.006943414582357686,0.13261595163894394,0.0
3870,1.0,0.05,0.0001236525377866716,7.34089231158508,0.006477346962236435,0.13261595163894394,0.0
3871,1.0,0.05,0.00012784371094265147,7.34089231158508,0.006477346962236435,0.13261595163894394,0.0
3872,1.0,0.05,0.00012784371094265147,7.34089231158508,0.006477346962236435,0.13261595163894394,0.0
3873,1.0,0.05,0.00012784371094265147,7.34089231158508,0.006477346962236435,0.13261595163894394,0.0
3874,1.0,0.05,0.00012784371094265147,7.34089231158508,0.006477346962236435,0.13261595163894394,0.0
3875,1.0,0.05,0.00012784371094265147,7.34089231158508,0.006477346962236435,0.09368534887111346,0.0
3876,1.0,0.05,0.00012784371094265147,7.32157069976023,0.006477346962236435,0.1509091992720912,0.0
3877,1.0,0.05,0.00012784371094265147,7.32157069976023,0.006477346962236435,0.13378907033406687,0.0
3878,1.0,0.05,0.00012784371094265147,7.32157069976023,0.006477346962236435,0.13378907033406687,0.0
3879,1.0,0.05,0.00012784371094265147,7.32157069976023,0.006477346962236435,0.13886998517535556,0.0
3880,1.0,0.05,0.00012784371094265147,7.32157069976023,0.006477346962236435,0.13886998517535556,0.0
3881,1.0,0.05,0.00012784371094265147,7.32157069976023,0.006477346962236435,0.13886998517535556,0.0
3882,1.0,0.05,0.00012784371094265147,7.32157069976023,0.006477346962236435,0.13886998517535556,0.0
3883,1.0,0.05,0.00012784371094265147,7.32157069976023,0.006477346962236435,0.13886998517535556,0.0
3884,1.0,0.05,0.00012784371094265147,7.32157069976023,0.006477346962236435,0.13886998517535556,0.0
3885,1.0,0.05,0.00012380003425964766,7.32157069976023,0.006477346962236435,0.13886998517535556,0.0
3886,1.0,0.05,0.00012380003425964766,7.32157069976023,0.006477346962236435,0.14353500998832813,0.0
3887,1.0,0.05,0.00012380003425964766,7.32157069976023,0.006700936131897074,0.14353500998832813,0.0
3888,1.0,0.05,0.00012380003425964766,7.32157069976023,0.006700936131897074,0.14353500998832813,0.0
3889,1.0,0.05,0.00012380003425964766,7.32157069976023,0.006750842121510675,0.14353500998832813,0.0
3890,1.0,0.05,0.00012380003425964766,7.32157069976023,0.006750842121510675,0.14353500998832813,0.0
3891,1.0,0.05,0.00012380003425964766,7.32157069976023,0.006750842121510675,0.14353500998832813,0.0
3892,1.0,0.05,0.00012380003425964766,7.32157069976023,0.006750842121510675,0.14353500998832813,0.0
3893,1.0,0.05,0.00012380003425964766,7.32157069976023,0.006750842121510675,0.1597101099814731,0.0
3894,1.0,0.05,0.00012380003425964766,7.32157069976023,0.006843834324051069,0.13964125391431997,0.0
3895,1.0,0.05,0.00012380003425964766,7.32157069976023,0.006843834324051069,0.13964125391431997,0.0
3896,1.0,0.05,0.00012380003425964766,7.32157069976023,0.006843834324051069,0.1366113917243212,0.0
3897,1.0,0.05,0.00012380003425964766,8.315767609131314,0.006843834324051069,0.1366113917243212,0.0
3898,1.0,0.05,0.00012380003425964766,4.456047634209057,0.006874402163405835,0.1366113917243212,0.0
3899,1.0,0.05,0.00012637807753538102,4.456047634209057,0.006229330466285261,0.1366113917243212,0.0
3900,1.0,0.05,0.00012637807753538102,4.456047634209057,0.006229330466285261,0.1366113917243212,0.0
3901,1.0,0.05,0.00012637807753538102,4.456047634209057,0.006229330466285261,0.1366113917243212,0.0
3902,1.0,0.05,0.00012637807753538102,4.456047634209057,0.006229330466285261,0.1366113917243212,0.0
3903,1.0,0.05,0.00012637807753538102,4.456047634209057,0.006229330466285261,0.12542258509630583,0.0
3904,1.0,0.05,0.00012637807753538102,4.456047634209057,0.006229330466285261,0.14685859821308517,0.0
3905,1.0,0.05,0.00012637807753538102,4.456047634209057,0.006562960525343508,0.14685859821308517,0.0
3906,1.0,0.05,0.00012637807753538102,4.456047634209057,0.006562960525343508,0.14685859821308517,0.0
3907,1.0,0.05,0.00012637807753538102,12.262959749266457,0.0066234763535733135,0.1206421968749505,0.0
3908,1.0,0.05,0.00012637807753538102,12.262959749266457,0.0066234763535733135,0.1206421968749505,0.0
3909,1.0,0.05,0.00012637807753538102,12.262959749266457,0.0066234763535733135,0.1206421968749505,0.0
3910,1.0,0.05,0.00012637807753538102,12.262959749266457,0.0066234763535733135,0.1206421968749505,0.0
3911,1.0,0.05,0.00012637807753538102,12.262959749266457,0.0066234763535733135,0.10718472510848678,0.0
3912,1.0,0.05,0.00012637807753538102,12.262959749266457,0.0066234763535733135,0.10718472510848678,0.0
3913,1.0,0.05,0.00012637807753538102,12.262959749266457,0.0066234763535733135,0.10506827549608208,0.0
3914,1.0,0.05,0.00012637807753538102,12.262959749266457,0.0066234763535733135,0.10506827549608208,0.0
3915,1.0,0.05,0.00012637807753538102,12.262959749266457,0.006576696118194352,0.10506827549608208,0.0
3916,1.0,0.05,0.00012637807753538102,12.262959749266457,0.006576696118194352,0.10506827549608208,0.0
3917,1.0,0.05,0.00012637807753538102,12.262959749266457,0.0070831293406774225,0.10506827549608208,0.0
3918,1.0,0.05,0.00012637807753538102,12.262959749266457,0.0070831293406774225,0.10506827549608208,0.0
3919,1.0,0.05,0.00012637807753538102,12.262959749266457,0.0070831293406774225,0.10506827549608208,0.0
3920,1.0,0.05,0.00012637807753538102,12.262959749266457,0.0070831293406774225,0.10506827549608208,0.0
3921,1.0,0.05,0.00012637807753538102,14.021240375943165,0.0070831293406774225,0.10506827549608208,0.0
3922,1.0,0.05,0.00012637807753538102,14.021240375943165,0.0070831293406774225,0.1023849369548644,0.0
3923,1.0,0.05,0.00012637807753538102,14.021240375943165,0.0070831293406774225,0.1023849369548644,0.0
3924,1.0,0.05,0.00012637807753538102,14.021240375943165,0.0070831293406774225,0.1023849369548644,0.0
3925,1.0,0.05,0.00012637807753538102,14.021240375943165,0.007458510926804845,0.1023849369548644,0.0
3926,1.0,0.05,0.00012637807753538102,14.021240375943165,0.007458510926804845,0.1023849369548644,0.0
3927,1.0,0.05,0.00012637807753538102,10.209813846898058,0.007458510926804845,0.1023849369548644,0.0
3928,1.0,0.05,0.00012637807753538102,10.209813846898058,0.007458510926804845,0.1023849369548644,0.0
3929,1.0,0.05,0.00012637807753538102,10.209813846898058,0.007458510926804845,0.1023849369548644,0.0
3930,1.0,0.05,0.00012637807753538102,10.209813846898058,0.007458510926804845,0.1023849369548644,0.0
3931,1.0,0.05,0.00012637807753538102,10.869084759423714,0.007458510926804845,0.1023849369548644,0.0
3932,1.0,0.05,0.00012637807753538102,10.869084759423714,0.007458510926804845,0.14883598801437523,0.0
3933,1.0,0.05,0.00012637807753538102,10.869084759423714,0.007458510926804845,0.14883598801437523,0.0
3934,1.0,0.05,0.00012637807753538102,10.869084759423714,0.007458510926804845,0.14883598801437523,0.0
3935,1.0,0.05,0.00012637807753538102,10.869084759423714,0.007458510926804845,0.14883598801437523,0.0
3936,1.0,0.05,0.00012494389454131746,10.869084759423714,0.007458510926804845,0.14883598801437523,0.0
3937,1.0,0.05,0.00012494389454131746,10.869084759423714,0.007458510926804845,0.14883598801437523,0.0
3938,1.0,0.05,0.00012494389454131746,10.705060529159823,0.007458510926804845,0.14883598801437523,0.0
3939,1.0,0.05,0.00012494389454131746,10.705060529159823,0.007458510926804845,0.14883598801437523,0.0
3940,1.0,0.05,0.00012494389454131746,7.151743778207148,0.007458510926804845,0.14883598801437523,0.0
3941,1.0,0.05,0.00012494389454131746,6.364861487541631,0.006229913438166272,0.13426079212333525,0.0
3942,1.0,0.05,0.00012494389454131746,6.364861487541631,0.006229913438166272,0.13426079212333525,0.0
3943,1.0,0.05,0.00012494389454131746,6.364861487541631,0.006229913438166272,0.13426079212333525,0.0
3944,1.0,0.05,0.00012494389454131746,6.364861487541631,0.006229913438166272,0.13426079212333525,0.0
3945,1.0,0.05,0.00012494389454131746,6.364861487541631,0.006229913438166272,0.13426079212333525,0.0
3946,1.0,0.05,0.00012494389454131746,6.364861487541631,0.006229913438166272,0.13791672535534247,0.0
3947,1.0,0.05,0.00012494389454131746,6.364861487541631,0.006229913438166272,0.13791672535534247,0.0
3948,1.0,0.05,0.00012494389454131746,6.364861487541631,0.006229913438166272,0.13791672535534247,0.0
3949,1.0,0.05,0.0001262811209842609,6.364861487541631,0.0061841230050371085,0.13791672535534247,0.0
3950,1.0,0.05,0.0001262811209842609,6.364861487541631,0.0061841230050371085,0.13791672535534247,0.0
3951,1.0,0.05,0.00012160336464049298,6.364861487541631,0.0061841230050371085,0.13791672535534247,0.0
3952,1.0,0.05,0.00012012960577821843,6.364861487541631,0.0061841230050371085,0.13791672535534247,0.0
3953,1.0,0.05,0.00012012960577821843,6.364861487541631,0.006680828003047468,0.13791672535534247,0.0
3954,1.0,0.05,0.00012012960577821843,6.364861487541631,0.006680828003047468,0.13791672535534247,0.0
3955,1.0,0.05,0.00012118905322723927,6.364861487541631,0.006680828003047468,0.14410513547450343,0.0
3956,1.0,0.05,0.00012118905322723927,6.364861487541631,0.006680828003047468,0.14410513547450343,0.0
3957,1.0,0.05,0.00012118905322723927,10.690797615817928,0.006680828003047468,0.14410513547450343,0.0
3958,1.0,0.05,0.00012118905322723927,10.690797615817928,0.006680828003047468,0.11605864340754318,0.0
3959,1.0,0.05,0.00012536876421853153,12.905703580630018,0.006680828003047468,0.11605864340754318,0.0
3960,1.0,0.05,0.00012536876421853153,12.905703580630018,0.006680828003047468,0.11605864340754318,0.0
3961,1.0,0.05,0.00012536876421853153,12.905703580630018,0.0068652820846572225,0.11605864340754318,0.0
3962,1.0,0.05,0.00012536876421853153,12.905703580630018,0.0068652820846572225,0.11605864340754318,0.0
3963,1.0,0.05,0.00012536876421853153,12.905703580630018,0.0068652820846572225,0.11605864340754318,0.0
3964,1.0,0.05,0.00012536876421853153,12.905703580630018,0.0068652820846572225,0.11605864340754318,0.0
3965,1.0,0.05,0.00012536876421853153,12.905703580630018,0.006446980201642635,0.11605864340754318,0.0
3966,1.0,0.05,0.00012536876421853153,12.905703580630018,0.006446980201642635,0.11605864340754318,0.0
3967,1.0,0.05,0.00012536876421853153,12.905703580630018,0.006377744574655348,0.11605864340754318,0.0
3968,1.0,0.05,0.00012016477289294833,12.905703580630018,0.007657850557176906,0.11605864340754318,0.0
3969,1.0,0.05,0.0001180509916253186,12.905703580630018,0.007657850557176906,0.11605864340754318,0.0
3970,1.0,0.05,0.0001180509916253186,12.905703580630018,0.007657850557176906,0.11605864340754318,0.0
3971,1.0,0.05,0.0001180509916253186,12.905703580630018,0.007657850557176906,0.11605864340754318,0.0
3972,1.0,0.05,0.0001180509916253186,12.905703580630018,0.007657850557176906,0.11605864340754318,0.0
3973,1.0,0.05,0.0001180509916253186,12.905703580630018,0.007657850557176906,0.11605864340754318,0.0
3974,1.0,0.05,0.0001180509916253186,12.905703580630018,0.007736986211261729,0.11605864340754318,0.0
3975,1.0,0.05,0.0001180509916253186,12.905703580630018,0.007736986211261729,0.11605864340754318,0.0
3976,1.0,0.05,0.000124797236009005,12.905703580630018,0.007736986211261729,0.11605864340754318,0.0
3977,1.0,0.05,0.000124797236009005,12.905703580630018,0.007736986211261729,0.11605864340754318,0.0
3978,1.0,0.05,0.000124797236009005,12.905703580630018,0.007736986211261729,0.11605864340754318,0.0
3979,1.0,0.05,0.000124797236009005,12.905703580630018,0.007736986211261729,0.11605864340754318,0.0
3980,1.0,0.05,0.000124797236009005,12.905703580630018,0.007736986211261729,0.11605864340754318,0.0
3981,1.0,0.05,0.000124797236009005,12.905703580630018,0.007736986211261729,0.10667276502771114,0.0
3982,1.0,0.05,0.000124797236009005,12.905703580630018,0.007736986211261729,0.10667276502771114,0.0
3983,1.0,0.05,0.000124797236009005,12.905703580630018,0.006726528939552813,0.10667276502771114,0.0
3984,1.0,0.05,0.000124797236009005,12.905703580630018,0.006726528939552813,0.10667276502771114,0.0
3985,1.0,0.05,0.000124797236009005,12.905703580630018,0.006726528939552813,0.10667276502771114,0.0
3986,1.0,0.05,0.000124797236009005,12.905703580630018,0.006726528939552813,0.10667276502771114,0.0
3987,1.0,0.05,0.000124797236009005,12.183373655500858,0.006726528939552813,0.10667276502771114,0.0
3988,1.0,0.05,0.000124797236009005,12.183373655500858,0.006726528939552813,0.10667276502771114,0.0
3989,1.0,0.05,0.000124797236009005,12.183373655500858,0.006726528939552813,0.10667276502771114,0.0
3990,1.0,0.05,0.000124797236009005,12.183373655500858,0.006726528939552813,0.10667276502771114,0.0
3991,1.0,0.05,0.000124797236009005,12.183373655500858,0.006726528939552813,0.10667276502771114,0.0
3992,1.0,0.05,0.000124797236009005,12.183373655500858,0.006726528939552813,0.10667276502771114,0.0
3993,1.0,0.05,0.000124797236009005,12.183373655500858,0.006726528939552813,0.10667276502771114,0.0
3994,1.0,0.05,0.000124797236009005,12.183373655500858,0.006726528939552813,0.10667276502771114,0.0
3995,1.0,0.05,0.000124797236009005,12.183373655500858,0.006393143446124722,0.10667276502771114,0.0
3996,1.0,0.05,0.000124797236009005,12.183373655500858,0.006393143446124722,0.10667276502771114,0.0
3997,1.0,0.05,0.000124797236009005,12.183373655500858,0.006393143446124722,0.10667276502771114,0.0
3998,1.0,0.05,0.000124797236009005,12.183373655500858,0.006393143446124722,0.12052149973699196,0.0
3999,1.0,0.05,0.000124797236009005,12.183373655500858,0.006393143446124722,0.12052149973699196,0.0
4000,1.0,0.05,0.000124797236009005,9.693854090513085,0.006393143446124722,0.12052149973699196,0.0
4001,1.0,0.05,0.00011402097002621706,9.693854090513085,0.007602785164456674,0.1493447502823772,0.0
4002,1.0,0.05,0.00011402097002621706,9.693854090513085,0.007602785164456674,0.1493447502823772,0.0
4003,1.0,0.05,0.00011402097002621706,9.693854090513085,0.007602785164456674,0.1493447502823772,0.0
4004,1.0,0.05,0.00011402097002621706,9.693854090513085,0.007602785164456674,0.1493447502823772,0.0
4005,1.0,0.05,0.00011656813633790948,9.693854090513085,0.007972854032729576,0.1493447502823772,0.0
4006,1.0,0.05,0.00011656813633790948,9.693854090513085,0.007972854032729576,0.1493447502823772,0.0
4007,1.0,0.05,0.00011656813633790948,9.693854090513085,0.007800059783128354,0.1493447502823772,0.0
4008,1.0,0.05,0.00011656813633790948,9.693854090513085,0.007800059783128354,0.1493447502823772,0.0
4009,1.0,0.05,0.00011656813633790948,9.693854090513085,0.007159719580940965,0.1493447502823772,0.0
4010,1.0,0.05,0.00011656813633790948,9.693854090513085,0.007159719580940965,0.1493447502823772,0.0
4011,1.0,0.05,0.00011656813633790948,9.693854090513085,0.007159719580940965,0.1493447502823772,0.0
4012,1.0,0.05,0.00012599103008972983,9.693854090513085,0.007158765582349544,0.1493447502823772,0.0
4013,1.0,0.05,0.00011503955979850148,9.693854090513085,0.007158765582349544,0.1493447502823772,0.0
4014,1.0,0.05,0.00011503955979850148,9.693854090513085,0.007793136122516456,0.1493447502823772,0.0
4015,1.0,0.05,0.00011503955979850148,9.693854090513085,0.007793136122516456,0.1493447502823772,0.0
4016,1.0,0.05,0.00011503955979850148,9.693854090513085,0.007793136122516456,0.181721820367864,0.0
4017,1.0,0.05,0.00011503955979850148,9.693854090513085,0.007793136122516456,0.181721820367864,0.0
4018,1.0,0.05,0.00011503955979850148,9.693854090513085,0.007793136122516456,0.181721820367864,0.0
4019,1.0,0.05,0.00011503955979850148,9.693854090513085,0.007793136122516456,0.16191669438885709,0.0
4020,1.0,0.05,0.00011503955979850148,9.693854090513085,0.007793136122516456,0.16191669438885709,0.0
4021,1.0,0.05,0.00011503955979850148,9.693854090513085,0.007040566343935044,0.16191669438885709,0.0
4022,1.0,0.05,0.00011503955979850148,9.693854090513085,0.007040566343935044,0.16191669438885709,0.0
4023,1.0,0.05,0.00011503955979850148,9.693854090513085,0.007040566343935044,0.16191669438885709,0.0
4024,1.0,0.05,0.00011503955979850148,11.175663721729222,0.007040566343935044,0.16191669438885709,0.0
4025,1.0,0.05,0.00011503955979850148,11.175663721729222,0.007040566343935044,0.16191669438885709,0.0
4026,1.0,0.05,0.00011503955979850148,11.175663721729222,0.007040566343935044,0.16191669438885709,0.0
4027,1.0,0.05,0.00011503955979850148,11.175663721729222,0.007040566343935044,0.16191669438885709,0.0
4028,1.0,0.05,0.00011503955979850148,11.175663721729222,0.007040566343935044,0.16191669438885709,0.0
4029,1.0,0.05,0.00011503955979850148,11.175663721729222,0.007040566343935044,0.114433785810105,0.0
4030,1.0,0.05,0.00011503955979850148,11.175663721729222,0.007040566343935044,0.114433785810105,0.0
4031,1.0,0.05,0.00011503955979850148,11.175663721729222,0.007040566343935044,0.1876992854285529,0.0
4032,1.0,0.05,0.00011503955979850148,12.220751191054788,0.007040566343935044,0.16884532903836103,0.0
4033,1.0,0.05,0.00011503955979850148,12.220751191054788,0.007040566343935044,0.13724565770030944,0.0
4034,1.0,0.05,0.00011503955979850148,12.220751191054788,0.007666277845402948,0.13724565770030944,0.0
4035,1.0,0.05,0.00011503955979850148,12.220751191054788,0.007666277845402948,0.13724565770030944,0.0
4036,1.0,0.05,0.00011503955979850148,12.220751191054788,0.007666277845402948,0.13724565770030944,0.0
4037,1.0,0.05,0.00011503955979850148,12.220751191054788,0.007801636612827143,0.13724565770030944,0.0
4038,1.0,0.05,0.00011503955979850148,12.220751191054788,0.007607531770210004,0.13724565770030944,0.0
4039,1.0,0.05,0.00011503955979850148,12.220751191054788,0.007820330736661765,0.13724565770030944,0.0
4040,1.0,0.05,0.00011503955979850148,12.220751191054788,0.007820330736661765,0.13724565770030944,0.0
4041,1.0,0.05,0.00011503955979850148,10.531921348066135,0.007820330736661765,0.13724565770030944,0.0
4042,1.0,0.05,0.00011503955979850148,10.531921348066135,0.007820330736661765,0.13724565770030944,0.0
4043,1.0,0.05,0.00011503955979850148,10.531921348066135,0.007820330736661765,0.13724565770030944,0.0
4044,1.0,0.05,0.00011503955979850148,10.531921348066135,0.007820330736661765,0.13724565770030944,0.0
4045,1.0,0.05,0.00011503955979850148,10.531921348066135,0.007820330736661765,0.13724565770030944,0.0
4046,1.0,0.05,0.00011503955979850148,10.531921348066135,0.007820330736661765,0.13724565770030944,0.0
4047,1.0,0.05,0.00011503955979850148,10.531921348066135,0.007820330736661765,0.13724565770030944,0.0
4048,1.0,0.05,0.00011503955979850148,10.531921348066135,0.00755131247968716,0.13724565770030944,0.0
4049,1.0,0.05,0.00011503955979850148,10.531921348066135,0.007706030297599727,0.13724565770030944,0.0
4050,1.0,0.05,0.00011503955979850148,10.531921348066135,0.007706030297599727,0.13724565770030944,0.0
4051,1.0,0.05,0.00011503955979850148,10.531921348066135,0.007706030297599727,0.13724565770030944,0.0
4052,1.0,0.05,0.00011503955979850148,13.735223872890174,0.007706030297599727,0.13724565770030944,0.0
4053,1.0,0.05,0.00011503955979850148,13.735223872890174,0.007706030297599727,0.13958545589948188,0.0
4054,1.0,0.05,0.00011503955979850148,13.735223872890174,0.007706030297599727,0.13958545589948188,0.0
4055,1.0,0.05,0.00011503955979850148,13.735223872890174,0.007706030297599727,0.13958545589948188,0.0
4056,1.0,0.05,0.00011503955979850148,13.735223872890174,0.007706030297599727,0.13958545589948188,0.0
4057,1.0,0.05,0.00011503955979850148,13.735223872890174,0.006902128034114971,0.13958545589948188,0.0
4058,1.0,0.05,0.00011503955979850148,13.735223872890174,0.006902128034114971,0.13958545589948188,0.0
4059,1.0,0.05,0.00011503955979850148,13.735223872890174,0.006902128034114971,0.13958545589948188,0.0
4060,1.0,0.05,0.00011503955979850148,13.735223872890174,0.006902128034114971,0.13958545589948188,0.0
4061,1.0,0.05,0.00011503955979850148,10.74434212068492,0.006902128034114971,0.13958545589948188,0.0
4062,1.0,0.05,0.00011503955979850148,10.74434212068492,0.006902128034114971,0.13958545589948188,0.0
4063,1.0,0.05,0.00011503955979850148,10.74434212068492,0.006902128034114971,0.13958545589948188,0.0
4064,1.0,0.05,0.00012468350746200829,9.218208805998614,0.006902128034114971,0.13958545589948188,0.0
4065,1.0,0.05,0.00012468350746200829,9.218208805998614,0.005660504902394274,0.09711916473157221,0.0
4066,1.0,0.05,0.00012468350746200829,9.218208805998614,0.005660504902394274,0.09711916473157221,0.0
4067,1.0,0.05,0.00012800127963241516,9.218208805998614,0.005660504902394274,0.1368860131656744,0.0
4068,1.0,0.05,0.00012800127963241516,9.218208805998614,0.005660504902394274,0.1368860131656744,0.0
4069,1.0,0.05,0.00012800127963241516,9.218208805998614,0.005660504902394274,0.12660078403968492,0.0
4070,1.0,0.05,0.00012800127963241516,9.218208805998614,0.005660504902394274,0.12660078403968492,0.0
4071,1.0,0.05,0.00012800127963241516,9.218208805998614,0.0064622036684370485,0.12660078403968492,0.0
4072,1.0,0.05,0.00012800127963241516,9.218208805998614,0.0064622036684370485,0.12660078403968492,0.0
4073,1.0,0.05,0.00012800127963241516,9.218208805998614,0.0064622036684370485,0.12660078403968492,0.0
4074,1.0,0.05,0.00012800127963241516,9.218208805998614,0.0064622036684370485,0.12660078403968492,0.0
4075,1.0,0.05,0.00012833683329912314,9.218208805998614,0.0064622036684370485,0.12660078403968492,0.0
4076,1.0,0.05,0.00012833683329912314,9.218208805998614,0.0064622036684370485,0.12660078403968492,0.0
4077,1.0,0.05,0.00012833683329912314,9.218208805998614,0.0064622036684370485,0.12660078403968492,0.0
4078,1.0,0.05,0.00012833683329912314,9.218208805998614,0.0064622036684370485,0.12660078403968492,0.0
4079,1.0,0.05,0.00012833683329912314,9.218208805998614,0.0064622036684370485,0.12660078403968492,0.0
4080,1.0,0.05,0.00012833683329912314,9.218208805998614,0.0064622036684370485,0.12660078403968492,0.0
4081,1.0,0.05,0.00012833683329912314,9.218208805998614,0.0064622036684370485,0.12660078403968492,0.0
4082,1.0,0.05,0.00012833683329912314,9.218208805998614,0.0064622036684370485,0.12660078403968492,0.0
4083,1.0,0.05,0.00012833683329912314,9.218208805998614,0.0064622036684370485,0.12660078403968492,0.0
4084,1.0,0.05,0.00012833683329912314,9.218208805998614,0.0064622036684370485,0.12660078403968492,0.0
4085,1.0,0.05,0.00012833683329912314,9.218208805998614,0.0064622036684370485,0.12660078403968492,0.0
4086,1.0,0.05,0.00012833683329912314,5.2842210320031455,0.0064622036684370485,0.12660078403968492,0.0
4087,1.0,0.05,0.00012833683329912314,5.2842210320031455,0.0064622036684370485,0.12660078403968492,0.0
4088,1.0,0.05,0.00012833683329912314,5.2842210320031455,0.0064622036684370485,0.13053031429185497,0.0
4089,1.0,0.05,0.00012833683329912314,5.2842210320031455,0.0064622036684370485,0.13053031429185497,0.0
4090,1.0,0.05,0.00012833683329912314,5.2842210320031455,0.0064622036684370485,0.12383525419088064,0.0
4091,1.0,0.05,0.00012833683329912314,5.2842210320031455,0.0064622036684370485,0.12383525419088064,0.0
4092,1.0,0.05,0.00012833683329912314,5.2842210320031455,0.006167251621232947,0.12383525419088064,0.0
4093,1.0,0.05,0.00012833683329912314,5.2842210320031455,0.005974022901110106,0.12383525419088064,0.0
4094,1.0,0.05,0.00012833683329912314,5.2842210320031455,0.005974022901110106,0.12383525419088064,0.0
4095,1.0,0.05,0.00012833683329912314,5.2842210320031455,0.005974022901110106,0.12383525419088064,0.0
4096,1.0,0.05,0.00012833683329912314,5.2842210320031455,0.005974022901110106,0.12383525419088064,0.0
4097,1.0,0.05,0.00012833683329912314,5.2842210320031455,0.005974022901110106,0.12383525419088064,0.0
4098,1.0,0.05,0.00012833683329912314,5.2842210320031455,0.005974022901110106,0.12383525419088064,0.0
4099,1.0,0.05,0.00012833683329912314,5.2842210320031455,0.005974022901110106,0.12383525419088064,0.0
4100,1.0,0.05,0.00012833683329912314,5.2842210320031455,0.00613918556438137,0.12383525419088064,0.0
4101,1.0,0.05,0.00012833683329912314,5.2842210320031455,0.0057378091048974145,0.12383525419088064,0.0
4102,1.0,0.05,0.00012833683329912314,5.2842210320031455,0.0057378091048974145,0.12383525419088064,0.0
4103,1.0,0.05,0.00012833683329912314,5.2842210320031455,0.0057378091048974145,0.12383525419088064,0.0
4104,1.0,0.05,0.00012833683329912314,5.2842210320031455,0.0057378091048974145,0.11317434667422238,0.0
4105,1.0,0.05,0.00012833683329912314,5.2842210320031455,0.0057378091048974145,0.11317434667422238,0.0
4106,1.0,0.05,0.00012833683329912314,5.2842210320031455,0.0057378091048974145,0.11317434667422238,0.0
4107,1.0,0.05,0.00012833683329912314,8.50029700273653,0.0057378091048974145,0.11317434667422238,0.0
4108,1.0,0.05,0.00012833683329912314,8.50029700273653,0.0057378091048974145,0.11317434667422238,0.0
4109,1.0,0.05,0.00012979187819350197,8.50029700273653,0.0057378091048974145,0.11317434667422238,0.0
4110,1.0,0.05,0.00012979187819350197,8.50029700273653,0.0057378091048974145,0.11317434667422238,0.0
4111,1.0,0.05,0.00012979187819350197,8.50029700273653,0.005684885764653544,0.11317434667422238,0.0
4112,1.0,0.05,0.00012979187819350197,8.50029700273653,0.006484435688815133,0.11317434667422238,0.0
4113,1.0,0.05,0.00012979187819350197,8.50029700273653,0.006484435688815133,0.11317434667422238,0.0
4114,1.0,0.05,0.00012979187819350197,8.50029700273653,0.006484435688815133,0.11317434667422238,0.0
4115,1.0,0.05,0.00012979187819350197,8.50029700273653,0.006484435688815133,0.11317434667422238,0.0
4116,1.0,0.05,0.00012979187819350197,8.50029700273653,0.006484435688815133,0.11317434667422238,0.0
4117,1.0,0.05,0.00012979187819350197,8.617857353600769,0.006484435688815133,0.11317434667422238,0.0
4118,1.0,0.05,0.00013083559929702684,8.617857353600769,0.006484435688815133,0.11317434667422238,0.0
4119,1.0,0.05,0.00013083559929702684,8.617857353600769,0.006484435688815133,0.11317434667422238,0.0
4120,1.0,0.05,0.00013083559929702684,7.154915296664143,0.006484435688815133,0.11317434667422238,0.0
4121,1.0,0.05,0.00013083559929702684,11.907973324499665,0.006484435688815133,0.11827276100507803,0.0
4122,1.0,0.05,0.00013083559929702684,11.907973324499665,0.006484435688815133,0.1187739155860825,0.0
4123,1.0,0.05,0.00013083559929702684,11.907973324499665,0.006484435688815133,0.1187739155860825,0.0
4124,1.0,0.05,0.00013083559929702684,11.907973324499665,0.006484435688815133,0.1187739155860825,0.0
4125,1.0,0.05,0.00013083559929702684,11.907973324499665,0.006484435688815133,0.1187739155860825,0.0
4126,1.0,0.05,0.00013083559929702684,6.177262274242182,0.006341362061542349,0.1187739155860825,0.0
4127,1.0,0.05,0.00013188038242826561,6.177262274242182,0.006341362061542349,0.1187739155860825,0.0
4128,1.0,0.05,0.00013188038242826561,6.177262274242182,0.006341362061542349,0.15070760627176477,0.0
4129,1.0,0.05,0.00013188038242826561,6.177262274242182,0.006341362061542349,0.15070760627176477,0.0
4130,1.0,0.05,0.00013188038242826561,6.177262274242182,0.006689516666843843,0.15070760627176477,0.0
4131,1.0,0.05,0.00013188038242826561,6.177262274242182,0.006689516666843843,0.15070760627176477,0.0
4132,1.0,0.05,0.00013188038242826561,6.177262274242182,0.005670598763834919,0.15070760627176477,0.0
4133,1.0,0.05,0.00013188038242826561,6.177262274242182,0.005670598763834919,0.15070760627176477,0.0
4134,1.0,0.05,0.00013188038242826561,13.083334198510315,0.005670598763834919,0.08269472155230688,0.0
4135,1.0,0.05,0.00013188038242826561,13.083334198510315,0.005670598763834919,0.08269472155230688,0.0
4136,1.0,0.05,0.00013188038242826561,13.083334198510315,0.005670598763834919,0.08269472155230688,0.0
4137,1.0,0.05,0.00013188038242826561,13.083334198510315,0.005670598763834919,0.08269472155230688,0.0
4138,1.0,0.05,0.00013188038242826561,13.083334198510315,0.005670598763834919,0.08269472155230688,0.0
4139,1.0,0.05,0.00013188038242826561,13.083334198510315,0.005670598763834919,0.08269472155230688,0.0
4140,1.0,0.05,0.00013188038242826561,13.083334198510315,0.005670598763834919,0.08269472155230688,0.0
4141,1.0,0.05,0.0001366606138383088,13.083334198510315,0.005670598763834919,0.08269472155230688,0.0
4142,1.0,0.05,0.0001366606138383088,13.083334198510315,0.005670598763834919,0.07694549947615181,0.0
4143,1.0,0.05,0.0001366606138383088,13.083334198510315,0.005670598763834919,0.07694549947615181,0.0
4144,1.0,0.05,0.0001366606138383088,13.083334198510315,0.005670598763834919,0.07694549947615181,0.0
4145,1.0,0.05,0.0001366606138383088,13.083334198510315,0.005670598763834919,0.07694549947615181,0.0
4146,1.0,0.05,0.0001366606138383088,8.894202099167742,0.005670598763834919,0.07714417677424888,0.0
4147,1.0,0.05,0.0001366606138383088,8.894202099167742,0.005670598763834919,0.07714417677424888,0.0
4148,1.0,0.05,0.0001366606138383088,8.894202099167742,0.005670598763834919,0.07714417677424888,0.0
4149,1.0,0.05,0.0001366606138383088,8.894202099167742,0.005750698878784639,0.07714417677424888,0.0
4150,1.0,0.05,0.0001366606138383088,7.988208161539447,0.005750698878784639,0.08278200354565085,0.0
4151,1.0,0.05,0.0001366606138383088,7.988208161539447,0.005750698878784639,0.09751699039478255,0.0
4152,1.0,0.05,0.0001366606138383088,7.988208161539447,0.005750698878784639,0.09751699039478255,0.0
4153,1.0,0.05,0.0001366606138383088,10.94560705895627,0.005750698878784639,0.09751699039478255,0.0
4154,1.0,0.05,0.0001366606138383088,10.94560705895627,0.005750698878784639,0.09751699039478255,0.0
4155,1.0,0.05,0.0001366606138383088,10.94560705895627,0.005750698878784639,0.09751699039478255,0.0
4156,1.0,0.05,0.00012119818250441744,10.94560705895627,0.005750698878784639,0.09751699039478255,0.0
4157,1.0,0.05,0.00012119818250441744,4.397666403255869,0.005750698878784639,0.14110616107520593,0.0
4158,1.0,0.05,0.00012119818250441744,4.397666403255869,0.005750698878784639,0.14110616107520593,0.0
4159,1.0,0.05,0.00012119818250441744,4.397666403255869,0.005750698878784639,0.14110616107520593,0.0
4160,1.0,0.05,0.00012119818250441744,4.397666403255869,0.005750698878784639,0.14110616107520593,0.0
4161,1.0,0.05,0.00012119818250441744,13.066969880829177,0.0071530793004252885,0.14110616107520593,0.0
4162,1.0,0.05,0.00012119818250441744,13.066969880829177,0.0071530793004252885,0.14110616107520593,0.0
4163,1.0,0.05,0.00012119818250441744,13.066969880829177,0.0071530793004252885,0.14110616107520593,0.0
4164,1.0,0.05,0.00012119818250441744,13.066969880829177,0.0071530793004252885,0.11839353994671853,0.0
4165,1.0,0.05,0.00012119818250441744,13.066969880829177,0.0071530793004252885,0.1195047754826443,0.0
4166,1.0,0.05,0.00012119818250441744,13.066969880829177,0.0071530793004252885,0.1195047754826443,0.0
4167,1.0,0.05,0.00012119818250441744,15.486171338464885,0.0071530793004252885,0.1195047754826443,0.0
4168,1.0,0.05,0.00012119818250441744,15.486171338464885,0.0071530793004252885,0.1195047754826443,0.0
4169,1.0,0.05,0.00012119818250441744,15.486171338464885,0.0071530793004252885,0.1195047754826443,0.0
4170,1.0,0.05,0.00012119818250441744,15.486171338464885,0.0071530793004252885,0.1195047754826443,0.0
4171,1.0,0.05,0.00012119818250441744,15.486171338464885,0.0071530793004252885,0.1195047754826443,0.0
4172,1.0,0.05,0.00012119818250441744,15.486171338464885,0.0071530793004252885,0.1195047754826443,0.0
4173,1.0,0.05,0.00012226518090164388,10.829809201739039,0.0071530793004252885,0.1195047754826443,0.0
4174,1.0,0.05,0.00012226518090164388,10.829809201739039,0.0071530793004252885,0.1195047754826443,0.0
4175,1.0,0.05,0.00012226518090164388,10.829809201739039,0.00623524263751571,0.12599132572131772,0.0
4176,1.0,0.05,0.00012226518090164388,10.829809201739039,0.00623524263751571,0.12599132572131772,0.0
4177,1.0,0.05,0.00012226518090164388,10.829809201739039,0.00623524263751571,0.12599132572131772,0.0
4178,1.0,0.05,0.00012226518090164388,10.829809201739039,0.00623524263751571,0.12599132572131772,0.0
4179,1.0,0.05,0.00012226518090164388,10.829809201739039,0.006370300973606652,0.12599132572131772,0.0
4180,1.0,0.05,0.00012347560770064375,10.829809201739039,0.005916627085500265,0.1268493344602057,0.0
4181,1.0,0.05,0.00012347560770064375,10.829809201739039,0.005916627085500265,0.1268493344602057,0.0
4182,1.0,0.05,0.00012347560770064375,10.829809201739039,0.005916627085500265,0.1268493344602057,0.0
4183,1.0,0.05,0.00012347560770064375,18.16164011829177,0.005916627085500265,0.08375272501177795,0.0
4184,1.0,0.05,0.00012594963479012952,18.16164011829177,0.006087986022835778,0.08375272501177795,0.0
4185,1.0,0.05,0.00012594963479012952,18.16164011829177,0.0062546808823888324,0.08375272501177795,0.0
4186,1.0,0.05,0.00012594963479012952,18.16164011829177,0.0062546808823888324,0.08375272501177795,0.0
4187,1.0,0.05,0.00012594963479012952,18.16164011829177,0.0062546808823888324,0.08223178769112671,0.0
4188,1.0,0.05,0.00012594963479012952,18.16164011829177,0.0062546808823888324,0.08223178769112671,0.0
4189,1.0,0.05,0.00012594963479012952,18.16164011829177,0.00658677135193002,0.06160056893631727,0.0
4190,1.0,0.05,0.00012594963479012952,18.16164011829177,0.00658677135193002,0.08403120081340233,0.0
4191,1.0,0.05,0.00012594963479012952,25.10658723468306,0.00658677135193002,0.06621531862841759,0.0
4192,1.0,0.05,0.00012594963479012952,25.10658723468306,0.00658677135193002,0.06621531862841759,0.0
4193,1.0,0.05,0.00012158965051818861,25.10658723468306,0.00658677135193002,0.06621531862841759,0.0
4194,1.0,0.05,0.00012158965051818861,22.838825272529846,0.007379723824858351,0.06621531862841759,0.0
4195,1.0,0.05,0.00012158965051818861,22.838825272529846,0.007816911919651337,0.06621531862841759,0.0
4196,1.0,0.05,0.00012158965051818861,24.986258558981845,0.007816911919651337,0.06621531862841759,0.0
4197,1.0,0.05,0.00012158965051818861,6.747263626149589,0.007816911919651337,0.1011058038846799,0.0
4198,1.0,0.05,0.00012158965051818861,11.552786749615336,0.006849683753570834,0.1011058038846799,0.0
4199,1.0,0.05,0.00012158965051818861,11.552786749615336,0.006849683753570834,0.1011058038846799,0.0
4200,1.0,0.05,0.00012158965051818861,11.552786749615336,0.006849683753570834,0.1011058038846799,0.0
4201,1.0,0.05,0.00012158965051818861,11.552786749615336,0.006625937465175521,0.1011058038846799,0.0
4202,1.0,0.05,0.00012158965051818861,11.552786749615336,0.00659601926378688,0.1011058038846799,0.0
4203,1.0,0.05,0.00012158965051818861,10.772356150230863,0.00659601926378688,0.1011058038846799,0.0
4204,1.0,0.05,0.00012158965051818861,10.772356150230863,0.00659601926378688,0.1011058038846799,0.0
4205,1.0,0.05,0.00012158965051818861,15.903332445252147,0.00659601926378688,0.1011058038846799,0.0
4206,1.0,0.05,0.00012158965051818861,15.903332445252147,0.00659601926378688,0.1011058038846799,0.0
4207,1.0,0.05,0.00012215076764831434,15.903332445252147,0.00659601926378688,0.1011058038846799,0.0
4208,1.0,0.05,0.00012215076764831434,15.903332445252147,0.00659601926378688,0.1011058038846799,0.0
4209,1.0,0.05,0.00012215076764831434,15.903332445252147,0.006766203581066756,0.1011058038846799,0.0
4210,1.0,0.05,0.00012215076764831434,15.903332445252147,0.006766203581066756,0.1011058038846799,0.0
4211,1.0,0.05,0.00012243725689554963,15.903332445252147,0.006766203581066756,0.1011058038846799,0.0
4212,1.0,0.05,0.00012243725689554963,15.903332445252147,0.007481266891473856,0.1011058038846799,0.0
4213,1.0,0.05,0.00012243725689554963,15.903332445252147,0.007481266891473856,0.1011058038846799,0.0
4214,1.0,0.05,0.00012243725689554963,15.903332445252147,0.007481266891473856,0.1011058038846799,0.0
4215,1.0,0.05,0.00012243725689554963,13.782219974376147,0.006987317378077276,0.1011058038846799,0.0
4216,1.0,0.05,0.00012243725689554963,13.782219974376147,0.006987317378077276,0.1011058038846799,0.0
4217,1.0,0.05,0.00012243725689554963,13.782219974376147,0.007144673260825278,0.1011058038846799,0.0
4218,1.0,0.05,0.00012243725689554963,13.782219974376147,0.007144673260825278,0.1011058038846799,0.0
4219,1.0,0.05,0.00012243725689554963,13.782219974376147,0.007144673260825278,0.1011058038846799,0.0
4220,1.0,0.05,0.00012243725689554963,13.782219974376147,0.007144673260825278,0.1011058038846799,0.0
4221,1.0,0.05,0.00012243725689554963,13.782219974376147,0.007144673260825278,0.1011058038846799,0.0
4222,1.0,0.05,0.00012243725689554963,13.782219974376147,0.007144673260825278,0.1011058038846799,0.0
4223,1.0,0.05,0.00012243725689554963,15.5604523050918,0.007144673260825278,0.1011058038846799,0.0
4224,1.0,0.05,0.00012243725689554963,15.5604523050918,0.007144673260825278,0.1011058038846799,0.0
4225,1.0,0.05,0.00012243725689554963,15.5604523050918,0.007122270944558296,0.08006369865652134,0.0
4226,1.0,0.05,0.00012243725689554963,18.003886017457305,0.007122270944558296,0.08006369865652134,0.0
4227,1.0,0.05,0.00012243725689554963,20.764695369831415,0.007122270944558296,0.08006369865652134,0.0
4228,1.0,0.05,0.00011912539786816898,20.764695369831415,0.0064364266874934704,0.09254884804266988,0.0
4229,1.0,0.05,0.00011912539786816898,20.764695369831415,0.0064364266874934704,0.09254884804266988,0.0
4230,1.0,0.05,0.00011912539786816898,12.909482409971872,0.0064364266874934704,0.09254884804266988,0.0
4231,1.0,0.05,0.00011912539786816898,12.909482409971872,0.0064364266874934704,0.09254884804266988,0.0
4232,1.0,0.05,0.00011912539786816898,12.909482409971872,0.0064364266874934704,0.09254884804266988,0.0
4233,1.0,0.05,0.00011912539786816898,12.909482409971872,0.0064364266874934704,0.09254884804266988,0.0
4234,1.0,0.05,0.00011912539786816898,12.909482409971872,0.0064364266874934704,0.09254884804266988,0.0
4235,1.0,0.05,0.00011912539786816898,12.909482409971872,0.0064364266874934704,0.09254884804266988,0.0
4236,1.0,0.05,0.00011912539786816898,12.909482409971872,0.0064364266874934704,0.10055422505789606,0.0
4237,1.0,0.05,0.00012301957080501795,12.909482409971872,0.0064364266874934704,0.10055422505789606,0.0
4238,1.0,0.05,0.00012301957080501795,12.909482409971872,0.0064364266874934704,0.10055422505789606,0.0
4239,1.0,0.05,0.00012301957080501795,12.909482409971872,0.0064364266874934704,0.11204473452811403,0.0
4240,1.0,0.05,0.00012301957080501795,12.909482409971872,0.0064364266874934704,0.11204473452811403,0.0
4241,1.0,0.05,0.00012301957080501795,12.909482409971872,0.007561745391449679,0.11204473452811403,0.0
4242,1.0,0.05,0.00012301957080501795,12.909482409971872,0.007561745391449679,0.11204473452811403,0.0
4243,1.0,0.05,0.00012301957080501795,12.909482409971872,0.007561745391449679,0.11204473452811403,0.0
4244,1.0,0.05,0.00012321337094385116,16.52264300862197,0.007561745391449679,0.11204473452811403,0.0
4245,1.0,0.05,0.00012321337094385116,11.188426512798415,0.007561745391449679,0.11204473452811403,0.0
4246,1.0,0.05,0.00012321337094385116,11.188426512798415,0.007561745391449679,0.11035468874452932,0.0
4247,1.0,0.05,0.0001157735378926193,11.188426512798415,0.007561745391449679,0.11035468874452932,0.0
4248,1.0,0.05,0.0001157735378926193,11.696899115680836,0.007561745391449679,0.11653583903622919,0.0
4249,1.0,0.05,0.0001157735378926193,11.696899115680836,0.007561745391449679,0.11653583903622919,0.0
4250,1.0,0.05,0.0001157735378926193,11.696899115680836,0.007618220198624321,0.11653583903622919,0.0
4251,1.0,0.05,0.0001157735378926193,11.696899115680836,0.007618220198624321,0.11653583903622919,0.0
4252,1.0,0.05,0.0001157735378926193,13.846204544808344,0.007618220198624321,0.11653583903622919,0.0
4253,1.0,0.05,0.0001157735378926193,13.846204544808344,0.007618220198624321,0.11653583903622919,0.0
4254,1.0,0.05,0.0001157735378926193,13.846204544808344,0.007618220198624321,0.11653583903622919,0.0
4255,1.0,0.05,0.0001157735378926193,13.846204544808344,0.007618220198624321,0.11653583903622919,0.0
4256,1.0,0.05,0.00012468482915740876,12.123164064677908,0.007618220198624321,0.11653583903622919,0.0
4257,1.0,0.05,0.00012468482915740876,12.123164064677908,0.007618220198624321,0.11653583903622919,0.0
4258,1.0,0.05,0.00012468482915740876,12.123164064677908,0.007618220198624321,0.11653583903622919,0.0
4259,1.0,0.05,0.00012468482915740876,12.123164064677908,0.007618220198624321,0.11653583903622919,0.0
4260,1.0,0.05,0.00012468482915740876,12.123164064677908,0.007618220198624321,0.11653583903622919,0.0
4261,1.0,0.05,0.00012468482915740876,12.123164064677908,0.0073507870027177385,0.11653583903622919,0.0
4262,1.0,0.05,0.00012468482915740876,12.123164064677908,0.0073507870027177385,0.11653583903622919,0.0
4263,1.0,0.05,0.00012468482915740876,8.458144599651746,0.0073507870027177385,0.11653583903622919,0.0
4264,1.0,0.05,0.00012468482915740876,8.458144599651746,0.0073507870027177385,0.11653583903622919,0.0
4265,1.0,0.05,0.00012468482915740876,8.458144599651746,0.0073507870027177385,0.11653583903622919,0.0
4266,1.0,0.05,0.00012468482915740876,8.458144599651746,0.007440674402631808,0.11653583903622919,0.0
4267,1.0,0.05,0.00012468482915740876,8.458144599651746,0.007440674402631808,0.11653583903622919,0.0
4268,1.0,0.05,0.00012468482915740876,9.813745578467305,0.007440674402631808,0.14151425139585613,0.0
4269,1.0,0.05,0.00012468482915740876,8.698062624207267,0.007440674402631808,0.13996691896985802,0.0
4270,1.0,0.05,0.00012468482915740876,8.698062624207267,0.0065806452090759774,0.13996691896985802,0.0
4271,1.0,0.05,0.00012468482915740876,7.063420435814848,0.0065806452090759774,0.13996691896985802,0.0
4272,1.0,0.05,0.00012468482915740876,7.063420435814848,0.0065806452090759774,0.13996691896985802,0.0
4273,1.0,0.05,0.00012468482915740876,7.063420435814848,0.0065806452090759774,0.13996691896985802,0.0
4274,1.0,0.05,0.00012468482915740876,7.063420435814848,0.0065806452090759774,0.13996691896985802,0.0
4275,1.0,0.05,0.00012524328305621178,7.063420435814848,0.0065806452090759774,0.13996691896985802,0.0
4276,1.0,0.05,0.00012524328305621178,7.063420435814848,0.0065806452090759774,0.13996691896985802,0.0
4277,1.0,0.05,0.00012524328305621178,7.063420435814848,0.0065806452090759774,0.13996691896985802,0.0
4278,1.0,0.05,0.00012524328305621178,7.063420435814848,0.0065806452090759774,0.13996691896985802,0.0
4279,1.0,0.05,0.00012524328305621178,7.063420435814848,0.0065806452090759774,0.13996691896985802,0.0
4280,1.0,0.05,0.00012524328305621178,7.063420435814848,0.0065806452090759774,0.13996691896985802,0.0
4281,1.0,0.05,0.00012524328305621178,7.063420435814848,0.0065806452090759774,0.14571620602866092,0.0
4282,1.0,0.05,0.00012524328305621178,7.063420435814848,0.0065806452090759774,0.14571620602866092,0.0
4283,1.0,0.05,0.00012524328305621178,7.063420435814848,0.0065806452090759774,0.14571620602866092,0.0
4284,1.0,0.05,0.00012524328305621178,7.063420435814848,0.0065806452090759774,0.14571620602866092,0.0
4285,1.0,0.05,0.00012524328305621178,7.063420435814848,0.0069840319731774006,0.14571620602866092,0.0
4286,1.0,0.05,0.00012524328305621178,6.495918168025156,0.0070650893768349505,0.14571620602866092,0.0
4287,1.0,0.05,0.00012524328305621178,9.19648476917257,0.0070650893768349505,0.14571620602866092,0.0
4288,1.0,0.05,0.00012524328305621178,9.19648476917257,0.0070650893768349505,0.14571620602866092,0.0
4289,1.0,0.05,0.00012524328305621178,9.19648476917257,0.006550952385955773,0.14571620602866092,0.0
4290,1.0,0.05,0.00012524328305621178,9.19648476917257,0.007680368585475512,0.14571620602866092,0.0
4291,1.0,0.05,0.00012524328305621178,9.19648476917257,0.007680368585475512,0.14571620602866092,0.0
4292,1.0,0.05,0.00012524328305621178,9.19648476917257,0.007680368585475512,0.10919917747457614,0.0
4293,1.0,0.05,0.00012524328305621178,9.19648476917257,0.007680368585475512,0.10919917747457614,0.0
4294,1.0,0.05,0.0001207628878897258,18.45327144735637,0.007680368585475512,0.0964284415215106,0.0
4295,1.0,0.05,0.0001207628878897258,18.45327144735637,0.007680368585475512,0.0964284415215106,0.0
4296,1.0,0.05,0.0001207628878897258,18.45327144735637,0.007680368585475512,0.09700124022386852,0.0
4297,1.0,0.05,0.0001207628878897258,18.45327144735637,0.007680368585475512,0.09700124022386852,0.0
4298,1.0,0.05,0.0001207628878897258,15.405666241758325,0.007299810823155672,0.09700124022386852,0.0
4299,1.0,0.05,0.0001207628878897258,15.405666241758325,0.007299810823155672,0.09700124022386852,0.0
4300,1.0,0.05,0.0001207628878897258,15.405666241758325,0.007299810823155672,0.09700124022386852,0.0
4301,1.0,0.05,0.0001207628878897258,15.405666241758325,0.007299810823155672,0.09700124022386852,0.0
4302,1.0,0.05,0.0001207628878897258,15.405666241758325,0.007299810823155672,0.09700124022386852,0.0
4303,1.0,0.05,0.0001207628878897258,15.405666241758325,0.006335170236989915,0.09700124022386852,0.0
4304,1.0,0.05,0.0001207628878897258,15.405666241758325,0.006335170236989915,0.09700124022386852,0.0
4305,1.0,0.05,0.0001207628878897258,15.405666241758325,0.006335170236989915,0.10423031054457613,0.0
4306,1.0,0.05,0.0001207628878897258,15.405666241758325,0.006335170236989915,0.10423031054457613,0.0
4307,1.0,0.05,0.0001207628878897258,15.405666241758325,0.006335170236989915,0.10423031054457613,0.0
4308,1.0,0.05,0.0001207628878897258,16.855959497377086,0.006335170236989915,0.10423031054457613,0.0
4309,1.0,0.05,0.0001207628878897258,7.943727179072198,0.006335170236989915,0.10423031054457613,0.0
4310,1.0,0.05,0.0001207628878897258,7.943727179072198,0.006335170236989915,0.15194737378940923,0.0
4311,1.0,0.05,0.0001207628878897258,7.943727179072198,0.006335170236989915,0.15194737378940923,0.0
4312,1.0,0.05,0.0001207628878897258,7.943727179072198,0.006463855152814537,0.15194737378940923,0.0
4313,1.0,0.05,0.0001207628878897258,7.943727179072198,0.006463855152814537,0.1414988773335735,0.0
4314,1.0,0.05,0.0001207628878897258,7.943727179072198,0.006463855152814537,0.1414988773335735,0.0
4315,1.0,0.05,0.0001207628878897258,8.433876592427026,0.006463855152814537,0.1496482754949929,0.0
4316,1.0,0.05,0.0001207628878897258,8.433876592427026,0.006463855152814537,0.1496482754949929,0.0
4317,1.0,0.05,0.0001207628878897258,8.433876592427026,0.006463855152814537,0.1496482754949929,0.0
4318,1.0,0.05,0.0001207628878897258,8.433876592427026,0.006463855152814537,0.1496482754949929,0.0
4319,1.0,0.05,0.0001207628878897258,8.433876592427026,0.006463855152814537,0.1496482754949929,0.0
4320,1.0,0.05,0.0001207628878897258,8.433876592427026,0.006463855152814537,0.1496482754949929,0.0
4321,1.0,0.05,0.0001207628878897258,8.433876592427026,0.006463855152814537,0.1496482754949929,0.0
4322,1.0,0.05,0.0001207628878897258,11.375860105010986,0.006463855152814537,0.1360525483208315,0.0
4323,1.0,0.05,0.0001207628878897258,11.375860105010986,0.006463855152814537,0.1360525483208315,0.0
4324,1.0,0.05,0.0001207628878897258,11.375860105010986,0.00710954155530037,0.1360525483208315,0.0
4325,1.0,0.05,0.0001207628878897258,11.375860105010986,0.00710954155530037,0.1360525483208315,0.0
4326,1.0,0.05,0.0001207628878897258,11.375860105010986,0.00710954155530037,0.1360525483208315,0.0
4327,1.0,0.05,0.0001207628878897258,9.05380161873019,0.006625545808160677,0.1360525483208315,0.0
4328,1.0,0.05,0.0001207628878897258,9.05380161873019,0.0069827596694197165,0.1360525483208315,0.0
4329,1.0,0.05,0.0001207628878897258,9.05380161873019,0.0069827596694197165,0.16456587957187468,0.0
4330,1.0,0.05,0.0001207628878897258,5.348607824516009,0.0069827596694197165,0.16456587957187468,0.0
4331,1.0,0.05,0.00012267651193310008,5.348607824516009,0.0069827596694197165,0.16456587957187468,0.0
4332,1.0,0.05,0.00012267651193310008,7.885136562203712,0.0069827596694197165,0.16456587957187468,0.0
4333,1.0,0.05,0.00012267651193310008,5.9905966644906385,0.006024233984080338,0.16456587957187468,0.0
4334,1.0,0.05,0.00012267651193310008,5.9905966644906385,0.006024233984080338,0.16456587957187468,0.0
4335,1.0,0.05,0.00012787321353487958,5.9905966644906385,0.006024233984080338,0.16456587957187468,0.0
4336,1.0,0.05,0.00012787321353487958,5.9905966644906385,0.006024233984080338,0.11985714430510218,0.0
4337,1.0,0.05,0.00012787321353487958,5.9905966644906385,0.006024233984080338,0.10965129273104088,0.0
4338,1.0,0.05,0.00012787321353487958,5.9905966644906385,0.006024233984080338,0.10965129273104088,0.0
4339,1.0,0.05,0.00012787321353487958,5.9905966644906385,0.005437981486150609,0.10965129273104088,0.0
4340,1.0,0.05,0.00012787321353487958,5.9905966644906385,0.005437981486150609,0.10965129273104088,0.0
4341,1.0,0.05,0.00012787321353487958,5.9905966644906385,0.005670497639946624,0.10965129273104088,0.0
4342,1.0,0.05,0.00012787321353487958,5.9905966644906385,0.005670497639946624,0.10965129273104088,0.0
4343,1.0,0.05,0.00012787321353487958,5.9905966644906385,0.005670497639946624,0.10965129273104088,0.0
4344,1.0,0.05,0.00012787321353487958,5.9905966644906385,0.00606059152199499,0.10965129273104088,0.0
4345,1.0,0.05,0.00012787321353487958,5.9905966644906385,0.00606059152199499,0.14384644016030593,0.0
4346,1.0,0.05,0.00012787321353487958,5.9905966644906385,0.00606059152199499,0.14384644016030593,0.0
4347,1.0,0.05,0.00013109201422581142,5.9905966644906385,0.00606059152199499,0.1354150122937814,0.0
4348,1.0,0.05,0.00013109201422581142,5.9905966644906385,0.00606059152199499,0.09961105944161179,0.0
4349,1.0,0.05,0.00013109201422581142,5.9905966644906385,0.006255401658372065,0.09961105944161179,0.0
4350,1.0,0.05,0.00013109201422581142,5.9905966644906385,0.006255401658372065,0.09961105944161179,0.0
4351,1.0,0.05,0.00013109201422581142,5.9905966644906385,0.006255401658372065,0.09961105944161179,0.0
4352,1.0,0.05,0.00013109201422581142,5.9905966644906385,0.006255401658372065,0.09961105944161179,0.0
4353,1.0,0.05,0.00013109201422581142,5.9905966644906385,0.006255401658372065,0.11865834097624017,0.0
4354,1.0,0.05,0.00013109201422581142,5.9905966644906385,0.006255401658372065,0.11865834097624017,0.0
4355,1.0,0.05,0.00013109201422581142,5.9905966644906385,0.006255401658372065,0.11865834097624017,0.0
4356,1.0,0.05,0.00013109201422581142,5.9905966644906385,0.006255401658372065,0.11865834097624017,0.0
4357,1.0,0.05,0.0001291617052891389,5.9905966644906385,0.006039834909651117,0.11865834097624017,0.0
4358,1.0,0.05,0.0001291617052891389,5.9905966644906385,0.006039834909651117,0.11865834097624017,0.0
4359,1.0,0.05,0.0001291617052891389,5.9905966644906385,0.006039834909651117,0.11865834097624017,0.0
4360,1.0,0.05,0.0001291617052891389,5.9905966644906385,0.006039834909651117,0.11865834097624017,0.0
4361,1.0,0.05,0.0001291617052891389,4.923699036646582,0.006039834909651117,0.12201483800611423,0.0
4362,1.0,0.05,0.0001291617052891389,4.923699036646582,0.006039834909651117,0.12201483800611423,0.0
4363,1.0,0.05,0.0001291617052891389,4.923699036646582,0.006039834909651117,0.12784648612195998,0.0
4364,1.0,0.05,0.0001291617052891389,4.923699036646582,0.006039834909651117,0.12784648612195998,0.0
4365,1.0,0.05,0.0001291617052891389,4.923699036646582,0.006039834909651117,0.12784648612195998,0.0
4366,1.0,0.05,0.0001291617052891389,4.923699036646582,0.006039834909651117,0.12784648612195998,0.0
4367,1.0,0.05,0.0001291617052891389,4.923699036646582,0.006039834909651117,0.12784648612195998,0.0
4368,1.0,0.05,0.0001291617052891389,4.923699036646582,0.006039834909651117,0.12784648612195998,0.0
4369,1.0,0.05,0.0001291617052891389,5.313516757660963,0.006039834909651117,0.12784648612195998,0.0
4370,1.0,0.05,0.0001291617052891389,5.313516757660963,0.006039834909651117,0.12784648612195998,0.0
4371,1.0,0.05,0.0001291617052891389,5.313516757660963,0.006039834909651117,0.12784648612195998,0.0
4372,1.0,0.05,0.0001291617052891389,5.313516757660963,0.006039834909651117,0.12784648612195998,0.0
4373,1.0,0.05,0.0001291617052891389,5.313516757660963,0.006039834909651117,0.12784648612195998,0.0
4374,1.0,0.05,0.0001291617052891389,5.313516757660963,0.006039834909651117,0.12784648612195998,0.0
4375,1.0,0.05,0.0001291617052891389,5.313516757660963,0.006039834909651117,0.12784648612195998,0.0
4376,1.0,0.05,0.0001291617052891389,5.313516757660963,0.006039834909651117,0.12784648612195998,0.0
4377,1.0,0.05,0.0001291617052891389,5.313516757660963,0.006039834909651117,0.12784648612195998,0.0
4378,1.0,0.05,0.0001291617052891389,5.313516757660963,0.006039834909651117,0.12784648612195998,0.0
4379,1.0,0.05,0.0001291617052891389,5.313516757660963,0.006039834909651117,0.10524522995029578,0.0
4380,1.0,0.05,0.0001291617052891389,5.313516757660963,0.006039834909651117,0.09739156785484135,0.0
4381,1.0,0.05,0.0001291617052891389,5.313516757660963,0.006039834909651117,0.09739156785484135,0.0
4382,1.0,0.05,0.0001291617052891389,5.313516757660963,0.006039834909651117,0.09739156785484135,0.0
4383,1.0,0.05,0.0001291617052891389,5.313516757660963,0.006039834909651117,0.09739156785484135,0.0
4384,1.0,0.05,0.0001291617052891389,5.313516757660963,0.006039834909651117,0.09739156785484135,0.0
4385,1.0,0.05,0.0001291617052891389,5.313516757660963,0.006039834909651117,0.09739156785484135,0.0
4386,1.0,0.05,0.0001291617052891389,5.313516757660963,0.006039834909651117,0.09739156785484135,0.0
4387,1.0,0.05,0.0001291617052891389,12.616244030828653,0.005853258290973923,0.09739156785484135,0.0
4388,1.0,0.05,0.0001291617052891389,10.466714142157812,0.005853258290973923,0.09739156785484135,0.0
4389,1.0,0.05,0.0001291617052891389,10.466714142157812,0.005853258290973923,0.09739156785484135,0.0
4390,1.0,0.05,0.0001291617052891389,10.466714142157812,0.006045375261704097,0.09135322748966909,0.0
4391,1.0,0.05,0.0001291617052891389,10.466714142157812,0.006045375261704097,0.09135322748966909,0.0
4392,1.0,0.05,0.0001291617052891389,10.466714142157812,0.006045375261704097,0.09135322748966909,0.0
4393,1.0,0.05,0.0001291617052891389,10.466714142157812,0.006045375261704097,0.09135322748966909,0.0
4394,1.0,0.05,0.0001291617052891389,7.280138910759007,0.006045375261704097,0.0971191928879355,0.0
4395,1.0,0.05,0.00013359635196923003,11.361436191093333,0.006045375261704097,0.0971191928879355,0.0
4396,1.0,0.05,0.00013359635196923003,11.361436191093333,0.006045375261704097,0.08916506970088953,0.0
4397,1.0,0.05,0.00013359635196923003,11.361436191093333,0.0059771232020488785,0.08916506970088953,0.0
4398,1.0,0.05,0.00013359635196923003,11.361436191093333,0.005834689614665578,0.08916506970088953,0.0
4399,1.0,0.05,0.00013026009098334598,11.361436191093333,0.005834689614665578,0.08916506970088953,0.0
4400,1.0,0.05,0.00013142908483211653,11.361436191093333,0.005834689614665578,0.08916506970088953,0.0
4401,1.0,0.05,0.00013142908483211653,11.361436191093333,0.005834689614665578,0.08916506970088953,0.0
4402,1.0,0.05,0.00013142908483211653,11.361436191093333,0.005834689614665578,0.08916506970088953,0.0
4403,1.0,0.05,0.00013142908483211653,11.361436191093333,0.005834689614665578,0.08916506970088953,0.0
4404,1.0,0.05,0.00013142908483211653,11.361436191093333,0.005834689614665578,0.08916506970088953,0.0
4405,1.0,0.05,0.00013142908483211653,11.361436191093333,0.005834689614665578,0.08767442301856268,0.0
4406,1.0,0.05,0.00013142908483211653,11.361436191093333,0.005834689614665578,0.08767442301856268,0.0
4407,1.0,0.05,0.00013142908483211653,11.361436191093333,0.005834689614665578,0.08767442301856268,0.0
4408,1.0,0.05,0.00013111165361720783,11.123801711841935,0.005834689614665578,0.08767442301856268,0.0
4409,1.0,0.05,0.00013111165361720783,11.123801711841935,0.005834689614665578,0.08767442301856268,0.0
4410,1.0,0.05,0.00013111165361720783,11.123801711841935,0.005834689614665578,0.08767442301856268,0.0
4411,1.0,0.05,0.00013111165361720783,11.123801711841935,0.005834689614665578,0.08767442301856268,0.0
4412,1.0,0.05,0.00013001971125334806,11.123801711841935,0.0056860150100769705,0.08767442301856268,0.0
4413,1.0,0.05,0.00013001971125334806,11.123801711841935,0.0056860150100769705,0.08767442301856268,0.0
4414,1.0,0.05,0.0001351800432730076,11.123801711841935,0.0056860150100769705,0.08767442301856268,0.0
4415,1.0,0.05,0.0001351800432730076,11.513204733964685,0.0056860150100769705,0.08767442301856268,0.0
4416,1.0,0.05,0.0001351800432730076,11.513204733964685,0.005841751738015703,0.08413203129038935,0.0
4417,1.0,0.05,0.0001351800432730076,11.513204733964685,0.005564510612618348,0.08413203129038935,0.0
4418,1.0,0.05,0.0001351800432730076,9.124022125491948,0.005564510612618348,0.08413203129038935,0.0
4419,1.0,0.05,0.0001351800432730076,9.124022125491948,0.005564510612618348,0.09103656638746271,0.0
4420,1.0,0.05,0.0001351800432730076,9.124022125491948,0.005564510612618348,0.09103656638746271,0.0
4421,1.0,0.05,0.0001351800432730076,9.124022125491948,0.005564510612618348,0.09103656638746271,0.0
4422,1.0,0.05,0.0001351800432730076,9.124022125491948,0.005564510612618348,0.09103656638746271,0.0
4423,1.0,0.05,0.0001351800432730076,9.124022125491948,0.005564510612618348,0.09317126585455372,0.0
4424,1.0,0.05,0.0001351800432730076,8.505827089495213,0.005564510612618348,0.09317126585455372,0.0
4425,1.0,0.05,0.0001351800432730076,8.505827089495213,0.005564510612618348,0.09317126585455372,0.0
4426,1.0,0.05,0.0001351800432730076,8.505827089495213,0.005564510612618348,0.09317126585455372,0.0
4427,1.0,0.05,0.0001351800432730076,8.505827089495213,0.005564510612618348,0.09317126585455372,0.0
4428,1.0,0.05,0.0001351800432730076,8.505827089495213,0.005564510612618348,0.09317126585455372,0.0
4429,1.0,0.05,0.0001351800432730076,8.505827089495213,0.005564510612618348,0.09317126585455372,0.0
4430,1.0,0.05,0.0001351800432730076,8.505827089495213,0.005564510612618348,0.09317126585455372,0.0
4431,1.0,0.05,0.0001351800432730076,8.505827089495213,0.005813620768961355,0.09317126585455372,0.0
4432,1.0,0.05,0.0001351800432730076,8.505827089495213,0.005813620768961355,0.09317126585455372,0.0
4433,1.0,0.05,0.0001351800432730076,8.505827089495213,0.005813620768961355,0.09317126585455372,0.0
4434,1.0,0.05,0.0001351800432730076,8.505827089495213,0.005813620768961355,0.09317126585455372,0.0
4435,1.0,0.05,0.0001351800432730076,13.83058174041976,0.006639686347877754,0.09317126585455372,0.0
4436,1.0,0.05,0.00012021418704661695,8.404764290973404,0.006639686347877754,0.09317126585455372,0.0
4437,1.0,0.05,0.00012220764346658583,8.404764290973404,0.006994804939369447,0.09317126585455372,0.0
4438,1.0,0.05,0.00012220764346658583,8.404764290973404,0.006994804939369447,0.09317126585455372,0.0
4439,1.0,0.05,0.00012220764346658583,8.404764290973404,0.006994804939369447,0.15510797787506214,0.0
4440,1.0,0.05,0.00012220764346658583,8.404764290973404,0.006994804939369447,0.15510797787506214,0.0
4441,1.0,0.05,0.00012220764346658583,8.404764290973404,0.006994804939369447,0.15510797787506214,0.0
4442,1.0,0.05,0.00012220764346658583,8.404764290973404,0.006994804939369447,0.15510797787506214,0.0
4443,1.0,0.05,0.00012220764346658583,8.404764290973404,0.006994804939369447,0.15510797787506214,0.0
4444,1.0,0.05,0.00012220764346658583,8.404764290973404,0.006643301159425029,0.17066974301373192,0.0
4445,1.0,0.05,0.00012220764346658583,8.404764290973404,0.006643301159425029,0.17066974301373192,0.0
4446,1.0,0.05,0.0001217264305212351,8.404764290973404,0.006803553683128505,0.17066974301373192,0.0
4447,1.0,0.05,0.0001217264305212351,8.404764290973404,0.006576679913518507,0.17066974301373192,0.0
4448,1.0,0.05,0.00011684390862702366,8.404764290973404,0.006576679913518507,0.17066974301373192,0.0
4449,1.0,0.05,0.00011684390862702366,8.404764290973404,0.006576679913518507,0.17066974301373192,0.0
4450,1.0,0.05,0.00011684390862702366,8.404764290973404,0.0065277215311738525,0.17066974301373192,0.0
4451,1.0,0.05,0.00011684390862702366,7.243540124413599,0.0065277215311738525,0.17066974301373192,0.0
4452,1.0,0.05,0.00011684390862702366,7.243540124413599,0.0065277215311738525,0.17066974301373192,0.0
4453,1.0,0.05,0.00011684390862702366,7.243540124413599,0.006545751990312402,0.17066974301373192,0.0
4454,1.0,0.05,0.00011684390862702366,7.243540124413599,0.006545751990312402,0.1585202167160133,0.0
4455,1.0,0.05,0.00011684390862702366,7.243540124413599,0.008208877860113041,0.1585202167160133,0.0
4456,1.0,0.05,0.00011684390862702366,7.243540124413599,0.008208877860113041,0.1585202167160133,0.0
4457,1.0,0.05,0.00011684390862702366,7.243540124413599,0.008208877860113041,0.17713025503453977,0.0
4458,1.0,0.05,0.00011684390862702366,7.243540124413599,0.008208877860113041,0.17713025503453977,0.0
4459,1.0,0.05,0.00011684390862702366,7.289168381357243,0.008208877860113041,0.17713025503453977,0.0
4460,1.0,0.05,0.00011684390862702366,7.289168381357243,0.008295443770612063,0.20669295775940083,0.0
4461,1.0,0.05,0.00011684390862702366,6.956091132475464,0.006981994235790408,0.14099498460070686,0.0
4462,1.0,0.05,0.00011684390862702366,6.956091132475464,0.006981994235790408,0.14099498460070686,0.0
4463,1.0,0.05,0.00011684390862702366,6.956091132475464,0.006981994235790408,0.14099498460070686,0.0
4464,1.0,0.05,0.00011684390862702366,12.220521916313203,0.006981994235790408,0.15836364926492885,0.0
4465,1.0,0.05,0.00011684390862702366,13.582843500975983,0.006981994235790408,0.12135944778383227,0.0
4466,1.0,0.05,0.00011684390862702366,13.582843500975983,0.006981994235790408,0.12135944778383227,0.0
4467,1.0,0.05,0.00011684390862702366,13.582843500975983,0.006981994235790408,0.12135944778383227,0.0
4468,1.0,0.05,0.00011684390862702366,12.687798264038491,0.006981994235790408,0.10255113747824575,0.0
4469,1.0,0.05,0.00011684390862702366,12.687798264038491,0.006981994235790408,0.10255113747824575,0.0
4470,1.0,0.05,0.00011684390862702366,12.687798264038491,0.006981994235790408,0.10255113747824575,0.0
4471,1.0,0.05,0.00011684390862702366,12.687798264038491,0.006981994235790408,0.10255113747824575,0.0
4472,1.0,0.05,0.00011684390862702366,12.687798264038491,0.006981994235790408,0.10255113747824575,0.0
4473,1.0,0.05,0.0001244637612624839,12.687798264038491,0.006981994235790408,0.10255113747824575,0.0
4474,1.0,0.05,0.0001244637612624839,12.687798264038491,0.006981994235790408,0.10255113747824575,0.0
4475,1.0,0.05,0.0001244637612624839,12.687798264038491,0.006074559667446386,0.10255113747824575,0.0
4476,1.0,0.05,0.0001244637612624839,12.687798264038491,0.0073906946398581055,0.10255113747824575,0.0
4477,1.0,0.05,0.0001244637612624839,12.687798264038491,0.006885770129106595,0.10255113747824575,0.0
4478,1.0,0.05,0.0001244637612624839,12.687798264038491,0.006885770129106595,0.10255113747824575,0.0
4479,1.0,0.05,0.0001244637612624839,12.687798264038491,0.006885770129106595,0.10255113747824575,0.0
4480,1.0,0.05,0.0001244637612624839,12.687798264038491,0.006885770129106595,0.10255113747824575,0.0
4481,1.0,0.05,0.0001244637612624839,12.687798264038491,0.006885770129106595,0.10255113747824575,0.0
4482,1.0,0.05,0.0001244637612624839,12.687798264038491,0.006885770129106595,0.10255113747824575,0.0
4483,1.0,0.05,0.00012590900636876644,12.687798264038491,0.006609780981676228,0.10255113747824575,0.0
4484,1.0,0.05,0.00012590900636876644,9.962175903749056,0.006609780981676228,0.10255113747824575,0.0
4485,1.0,0.05,0.00012590900636876644,9.962175903749056,0.006609780981676228,0.10255113747824575,0.0
4486,1.0,0.05,0.00012590900636876644,9.962175903749056,0.006609780981676228,0.10255113747824575,0.0
4487,1.0,0.05,0.00012590900636876644,9.962175903749056,0.006609780981676228,0.11201476096915684,0.0
4488,1.0,0.05,0.00012590900636876644,9.962175903749056,0.006609780981676228,0.11201476096915684,0.0
4489,1.0,0.05,0.00012590900636876644,9.962175903749056,0.006609780981676228,0.11201476096915684,0.0
4490,1.0,0.05,0.00012590900636876644,9.962175903749056,0.006609780981676228,0.11950426081477812,0.0
4491,1.0,0.05,0.00012590900636876644,9.962175903749056,0.006609780981676228,0.11950426081477812,0.0
4492,1.0,0.05,0.00012590900636876644,9.962175903749056,0.005869604889794809,0.11950426081477812,0.0
4493,1.0,0.05,0.00012590900636876644,9.962175903749056,0.005869604889794809,0.11950426081477812,0.0
4494,1.0,0.05,0.00012590900636876644,9.962175903749056,0.005869604889794809,0.11950426081477812,0.0
4495,1.0,0.05,0.00012590900636876644,9.962175903749056,0.005869604889794809,0.11950426081477812,0.0
4496,1.0,0.05,0.00012590900636876644,9.962175903749056,0.005869604889794809,0.11950426081477812,0.0
4497,1.0,0.05,0.00012590900636876644,9.962175903749056,0.005869604889794809,0.11950426081477812,0.0
4498,1.0,0.05,0.00012590900636876644,9.962175903749056,0.005869604889794809,0.10319807850198927,0.0
4499,1.0,0.05,0.00012912266650306952,9.962175903749056,0.006175574861670302,0.10319807850198927,0.0
4500,1.0,0.05,0.00012912266650306952,9.962175903749056,0.006175574861670302,0.10319807850198927,0.0
4501,1.0,0.05,0.00012912266650306952,9.962175903749056,0.006152036604686085,0.10319807850198927,0.0
4502,1.0,0.05,0.00012912266650306952,9.962175903749056,0.006012773203450575,0.10319807850198927,0.0
4503,1.0,0.05,0.00012912266650306952,9.962175903749056,0.006012773203450575,0.10319807850198927,0.0
4504,1.0,0.05,0.00012912266650306952,9.962175903749056,0.006012773203450575,0.10319807850198927,0.0
4505,1.0,0.05,0.00012912266650306952,9.962175903749056,0.005664632992342054,0.10319807850198927,0.0
4506,1.0,0.05,0.00012912266650306952,9.710387710892903,0.006441885735059772,0.10319807850198927,0.0
4507,1.0,0.05,0.0001281516089950613,9.710387710892903,0.006441885735059772,0.10319807850198927,0.0
4508,1.0,0.05,0.0001281516089950613,14.510634229508497,0.006902218042047089,0.10319807850198927,0.0
4509,1.0,0.05,0.00011990211679304047,14.510634229508497,0.006902218042047089,0.10319807850198927,0.0
4510,1.0,0.05,0.00011990211679304047,14.510634229508497,0.006902218042047089,0.10319807850198927,0.0
4511,1.0,0.05,0.00011990211679304047,14.510634229508497,0.006902218042047089,0.10319807850198927,0.0
4512,1.0,0.05,0.00011990211679304047,14.510634229508497,0.006902218042047089,0.10319807850198927,0.0
4513,1.0,0.05,0.00011990211679304047,14.510634229508497,0.006902218042047089,0.11769952850176807,0.0
4514,1.0,0.05,0.00011990211679304047,14.510634229508497,0.006902218042047089,0.11769952850176807,0.0
4515,1.0,0.05,0.00011990211679304047,14.510634229508497,0.006902218042047089,0.11769952850176807,0.0
4516,1.0,0.05,0.00011990211679304047,14.510634229508497,0.006902218042047089,0.11769952850176807,0.0
4517,1.0,0.05,0.00011990211679304047,14.510634229508497,0.006902218042047089,0.11769952850176807,0.0
4518,1.0,0.05,0.00011990211679304047,14.510634229508497,0.006902218042047089,0.11769952850176807,0.0
4519,1.0,0.05,0.00011990211679304047,14.510634229508497,0.006902218042047089,0.11769952850176807,0.0
4520,1.0,0.05,0.00011990211679304047,6.372684652205635,0.006902218042047089,0.13218012915984323,0.0
4521,1.0,0.05,0.00011990211679304047,6.372684652205635,0.006902218042047089,0.13218012915984323,0.0
4522,1.0,0.05,0.00011866140023905191,6.372684652205635,0.006902218042047089,0.13218012915984323,0.0
4523,1.0,0.05,0.00011866140023905191,6.372684652205635,0.006902218042047089,0.12657530518243568,0.0
4524,1.0,0.05,0.00011866140023905191,6.372684652205635,0.0065749228000803114,0.17058113321358692,0.0
4525,1.0,0.05,0.00011866140023905191,6.315256418610261,0.0065749228000803114,0.17058113321358692,0.0
4526,1.0,0.05,0.00011866140023905191,6.315256418610261,0.0065749228000803114,0.17058113321358692,0.0
4527,1.0,0.05,0.00011866140023905191,6.315256418610261,0.0065749228000803114,0.17058113321358692,0.0
4528,1.0,0.05,0.00011866140023905191,6.315256418610261,0.0065749228000803114,0.1655676604937712,0.0
4529,1.0,0.05,0.00011866140023905191,6.315256418610261,0.0065749228000803114,0.1643361588097256,0.0
4530,1.0,0.05,0.00011866140023905191,6.315256418610261,0.0065749228000803114,0.19010102812781146,0.0
4531,1.0,0.05,0.00011866140023905191,6.315256418610261,0.007650594281651672,0.19010102812781146,0.0
4532,1.0,0.05,0.00011866140023905191,6.315256418610261,0.007650594281651672,0.19010102812781146,0.0
4533,1.0,0.05,0.00011866140023905191,6.001087364501913,0.007650594281651672,0.19010102812781146,0.0
4534,1.0,0.05,0.00011866140023905191,6.001087364501913,0.007650594281651672,0.19010102812781146,0.0
4535,1.0,0.05,0.00011866140023905191,6.001087364501913,0.007354546789388955,0.19010102812781146,0.0
4536,1.0,0.05,0.00011866140023905191,6.001087364501913,0.007354546789388955,0.19010102812781146,0.0
4537,1.0,0.05,0.00011866140023905191,6.001087364501913,0.007354546789388955,0.1933211645011702,0.0
4538,1.0,0.05,0.00011866140023905191,8.465720989036612,0.007251127272264801,0.1565771543648163,0.0
4539,1.0,0.05,0.00011866140023905191,8.465720989036612,0.007251127272264801,0.1565771543648163,0.0
4540,1.0,0.05,0.00011866140023905191,10.25213615213167,0.007251127272264801,0.1565771543648163,0.0
4541,1.0,0.05,0.00011866140023905191,10.25213615213167,0.007251127272264801,0.1565771543648163,0.0
4542,1.0,0.05,0.00011866140023905191,10.25213615213167,0.007635307406133071,0.1565771543648163,0.0
4543,1.0,0.05,0.00011866140023905191,8.30611125824612,0.006974913220991286,0.1565771543648163,0.0
4544,1.0,0.05,0.00011866140023905191,8.30611125824612,0.006974913220991286,0.1565771543648163,0.0
4545,1.0,0.05,0.00011866140023905191,8.30611125824612,0.006974913220991286,0.1565771543648163,0.0
4546,1.0,0.05,0.00011866140023905191,8.30611125824612,0.006974913220991286,0.1565771543648163,0.0
4547,1.0,0.05,0.00011866140023905191,8.30611125824612,0.006974913220991286,0.1565771543648163,0.0
4548,1.0,0.05,0.00011866140023905191,8.30611125824612,0.006974913220991286,0.1565771543648163,0.0
4549,1.0,0.05,0.00011866140023905191,8.30611125824612,0.006974913220991286,0.1565771543648163,0.0
4550,1.0,0.05,0.00011866140023905191,8.30611125824612,0.006974913220991286,0.1565771543648163,0.0
4551,1.0,0.05,0.00011866140023905191,8.30611125824612,0.006910426727532532,0.12918316457398704,0.0
4552,1.0,0.05,0.00011866140023905191,8.30611125824612,0.006910426727532532,0.15124475995655173,0.0
4553,1.0,0.05,0.00011866140023905191,8.30611125824612,0.006910426727532532,0.15124475995655173,0.0
4554,1.0,0.05,0.00011866140023905191,8.30611125824612,0.006910426727532532,0.14933092824007832,0.0
4555,1.0,0.05,0.00011866140023905191,8.30611125824612,0.007056605653369621,0.14933092824007832,0.0
4556,1.0,0.05,0.00011866140023905191,8.30611125824612,0.007056605653369621,0.14933092824007832,0.0
4557,1.0,0.05,0.00011866140023905191,8.30611125824612,0.0072670326643013644,0.14933092824007832,0.0
4558,1.0,0.05,0.00011866140023905191,8.30611125824612,0.0072670326643013644,0.14933092824007832,0.0
4559,1.0,0.05,0.00011866140023905191,8.30611125824612,0.0072670326643013644,0.14933092824007832,0.0
4560,1.0,0.05,0.00012051253330538473,8.30611125824612,0.0072670326643013644,0.14933092824007832,0.0
4561,1.0,0.05,0.00012051253330538473,8.30611125824612,0.007273490043433556,0.14933092824007832,0.0
4562,1.0,0.05,0.00012051253330538473,8.30611125824612,0.007239372072390007,0.15112975478203025,0.0
4563,1.0,0.05,0.00012051253330538473,8.30611125824612,0.007239372072390007,0.15112975478203025,0.0
4564,1.0,0.05,0.00012051253330538473,7.832084683905151,0.007302429398927461,0.15112975478203025,0.0
4565,1.0,0.05,0.00012051253330538473,7.832084683905151,0.0076597608610390324,0.15112975478203025,0.0
4566,1.0,0.05,0.00012051253330538473,7.3683340226262,0.0076597608610390324,0.1744574335387358,0.0
4567,1.0,0.05,0.00012051253330538473,7.3683340226262,0.0069928840328169345,0.1744574335387358,0.0
4568,1.0,0.05,0.00012051253330538473,7.3683340226262,0.0069928840328169345,0.1744574335387358,0.0
4569,1.0,0.05,0.00012051253330538473,7.3683340226262,0.0069928840328169345,0.1744574335387358,0.0
4570,1.0,0.05,0.00012051253330538473,7.3683340226262,0.0069928840328169345,0.1744574335387358,0.0
4571,1.0,0.05,0.00011922416665117959,7.3683340226262,0.0069928840328169345,0.13672008649221687,0.0
4572,1.0,0.05,0.00011922416665117959,7.3683340226262,0.0069928840328169345,0.13672008649221687,0.0
4573,1.0,0.05,0.00011922416665117959,7.3683340226262,0.0069928840328169345,0.13672008649221687,0.0
4574,1.0,0.05,0.00011922416665117959,7.3683340226262,0.006778194198228529,0.13672008649221687,0.0
4575,1.0,0.05,0.00011922416665117959,7.3683340226262,0.006778194198228529,0.17818327505273168,0.0
4576,1.0,0.05,0.00011922416665117959,7.3683340226262,0.006778194198228529,0.17818327505273168,0.0
4577,1.0,0.05,0.00011922416665117959,7.3683340226262,0.006778194198228529,0.16316371978580116,0.0
4578,1.0,0.05,0.00011922416665117959,8.909561097727007,0.006778194198228529,0.16316371978580116,0.0
4579,1.0,0.05,0.00011922416665117959,8.909561097727007,0.006778194198228529,0.16316371978580116,0.0
4580,1.0,0.05,0.00011922416665117959,8.909561097727007,0.007106119482883791,0.16316371978580116,0.0
4581,1.0,0.05,0.0001156545745318181,8.909561097727007,0.007106119482883791,0.16316371978580116,0.0
4582,1.0,0.05,0.0001156545745318181,10.666540388964435,0.007106119482883791,0.16316371978580116,0.0
4583,1.0,0.05,0.0001156545745318181,8.67906814294767,0.00691430165315138,0.16316371978580116,0.0
4584,1.0,0.05,0.0001156545745318181,8.67906814294767,0.00691430165315138,0.16316371978580116,0.0
4585,1.0,0.05,0.0001156545745318181,8.151416335088072,0.00691430165315138,0.16316371978580116,0.0
4586,1.0,0.05,0.0001156545745318181,8.151416335088072,0.00691430165315138,0.16316371978580116,0.0
4587,1.0,0.05,0.0001156545745318181,8.151416335088072,0.00691430165315138,0.16316371978580116,0.0
4588,1.0,0.05,0.0001156545745318181,8.151416335088072,0.0070699064495735086,0.16316371978580116,0.0
4589,1.0,0.05,0.00011306505619582001,8.151416335088072,0.0070699064495735086,0.16316371978580116,0.0
4590,1.0,0.05,0.00011306505619582001,8.151416335088072,0.0070699064495735086,0.16316371978580116,0.0
4591,1.0,0.05,0.00011306505619582001,8.151416335088072,0.0070699064495735086,0.1810870350580868,0.0
4592,1.0,0.05,0.00011306505619582001,8.151416335088072,0.0070699064495735086,0.1810870350580868,0.0
4593,1.0,0.05,0.00011306505619582001,8.151416335088072,0.0070699064495735086,0.1810870350580868,0.0
4594,1.0,0.05,0.0001101740988490665,8.151416335088072,0.0070699064495735086,0.1810870350580868,0.0
4595,1.0,0.05,0.0001101740988490665,8.151416335088072,0.0070699064495735086,0.1810870350580868,0.0
4596,1.0,0.05,0.0001101740988490665,8.151416335088072,0.0070699064495735086,0.1876617117254174,0.0
4597,1.0,0.05,0.0001101740988490665,8.151416335088072,0.0070699064495735086,0.2130555368540404,0.0
4598,1.0,0.05,0.0001101740988490665,8.151416335088072,0.0070699064495735086,0.2130555368540404,0.0
4599,1.0,0.05,0.0001101740988490665,8.151416335088072,0.006841510472581112,0.2130555368540404,0.0
4600,1.0,0.05,0.0001101740988490665,8.151416335088072,0.008846887206368096,0.2130555368540404,0.0
4601,1.0,0.05,0.0001101740988490665,11.448722980133553,0.008846887206368096,0.20959799389807998,0.0
4602,1.0,0.05,0.0001101740988490665,11.448722980133553,0.008846887206368096,0.20959799389807998,0.0
4603,1.0,0.05,0.0001101740988490665,8.259897684261588,0.008846887206368096,0.20959799389807998,0.0
4604,1.0,0.05,0.0001101740988490665,8.259897684261588,0.0071338631769824355,0.20959799389807998,0.0
4605,1.0,0.05,0.0001101740988490665,8.259897684261588,0.0071338631769824355,0.20959799389807998,0.0
4606,1.0,0.05,0.0001101740988490665,8.259897684261588,0.008548080658734088,0.20959799389807998,0.0
4607,1.0,0.05,0.0001101740988490665,8.259897684261588,0.008548080658734088,0.20959799389807998,0.0
4608,1.0,0.05,0.0001101740988490665,8.259897684261588,0.008548080658734088,0.20959799389807998,0.0
4609,1.0,0.05,0.0001101740988490665,8.259897684261588,0.009032530702101792,0.20959799389807998,0.0
4610,1.0,0.05,0.0001101740988490665,8.259897684261588,0.008175985358230659,0.20959799389807998,0.0
4611,1.0,0.05,0.0001101740988490665,8.259897684261588,0.008175985358230659,0.20959799389807998,0.0
4612,1.0,0.05,0.0001101740988490665,8.259897684261588,0.008175985358230659,0.19254031154951984,0.0
4613,1.0,0.05,0.0001101740988490665,8.259897684261588,0.008175985358230659,0.19254031154951984,0.0
4614,1.0,0.05,0.0001101740988490665,8.259897684261588,0.008175985358230659,0.19254031154951984,0.0
4615,1.0,0.05,0.0001101740988490665,8.259897684261588,0.008175985358230659,0.19254031154951984,0.0
4616,1.0,0.05,0.0001101740988490665,11.222766952842306,0.008175985358230659,0.19254031154951984,0.0
4617,1.0,0.05,0.0001101740988490665,11.222766952842306,0.008175985358230659,0.19254031154951984,0.0
4618,1.0,0.05,0.0001101740988490665,11.222766952842306,0.008175985358230659,0.19254031154951984,0.0
4619,1.0,0.05,0.0001101740988490665,11.222766952842306,0.008175985358230659,0.19254031154951984,0.0
4620,1.0,0.05,0.0001101740988490665,11.222766952842306,0.008175985358230659,0.19254031154951984,0.0
4621,1.0,0.05,0.0001101740988490665,11.222766952842306,0.008175985358230659,0.19254031154951984,0.0
4622,1.0,0.05,0.0001101740988490665,11.222766952842306,0.008175985358230659,0.19254031154951984,0.0
4623,1.0,0.05,0.0001101740988490665,11.222766952842306,0.008175985358230659,0.19254031154951984,0.0
4624,1.0,0.05,0.0001101740988490665,11.222766952842306,0.008175985358230659,0.19254031154951984,0.0
4625,1.0,0.05,0.0001101740988490665,11.222766952842306,0.008175985358230659,0.19254031154951984,0.0
4626,1.0,0.05,0.0001101740988490665,11.222766952842306,0.008175985358230659,0.19254031154951984,0.0
4627,1.0,0.05,0.0001101740988490665,11.222766952842306,0.008175985358230659,0.15361381495188178,0.0
4628,1.0,0.05,0.0001101740988490665,11.222766952842306,0.008175985358230659,0.15361381495188178,0.0
4629,1.0,0.05,0.0001114332332958039,11.222766952842306,0.008175985358230659,0.15361381495188178,0.0
4630,1.0,0.05,0.0001114332332958039,11.703450393493412,0.008175985358230659,0.15361381495188178,0.0
4631,1.0,0.05,0.0001114332332958039,11.703450393493412,0.008175985358230659,0.15361381495188178,0.0
4632,1.0,0.05,0.0001114332332958039,11.703450393493412,0.008175985358230659,0.15361381495188178,0.0
4633,1.0,0.05,0.0001114332332958039,11.703450393493412,0.008175985358230659,0.17524612398849354,0.0
4634,1.0,0.05,0.0001114332332958039,11.703450393493412,0.008175985358230659,0.17524612398849354,0.0
4635,1.0,0.05,0.0001114332332958039,11.703450393493412,0.008175985358230659,0.17524612398849354,0.0
4636,1.0,0.05,0.0001114332332958039,11.703450393493412,0.008175985358230659,0.17524612398849354,0.0
4637,1.0,0.05,0.0001114332332958039,11.703450393493412,0.008175985358230659,0.17524612398849354,0.0
4638,1.0,0.05,0.0001114332332958039,11.703450393493412,0.007401423582918632,0.17524612398849354,0.0
4639,1.0,0.05,0.0001114332332958039,13.124081777766136,0.007401423582918632,0.17524612398849354,0.0
4640,1.0,0.05,0.0001114332332958039,5.864151692747129,0.007924168798266538,0.17524612398849354,0.0
4641,1.0,0.05,0.0001114332332958039,5.864151692747129,0.007924168798266538,0.17524612398849354,0.0
4642,1.0,0.05,0.0001114332332958039,5.864151692747129,0.007924168798266538,0.17524612398849354,0.0
4643,1.0,0.05,0.0001114332332958039,5.196455947185939,0.007924168798266538,0.2031592662418858,0.0
4644,1.0,0.05,0.0001114332332958039,5.196455947185939,0.007924168798266538,0.2031592662418858,0.0
4645,1.0,0.05,0.0001114332332958039,5.196455947185939,0.007924168798266538,0.2031592662418858,0.0
4646,1.0,0.05,0.0001114332332958039,6.169236958880006,0.007924168798266538,0.2031592662418858,0.0
4647,1.0,0.05,0.0001114332332958039,6.169236958880006,0.007444000318232029,0.2031592662418858,0.0
4648,1.0,0.05,0.0001114332332958039,6.169236958880006,0.007444000318232029,0.2031592662418858,0.0
4649,1.0,0.05,0.0001114332332958039,6.169236958880006,0.007444000318232029,0.2031592662418858,0.0
4650,1.0,0.05,0.00011423658566660824,6.169236958880006,0.008013468807503553,0.2031592662418858,0.0
4651,1.0,0.05,0.00011423658566660824,6.169236958880006,0.008013468807503553,0.2031592662418858,0.0
4652,1.0,0.05,0.00011423658566660824,6.169236958880006,0.008013468807503553,0.2031592662418858,0.0
4653,1.0,0.05,0.00011423658566660824,6.169236958880006,0.007708008518397323,0.18646240374052062,0.0
4654,1.0,0.05,0.00011423658566660824,6.169236958880006,0.007708008518397323,0.18646240374052062,0.0
4655,1.0,0.05,0.00011423658566660824,6.169236958880006,0.007708008518397323,0.17453775029019836,0.0
4656,1.0,0.05,0.00011423658566660824,6.169236958880006,0.007708008518397323,0.17453775029019836,0.0
4657,1.0,0.05,0.00011215391625034898,13.89761613410046,0.007708008518397323,0.17453775029019836,0.0
4658,1.0,0.05,0.00011215391625034898,6.932287644069106,0.007293578825362366,0.17453775029019836,0.0
4659,1.0,0.05,0.00011215391625034898,6.932287644069106,0.007293578825362366,0.17453775029019836,0.0
4660,1.0,0.05,0.00011215391625034898,6.932287644069106,0.007293578825362366,0.17453775029019836,0.0
4661,1.0,0.05,0.00011215391625034898,6.932287644069106,0.007293578825362366,0.17453775029019836,0.0
4662,1.0,0.05,0.00011215391625034898,6.932287644069106,0.007293578825362366,0.17453775029019836,0.0
4663,1.0,0.05,0.00011215391625034898,6.932287644069106,0.006981071216062315,0.17453775029019836,0.0
4664,1.0,0.05,0.00011215391625034898,6.932287644069106,0.007101172345959759,0.1692771455476435,0.0
4665,1.0,0.05,0.00011215391625034898,6.932287644069106,0.007101172345959759,0.1692771455476435,0.0
4666,1.0,0.05,0.00011215391625034898,6.932287644069106,0.00852209207051681,0.1692771455476435,0.0
4667,1.0,0.05,0.00011215391625034898,6.932287644069106,0.00852209207051681,0.23625403442124066,0.0
4668,1.0,0.05,0.00011215391625034898,6.932287644069106,0.00852209207051681,0.22770237994654757,0.0
4669,1.0,0.05,0.00011215391625034898,6.932287644069106,0.00852209207051681,0.22770237994654757,0.0
4670,1.0,0.05,0.00011215391625034898,6.932287644069106,0.00852209207051681,0.22770237994654757,0.0
4671,1.0,0.05,0.00011215391625034898,6.932287644069106,0.00852209207051681,0.22770237994654757,0.0
4672,1.0,0.05,0.00011215391625034898,6.932287644069106,0.00852209207051681,0.2561293154834781,0.0
4673,1.0,0.05,0.00011215391625034898,6.932287644069106,0.00852209207051681,0.2561293154834781,0.0
4674,1.0,0.05,0.00011215391625034898,6.932287644069106,0.007477983072203445,0.2561293154834781,0.0
4675,1.0,0.05,0.00011215391625034898,6.932287644069106,0.007477983072203445,0.19456745069171122,0.0
4676,1.0,0.05,0.00011215391625034898,11.005728572532831,0.007712670637306432,0.19456745069171122,0.0
4677,1.0,0.05,0.00011228028258101652,11.005728572532831,0.007712670637306432,0.19456745069171122,0.0
4678,1.0,0.05,0.00011228028258101652,11.005728572532831,0.007712670637306432,0.19456745069171122,0.0
4679,1.0,0.05,0.00011228028258101652,11.005728572532831,0.007712670637306432,0.13755317459782673,0.0
4680,1.0,0.05,0.00011228028258101652,11.005728572532831,0.007247808491468698,0.13755317459782673,0.0
4681,1.0,0.05,0.00011228028258101652,11.005728572532831,0.007247808491468698,0.13755317459782673,0.0
4682,1.0,0.05,0.00011228028258101652,11.005728572532831,0.007247808491468698,0.13755317459782673,0.0
4683,1.0,0.05,0.00011228028258101652,11.005728572532831,0.007247808491468698,0.13755317459782673,0.0
4684,1.0,0.05,0.00011228028258101652,11.005728572532831,0.007247808491468698,0.1647139620306068,0.0
4685,1.0,0.05,0.00011228028258101652,11.005728572532831,0.007247808491468698,0.1647139620306068,0.0
4686,1.0,0.05,0.00011228028258101652,11.005728572532831,0.007247808491468698,0.1647139620306068,0.0
4687,1.0,0.05,0.00011591422052714941,11.005728572532831,0.007247808491468698,0.17113062708651744,0.0
4688,1.0,0.05,0.00011591422052714941,11.005728572532831,0.007247808491468698,0.17113062708651744,0.0
4689,1.0,0.05,0.00011591422052714941,11.005728572532831,0.007247808491468698,0.17113062708651744,0.0
4690,1.0,0.05,0.00011591422052714941,11.005728572532831,0.007247808491468698,0.17113062708651744,0.0
4691,1.0,0.05,0.00011591422052714941,11.005728572532831,0.007247808491468698,0.17113062708651744,0.0
4692,1.0,0.05,0.00011591422052714941,11.005728572532831,0.007530324876418669,0.17113062708651744,0.0
4693,1.0,0.05,0.00011591422052714941,11.005728572532831,0.007530324876418669,0.18392037828494923,0.0
4694,1.0,0.05,0.00011591422052714941,11.005728572532831,0.007530324876418669,0.15032474847873561,0.0
4695,1.0,0.05,0.00011591422052714941,11.005728572532831,0.006958929825900848,0.15032474847873561,0.0
4696,1.0,0.05,0.00011591422052714941,11.005728572532831,0.006958929825900848,0.15032474847873561,0.0
4697,1.0,0.05,0.00011591422052714941,11.005728572532831,0.006958929825900848,0.15032474847873561,0.0
4698,1.0,0.05,0.00011591422052714941,11.005728572532831,0.006958929825900848,0.15032474847873561,0.0
4699,1.0,0.05,0.00011940005656742056,11.005728572532831,0.006958929825900848,0.15032474847873561,0.0
4700,1.0,0.05,0.00011940005656742056,11.005728572532831,0.00698740245550447,0.15032474847873561,0.0
4701,1.0,0.05,0.00011940005656742056,11.005728572532831,0.00698740245550447,0.15032474847873561,0.0
4702,1.0,0.05,0.00011940005656742056,10.33008331724119,0.00698740245550447,0.15032474847873561,0.0
4703,1.0,0.05,0.00011940005656742056,8.214790346779878,0.00698740245550447,0.15032474847873561,0.0
4704,1.0,0.05,0.00011940005656742056,8.214790346779878,0.007015259116736526,0.15032474847873561,0.0
4705,1.0,0.05,0.00011940005656742056,8.214790346779878,0.007015259116736526,0.15032474847873561,0.0
4706,1.0,0.05,0.00011940005656742056,8.214790346779878,0.007015259116736526,0.15032474847873561,0.0
4707,1.0,0.05,0.00011940005656742056,8.214790346779878,0.007015259116736526,0.15032474847873561,0.0
4708,1.0,0.05,0.00011940005656742056,8.214790346779878,0.007015259116736526,0.15032474847873561,0.0
4709,1.0,0.05,0.00011940005656742056,8.214790346779878,0.007015259116736526,0.15032474847873561,0.0
4710,1.0,0.05,0.00011940005656742056,8.214790346779878,0.007015259116736526,0.15032474847873561,0.0
4711,1.0,0.05,0.00011940005656742056,8.214790346779878,0.007015259116736526,0.15032474847873561,0.0
4712,1.0,0.05,0.00011940005656742056,8.214790346779878,0.007015259116736526,0.13008019398739173,0.0
4713,1.0,0.05,0.00011940005656742056,8.071166031459526,0.007015259116736526,0.13008019398739173,0.0
4714,1.0,0.05,0.00011940005656742056,8.071166031459526,0.007015259116736526,0.13008019398739173,0.0
4715,1.0,0.05,0.00011954175822788852,8.071166031459526,0.007015259116736526,0.13008019398739173,0.0
4716,1.0,0.05,0.00011954175822788852,8.071166031459526,0.007015259116736526,0.13008019398739173,0.0
4717,1.0,0.05,0.00012546256014285475,8.071166031459526,0.006863422613503679,0.13008019398739173,0.0
4718,1.0,0.05,0.00012546256014285475,8.071166031459526,0.006863422613503679,0.10422632742547046,0.0
4719,1.0,0.05,0.00012546256014285475,8.071166031459526,0.005857254343224212,0.10422632742547046,0.0
4720,1.0,0.05,0.00012546256014285475,9.183246170017128,0.006172598688806318,0.10422632742547046,0.0
4721,1.0,0.05,0.00012546256014285475,9.183246170017128,0.006172598688806318,0.10422632742547046,0.0
4722,1.0,0.05,0.00012546256014285475,13.259676952697987,0.006172598688806318,0.10422632742547046,0.0
4723,1.0,0.05,0.00012546256014285475,13.259676952697987,0.006172598688806318,0.10422632742547046,0.0
4724,1.0,0.05,0.00012546256014285475,13.259676952697987,0.006015674492615902,0.10422632742547046,0.0
4725,1.0,0.05,0.00012546256014285475,13.259676952697987,0.006015674492615902,0.10422632742547046,0.0
4726,1.0,0.05,0.00012546256014285475,13.259676952697987,0.006994863180329354,0.10422632742547046,0.0
4727,1.0,0.05,0.00012546256014285475,13.259676952697987,0.006994863180329354,0.10422632742547046,0.0
4728,1.0,0.05,0.00012546256014285475,8.457307757359715,0.006994863180329354,0.10422632742547046,0.0
4729,1.0,0.05,0.00012546256014285475,8.457307757359715,0.006994863180329354,0.15446143648216315,0.0
4730,1.0,0.05,0.00012546256014285475,8.457307757359715,0.006994863180329354,0.15446143648216315,0.0
4731,1.0,0.05,0.00012546256014285475,8.457307757359715,0.0069811779851541335,0.15446143648216315,0.0
4732,1.0,0.05,0.00012546256014285475,8.457307757359715,0.0069811779851541335,0.15446143648216315,0.0
4733,1.0,0.05,0.00012546256014285475,8.457307757359715,0.0069811779851541335,0.15446143648216315,0.0
4734,1.0,0.05,0.00012546256014285475,8.457307757359715,0.0069811779851541335,0.15446143648216315,0.0
4735,1.0,0.05,0.00012546256014285475,8.457307757359715,0.0069811779851541335,0.17682475057114816,0.0
4736,1.0,0.05,0.00012546256014285475,8.457307757359715,0.0069811779851541335,0.10548627164705426,0.0
4737,1.0,0.05,0.00012900105698756046,8.457307757359715,0.0069811779851541335,0.10548627164705426,0.0
4738,1.0,0.05,0.0001274095946325712,8.457307757359715,0.0069811779851541335,0.10548627164705426,0.0
4739,1.0,0.05,0.0001274095946325712,8.457307757359715,0.0069811779851541335,0.10548627164705426,0.0
4740,1.0,0.05,0.0001274095946325712,8.457307757359715,0.0069811779851541335,0.10548627164705426,0.0
4741,1.0,0.05,0.0001274095946325712,8.457307757359715,0.0069811779851541335,0.1325710546806141,0.0
4742,1.0,0.05,0.0001274095946325712,8.457307757359715,0.0069811779851541335,0.1325710546806141,0.0
4743,1.0,0.05,0.0001274095946325712,8.457307757359715,0.0069811779851541335,0.1325710546806141,0.0
4744,1.0,0.05,0.0001274095946325712,9.534568132908362,0.0069811779851541335,0.1325710546806141,0.0
4745,1.0,0.05,0.0001274095946325712,9.534568132908362,0.0070388343698527525,0.1325710546806141,0.0
4746,1.0,0.05,0.0001274095946325712,9.534568132908362,0.0070388343698527525,0.1325710546806141,0.0
4747,1.0,0.05,0.0001274095946325712,9.534568132908362,0.0064342185291821246,0.1325710546806141,0.0
4748,1.0,0.05,0.0001274095946325712,9.534568132908362,0.0064342185291821246,0.1325710546806141,0.0
4749,1.0,0.05,0.0001274095946325712,9.534568132908362,0.0064342185291821246,0.1325710546806141,0.0
4750,1.0,0.05,0.0001274095946325712,9.534568132908362,0.0064342185291821246,0.1325710546806141,0.0
4751,1.0,0.05,0.0001274095946325712,11.549501101727017,0.0064342185291821246,0.1325710546806141,0.0
4752,1.0,0.05,0.0001274095946325712,11.549501101727017,0.0064342185291821246,0.1325710546806141,0.0
4753,1.0,0.05,0.0001274095946325712,11.549501101727017,0.006273344173220362,0.1325710546806141,0.0
4754,1.0,0.05,0.0001274095946325712,11.549501101727017,0.006273344173220362,0.1223062420473054,0.0
4755,1.0,0.05,0.0001274095946325712,11.549501101727017,0.006966964396927032,0.1223062420473054,0.0
4756,1.0,0.05,0.0001274095946325712,11.549501101727017,0.006966964396927032,0.1223062420473054,0.0
4757,1.0,0.05,0.0001274095946325712,11.549501101727017,0.006966964396927032,0.1223062420473054,0.0
4758,1.0,0.05,0.0001234216771923195,11.549501101727017,0.006966964396927032,0.1223062420473054,0.0
4759,1.0,0.05,0.0001234216771923195,9.03007344982511,0.006966964396927032,0.1223062420473054,0.0
4760,1.0,0.05,0.0001234216771923195,10.678793845915038,0.006966964396927032,0.11722436179254042,0.0
4761,1.0,0.05,0.0001234216771923195,11.756370375498818,0.006966964396927032,0.11722436179254042,0.0
4762,1.0,0.05,0.00012736321987644623,11.756370375498818,0.006966964396927032,0.11722436179254042,0.0
4763,1.0,0.05,0.00012736321987644623,11.659294711018987,0.0069807784590291844,0.11722436179254042,0.0
4764,1.0,0.05,0.00012736321987644623,11.659294711018987,0.0069807784590291844,0.11722436179254042,0.0
4765,1.0,0.05,0.00012736321987644623,11.659294711018987,0.0069807784590291844,0.11722436179254042,0.0
4766,1.0,0.05,0.00012736321987644623,11.659294711018987,0.0069807784590291844,0.11722436179254042,0.0
4767,1.0,0.05,0.00012736321987644623,11.659294711018987,0.0069807784590291844,0.11722436179254042,0.0
4768,1.0,0.05,0.00012736321987644623,11.659294711018987,0.0069807784590291844,0.11722436179254042,0.0
4769,1.0,0.05,0.00011622267738176983,11.659294711018987,0.0069807784590291844,0.11304433584261615,0.0
4770,1.0,0.05,0.00011622267738176983,11.659294711018987,0.0069807784590291844,0.11304433584261615,0.0
4771,1.0,0.05,0.00011622267738176983,11.659294711018987,0.0069807784590291844,0.11304433584261615,0.0
4772,1.0,0.05,0.00011622267738176983,11.659294711018987,0.0072436098772236295,0.12209322876830811,0.0
4773,1.0,0.05,0.00011622267738176983,9.870180190641491,0.0072436098772236295,0.12209322876830811,0.0
4774,1.0,0.05,0.00011622267738176983,9.870180190641491,0.0072436098772236295,0.12209322876830811,0.0
4775,1.0,0.05,0.00011622267738176983,9.870180190641491,0.0072436098772236295,0.12604489004168565,0.0
4776,1.0,0.05,0.00011622267738176983,9.870180190641491,0.0072436098772236295,0.12604489004168565,0.0
4777,1.0,0.05,0.00011622267738176983,9.870180190641491,0.0072436098772236295,0.12604489004168565,0.0
4778,1.0,0.05,0.00011622267738176983,9.870180190641491,0.0077701618790514074,0.12604489004168565,0.0
4779,1.0,0.05,0.00011622267738176983,9.870180190641491,0.0077701618790514074,0.12604489004168565,0.0
4780,1.0,0.05,0.00011622267738176983,9.870180190641491,0.0077701618790514074,0.12604489004168565,0.0
4781,1.0,0.05,0.00011622267738176983,9.870180190641491,0.0077701618790514074,0.12604489004168565,0.0
4782,1.0,0.05,0.00011622267738176983,9.870180190641491,0.006891868254364594,0.12604489004168565,0.0
4783,1.0,0.05,0.00011622267738176983,9.870180190641491,0.006891868254364594,0.12604489004168565,0.0
4784,1.0,0.05,0.00011622267738176983,9.870180190641491,0.006891868254364594,0.12604489004168565,0.0
4785,1.0,0.05,0.00011622267738176983,9.870180190641491,0.006891868254364594,0.12604489004168565,0.0
4786,1.0,0.05,0.00011622267738176983,9.870180190641491,0.006891868254364594,0.1213418946692659,0.0
4787,1.0,0.05,0.00011622267738176983,9.870180190641491,0.006891868254364594,0.1213418946692659,0.0
4788,1.0,0.05,0.00011622267738176983,10.75641778125862,0.006891868254364594,0.126302421212157,0.0
4789,1.0,0.05,0.00011622267738176983,10.75641778125862,0.006891868254364594,0.126302421212157,0.0
4790,1.0,0.05,0.00011622267738176983,10.75641778125862,0.0070040161252713385,0.126302421212157,0.0
4791,1.0,0.05,0.00011622267738176983,10.76623711571483,0.0070040161252713385,0.126302421212157,0.0
4792,1.0,0.05,0.00011622267738176983,10.76623711571483,0.0070040161252713385,0.1133275253461785,0.0
4793,1.0,0.05,0.00011622267738176983,10.76623711571483,0.0072274884728228414,0.17301933508371173,0.0
4794,1.0,0.05,0.00011622267738176983,10.76623711571483,0.0072274884728228414,0.17301933508371173,0.0
4795,1.0,0.05,0.00011622267738176983,10.76623711571483,0.0072274884728228414,0.17301933508371173,0.0
4796,1.0,0.05,0.00011622267738176983,10.76623711571483,0.0072274884728228414,0.16968604046630037,0.0
4797,1.0,0.05,0.00011622267738176983,8.970976743796655,0.0072274884728228414,0.16968604046630037,0.0
4798,1.0,0.05,0.00011645012286178033,8.970976743796655,0.0072274884728228414,0.16968604046630037,0.0
4799,1.0,0.05,0.00011645012286178033,8.970976743796655,0.0072274884728228414,0.16032548539151525,0.0
4800,1.0,0.05,0.00011645012286178033,8.970976743796655,0.0072274884728228414,0.16032548539151525,0.0
4801,1.0,0.05,0.00011645012286178033,8.970976743796655,0.0072274884728228414,0.16032548539151525,0.0
4802,1.0,0.05,0.00011645012286178033,8.970976743796655,0.0072274884728228414,0.16032548539151525,0.0
4803,1.0,0.05,0.00011802112526804168,9.751537475476567,0.0072274884728228414,0.16032548539151525,0.0
4804,1.0,0.05,0.00011802112526804168,9.751537475476567,0.0072274884728228414,0.16032548539151525,0.0
4805,1.0,0.05,0.00011802112526804168,9.751537475476567,0.0072274884728228414,0.16032548539151525,0.0
4806,1.0,0.05,0.00011802112526804168,9.751537475476567,0.0072274884728228414,0.16032548539151525,0.0
4807,1.0,0.05,0.00011802112526804168,9.751537475476567,0.0072274884728228414,0.16032548539151525,0.0
4808,1.0,0.05,0.00011266779477264259,9.751537475476567,0.0072274884728228414,0.16032548539151525,0.0
4809,1.0,0.05,0.00011266779477264259,9.751537475476567,0.0072274884728228414,0.13512410449118417,0.0
4810,1.0,0.05,0.00011266779477264259,9.751537475476567,0.0072274884728228414,0.13512410449118417,0.0
4811,1.0,0.05,0.00011266779477264259,9.751537475476567,0.008092834773825547,0.19139751126419136,0.0
4812,1.0,0.05,0.00011266779477264259,9.751537475476567,0.008092834773825547,0.19139751126419136,0.0
4813,1.0,0.05,0.00011266779477264259,9.751537475476567,0.007025422143468528,0.1584299420131186,0.0
4814,1.0,0.05,0.00011334301464418665,7.729201738653728,0.007025422143468528,0.1584299420131186,0.0
4815,1.0,0.05,0.00011334301464418665,10.296089342718105,0.007025422143468528,0.1584299420131186,0.0
4816,1.0,0.05,0.00011334301464418665,10.296089342718105,0.007025422143468528,0.1584299420131186,0.0
4817,1.0,0.05,0.00011334301464418665,10.296089342718105,0.007025422143468528,0.1584299420131186,0.0
4818,1.0,0.05,0.00011334301464418665,10.296089342718105,0.007025422143468528,0.16093284755268517,0.0
4819,1.0,0.05,0.00011334301464418665,10.296089342718105,0.007025422143468528,0.13289214757779705,0.0
4820,1.0,0.05,0.00011334301464418665,10.296089342718105,0.007874408466709492,0.13289214757779705,0.0
4821,1.0,0.05,0.00011334301464418665,10.296089342718105,0.008157560638924906,0.13289214757779705,0.0
4822,1.0,0.05,0.00011334301464418665,10.296089342718105,0.007448975375784174,0.19305922497886804,0.0
4823,1.0,0.05,0.00011334301464418665,5.751333943705546,0.007448975375784174,0.19305922497886804,0.0
4824,1.0,0.05,0.00011334301464418665,5.751333943705546,0.007448975375784174,0.19305922497886804,0.0
4825,1.0,0.05,0.00011334301464418665,5.751333943705546,0.007448975375784174,0.16367967820395482,0.0
4826,1.0,0.05,0.00011334301464418665,15.17166732613579,0.007422296112810056,0.16367967820395482,0.0
4827,1.0,0.05,0.00011334301464418665,15.17166732613579,0.007422296112810056,0.16367967820395482,0.0
4828,1.0,0.05,0.00011334301464418665,15.17166732613579,0.007422296112810056,0.16367967820395482,0.0
4829,1.0,0.05,0.00011334301464418665,16.036934156888933,0.007422296112810056,0.16367967820395482,0.0
4830,1.0,0.05,0.00010847390329044528,16.036934156888933,0.007422296112810056,0.16367967820395482,0.0
4831,1.0,0.05,0.00010847390329044528,16.036934156888933,0.008621200696115194,0.16367967820395482,0.0
4832,1.0,0.05,0.00010847390329044528,16.036934156888933,0.008621200696115194,0.16367967820395482,0.0
4833,1.0,0.05,0.00010847390329044528,16.036934156888933,0.008621200696115194,0.16367967820395482,0.0
4834,1.0,0.05,0.00010847390329044528,16.036934156888933,0.008621200696115194,0.16367967820395482,0.0
4835,1.0,0.05,0.00010847390329044528,11.562231903881923,0.008621200696115194,0.16367967820395482,0.0
4836,1.0,0.05,0.00010847390329044528,11.562231903881923,0.008621200696115194,0.16367967820395482,0.0
4837,1.0,0.05,0.00010847390329044528,11.562231903881923,0.008235907301460295,0.16909224450183052,0.0
4838,1.0,0.05,0.00010849573540999592,8.402531568810232,0.008235907301460295,0.19947586474272871,0.0
4839,1.0,0.05,0.00010849573540999592,8.402531568810232,0.008235907301460295,0.19947586474272871,0.0
4840,1.0,0.05,0.00010849573540999592,8.402531568810232,0.008235907301460295,0.19947586474272871,0.0
4841,1.0,0.05,0.00010849573540999592,8.402531568810232,0.008235907301460295,0.19947586474272871,0.0
4842,1.0,0.05,0.00010849573540999592,8.402531568810232,0.008235907301460295,0.19947586474272871,0.0
4843,1.0,0.05,0.00010849573540999592,8.402531568810232,0.008235907301460295,0.19947586474272871,0.0
4844,1.0,0.05,0.00010849573540999592,8.402531568810232,0.008235907301460295,0.21739535526262355,0.0
4845,1.0,0.05,0.00010849573540999592,8.402531568810232,0.008235907301460295,0.21739535526262355,0.0
4846,1.0,0.05,0.00010849573540999592,7.685449276359975,0.008709915165838288,0.21739535526262355,0.0
4847,1.0,0.05,0.00011424841537965777,7.685449276359975,0.008709915165838288,0.21739535526262355,0.0
4848,1.0,0.05,0.00011424841537965777,7.685449276359975,0.007692193392740774,0.21739535526262355,0.0
4849,1.0,0.05,0.00011424841537965777,7.685449276359975,0.007692193392740774,0.21739535526262355,0.0
4850,1.0,0.05,0.00011424841537965777,7.685449276359975,0.007692193392740774,0.19032104330248936,0.0
4851,1.0,0.05,0.00011424841537965777,7.685449276359975,0.007692193392740774,0.19032104330248936,0.0
4852,1.0,0.05,0.00011424841537965777,7.406567714527029,0.007692193392740774,0.19032104330248936,0.0
4853,1.0,0.05,0.00011424841537965777,7.406567714527029,0.007692193392740774,0.19032104330248936,0.0
4854,1.0,0.05,0.00011424841537965777,7.406567714527029,0.007692193392740774,0.19032104330248936,0.0
4855,1.0,0.05,0.00011290106533677907,7.406567714527029,0.007417904522431942,0.19032104330248936,0.0
4856,1.0,0.05,0.00011290106533677907,7.406567714527029,0.007417904522431942,0.19032104330248936,0.0
4857,1.0,0.05,0.00011290106533677907,7.406567714527029,0.007417904522431942,0.19032104330248936,0.0
4858,1.0,0.05,0.00011290106533677907,7.406567714527029,0.007417904522431942,0.16510004797033845,0.0
4859,1.0,0.05,0.00011290106533677907,7.406567714527029,0.007417904522431942,0.16510004797033845,0.0
4860,1.0,0.05,0.00011290106533677907,7.540590012563484,0.007011884082142828,0.16510004797033845,0.0
4861,1.0,0.05,0.00011290106533677907,7.540590012563484,0.007011884082142828,0.16510004797033845,0.0
4862,1.0,0.05,0.00011290106533677907,7.540590012563484,0.007584070001900385,0.16510004797033845,0.0
4863,1.0,0.05,0.00012163220573808665,7.540590012563484,0.007584070001900385,0.16510004797033845,0.0
4864,1.0,0.05,0.00012180184969884897,7.540590012563484,0.007584070001900385,0.12860031790346776,0.0
4865,1.0,0.05,0.00012180184969884897,7.540590012563484,0.007897491471072365,0.17238268694898212,0.0
4866,1.0,0.05,0.00012180184969884897,7.540590012563484,0.007897491471072365,0.17238268694898212,0.0
4867,1.0,0.05,0.00012180184969884897,7.540590012563484,0.007897491471072365,0.17238268694898212,0.0
4868,1.0,0.05,0.00011965837723444102,7.540590012563484,0.007897491471072365,0.16856595032321414,0.0
4869,1.0,0.05,0.00011965837723444102,7.540590012563484,0.007897491471072365,0.16856595032321414,0.0
4870,1.0,0.05,0.00011965837723444102,7.540590012563484,0.007897491471072365,0.16856595032321414,0.0
4871,1.0,0.05,0.00011965837723444102,8.230325219033702,0.007897491471072365,0.16856595032321414,0.0
4872,1.0,0.05,0.00011965837723444102,8.230325219033702,0.00792944284048471,0.16856595032321414,0.0
4873,1.0,0.05,0.00011965837723444102,8.230325219033702,0.00792944284048471,0.16856595032321414,0.0
4874,1.0,0.05,0.00011965837723444102,8.230325219033702,0.006536986069163396,0.16856595032321414,0.0
4875,1.0,0.05,0.00011965837723444102,5.556054816958948,0.006536986069163396,0.16856595032321414,0.0
4876,1.0,0.05,0.00011965837723444102,5.556054816958948,0.006962378435829643,0.16856595032321414,0.0
4877,1.0,0.05,0.00011965837723444102,9.015833616709585,0.006962378435829643,0.15682068043106284,0.0
4878,1.0,0.05,0.00011965837723444102,9.015833616709585,0.006962378435829643,0.15682068043106284,0.0
4879,1.0,0.05,0.00011965837723444102,9.015833616709585,0.007672580608901625,0.15682068043106284,0.0
4880,1.0,0.05,0.00011965837723444102,12.953283621558228,0.007672580608901625,0.15682068043106284,0.0
4881,1.0,0.05,0.00011965837723444102,12.953283621558228,0.007672580608901625,0.15682068043106284,0.0
4882,1.0,0.05,0.00011965837723444102,12.953283621558228,0.007672580608901625,0.15682068043106284,0.0
4883,1.0,0.05,0.00011965837723444102,12.953283621558228,0.007672580608901625,0.15682068043106284,0.0
4884,1.0,0.05,0.00011965837723444102,12.953283621558228,0.007672580608901625,0.15682068043106284,0.0
4885,1.0,0.05,0.00011965837723444102,12.953283621558228,0.007672580608901625,0.15682068043106284,0.0
4886,1.0,0.05,0.00011965837723444102,6.66809022231007,0.006935728999197406,0.12384101497232303,0.0
4887,1.0,0.05,0.00011965837723444102,6.66809022231007,0.006935728999197406,0.12384101497232303,0.0
4888,1.0,0.05,0.00011965837723444102,6.66809022231007,0.006132696438504357,0.12384101497232303,0.0
4889,1.0,0.05,0.00011965837723444102,6.66809022231007,0.007283994216496455,0.12384101497232303,0.0
4890,1.0,0.05,0.00011965837723444102,6.66809022231007,0.007283994216496455,0.12384101497232303,0.0
4891,1.0,0.05,0.00011965837723444102,6.66809022231007,0.007283994216496455,0.12384101497232303,0.0
4892,1.0,0.05,0.00011965837723444102,6.66809022231007,0.007283994216496455,0.12384101497232303,0.0
4893,1.0,0.05,0.00011965837723444102,6.66809022231007,0.007283994216496455,0.12384101497232303,0.0
4894,1.0,0.05,0.00011965837723444102,6.66809022231007,0.007283994216496455,0.12384101497232303,0.0
4895,1.0,0.05,0.00011965837723444102,6.66809022231007,0.007283994216496455,0.12384101497232303,0.0
4896,1.0,0.05,0.00011965837723444102,6.66809022231007,0.007283994216496455,0.12384101497232303,0.0
4897,1.0,0.05,0.00011965837723444102,6.66809022231007,0.007283994216496455,0.1396881828462004,0.0
4898,1.0,0.05,0.00011965837723444102,6.66809022231007,0.007283994216496455,0.1396881828462004,0.0
4899,1.0,0.05,0.00011965837723444102,6.66809022231007,0.007338571045249289,0.1396881828462004,0.0
4900,1.0,0.05,0.00011965837723444102,6.66809022231007,0.006793161755421813,0.1396881828462004,0.0
4901,1.0,0.05,0.00011965837723444102,6.66809022231007,0.006793161755421813,0.1396881828462004,0.0
4902,1.0,0.05,0.00011965837723444102,6.66809022231007,0.006793161755421813,0.1396881828462004,0.0
4903,1.0,0.05,0.00011965837723444102,6.66809022231007,0.006793161755421813,0.1396881828462004,0.0
4904,1.0,0.05,0.00011965837723444102,6.66809022231007,0.006793161755421813,0.16118316372940578,0.0
4905,1.0,0.05,0.00011965837723444102,6.66809022231007,0.006793161755421813,0.20037979717974536,0.0
4906,1.0,0.05,0.00011965837723444102,6.66809022231007,0.006719973181811552,0.20037979717974536,0.0
4907,1.0,0.05,0.00011965837723444102,6.66809022231007,0.006719973181811552,0.20037979717974536,0.0
4908,1.0,0.05,0.00011965837723444102,6.66809022231007,0.006719973181811552,0.20037979717974536,0.0
4909,1.0,0.05,0.00011965837723444102,6.66809022231007,0.006719973181811552,0.20037979717974536,0.0
4910,1.0,0.05,0.00011965837723444102,6.66809022231007,0.006719973181811552,0.20037979717974536,0.0
4911,1.0,0.05,0.00011965837723444102,6.66809022231007,0.007418023574523987,0.20037979717974536,0.0
4912,1.0,0.05,0.00011965837723444102,6.66809022231007,0.007418023574523987,0.20037979717974536,0.0
4913,1.0,0.05,0.00011965837723444102,6.66809022231007,0.007667914533423209,0.20037979717974536,0.0
4914,1.0,0.05,0.00011965837723444102,6.66809022231007,0.007667914533423209,0.20037979717974536,0.0
4915,1.0,0.05,0.00011965837723444102,6.66809022231007,0.007667914533423209,0.20037979717974536,0.0
4916,1.0,0.05,0.00011857705167443459,6.66809022231007,0.007667914533423209,0.20037979717974536,0.0
4917,1.0,0.05,0.00011857705167443459,6.66809022231007,0.007667914533423209,0.2060009607022564,0.0
4918,1.0,0.05,0.00011857705167443459,6.66809022231007,0.007667914533423209,0.2060009607022564,0.0
4919,1.0,0.05,0.00011857705167443459,6.66809022231007,0.007667914533423209,0.2060009607022564,0.0
4920,1.0,0.05,0.00011857705167443459,6.66809022231007,0.006772114934003935,0.2060009607022564,0.0
4921,1.0,0.05,0.00011857705167443459,6.66809022231007,0.007351145238118164,0.2060009607022564,0.0
4922,1.0,0.05,0.00011819194487977633,6.66809022231007,0.007351145238118164,0.1779638249213848,0.0
4923,1.0,0.05,0.00011819194487977633,6.66809022231007,0.007351145238118164,0.1779638249213848,0.0
4924,1.0,0.05,0.00011819194487977633,6.66809022231007,0.007351145238118164,0.17908209237755088,0.0
4925,1.0,0.05,0.00011819194487977633,6.66809022231007,0.007011369382766644,0.17908209237755088,0.0
4926,1.0,0.05,0.00011819194487977633,6.66809022231007,0.007011369382766644,0.17908209237755088,0.0
4927,1.0,0.05,0.00011819194487977633,6.66809022231007,0.007011369382766644,0.17908209237755088,0.0
4928,1.0,0.05,0.00011244315171822984,6.66809022231007,0.007011369382766644,0.17908209237755088,0.0
4929,1.0,0.05,0.00011244315171822984,6.66809022231007,0.007011369382766644,0.17908209237755088,0.0
4930,1.0,0.05,0.00011244315171822984,6.66809022231007,0.007011369382766644,0.17908209237755088,0.0
4931,1.0,0.05,0.00011244315171822984,6.66809022231007,0.007011369382766644,0.17908209237755088,0.0
4932,1.0,0.05,0.00011244315171822984,6.66809022231007,0.007478694708794221,0.17908209237755088,0.0
4933,1.0,0.05,0.00010762300581725626,10.838487398315749,0.007478694708794221,0.17908209237755088,0.0
4934,1.0,0.05,0.00010762300581725626,10.838487398315749,0.00855809130459228,0.17908209237755088,0.0
4935,1.0,0.05,0.00010762300581725626,10.838487398315749,0.00855809130459228,0.17908209237755088,0.0
4936,1.0,0.05,0.00010762300581725626,10.838487398315749,0.00855809130459228,0.17908209237755088,0.0
4937,1.0,0.05,0.00010762300581725626,10.838487398315749,0.00855809130459228,0.17908209237755088,0.0
4938,1.0,0.05,0.00010762300581725626,10.838487398315749,0.007652431232165564,0.17908209237755088,0.0
4939,1.0,0.05,0.00010762300581725626,10.838487398315749,0.007652431232165564,0.17908209237755088,0.0
4940,1.0,0.05,0.00010762300581725626,10.838487398315749,0.007652431232165564,0.17908209237755088,0.0
4941,1.0,0.05,0.0001098410712344705,10.838487398315749,0.007652431232165564,0.17908209237755088,0.0
4942,1.0,0.05,0.0001098410712344705,10.838487398315749,0.007652431232165564,0.17908209237755088,0.0
4943,1.0,0.05,0.00011356586528654503,10.838487398315749,0.007973009088895719,0.17908209237755088,0.0
4944,1.0,0.05,0.00011356586528654503,10.838487398315749,0.007973009088895719,0.17908209237755088,0.0
4945,1.0,0.05,0.00011356586528654503,10.838487398315749,0.007462145428561138,0.17908209237755088,0.0
4946,1.0,0.05,0.00011356586528654503,10.111911244145873,0.007462145428561138,0.17908209237755088,0.0
4947,1.0,0.05,0.00011356586528654503,10.111911244145873,0.007526240630647526,0.17908209237755088,0.0
4948,1.0,0.05,0.00011356586528654503,10.111911244145873,0.007526240630647526,0.17908209237755088,0.0
4949,1.0,0.05,0.00011356586528654503,10.111911244145873,0.007526240630647526,0.17908209237755088,0.0
4950,1.0,0.05,0.00011356586528654503,10.111911244145873,0.007526240630647526,0.17908209237755088,0.0
4951,1.0,0.05,0.00011356586528654503,10.983326643254216,0.007526240630647526,0.17908209237755088,0.0
4952,1.0,0.05,0.00011356586528654503,9.31404354783794,0.007526240630647526,0.17908209237755088,0.0
4953,1.0,0.05,0.00011882018800914134,9.31404354783794,0.007526240630647526,0.17908209237755088,0.0
4954,1.0,0.05,0.00011882018800914134,9.31404354783794,0.007526240630647526,0.17908209237755088,0.0
4955,1.0,0.05,0.00011882018800914134,9.31404354783794,0.007526240630647526,0.17908209237755088,0.0
4956,1.0,0.05,0.00011882018800914134,9.31404354783794,0.007526240630647526,0.15979623447060817,0.0
4957,1.0,0.05,0.00011882018800914134,5.995724235944692,0.007526240630647526,0.17660398777110312,0.0
4958,1.0,0.05,0.00011882018800914134,5.995724235944692,0.007227211750808781,0.17660398777110312,0.0
4959,1.0,0.05,0.00011882018800914134,5.995724235944692,0.007727226635117163,0.17660398777110312,0.0
4960,1.0,0.05,0.00011882018800914134,5.995724235944692,0.007727226635117163,0.17660398777110312,0.0
4961,1.0,0.05,0.00011882018800914134,5.995724235944692,0.007727226635117163,0.17660398777110312,0.0
4962,1.0,0.05,0.00011882018800914134,5.995724235944692,0.0069242423889362675,0.17660398777110312,0.0
4963,1.0,0.05,0.00011882018800914134,5.995724235944692,0.007027628216278862,0.17660398777110312,0.0
4964,1.0,0.05,0.00011882018800914134,5.995724235944692,0.007027628216278862,0.1690494007835378,0.0
4965,1.0,0.05,0.00011882018800914134,5.995724235944692,0.006891259576947787,0.1690494007835378,0.0
4966,1.0,0.05,0.00011882018800914134,5.995724235944692,0.006891259576947787,0.1690494007835378,0.0
4967,1.0,0.05,0.00011882018800914134,5.995724235944692,0.006891259576947787,0.1690494007835378,0.0
4968,1.0,0.05,0.00011882018800914134,5.995724235944692,0.006891259576947787,0.1810233759018437,0.0
4969,1.0,0.05,0.00011882018800914134,5.995724235944692,0.006891259576947787,0.1810233759018437,0.0
4970,1.0,0.05,0.00011882018800914134,5.995724235944692,0.006891259576947787,0.1810233759018437,0.0
4971,1.0,0.05,0.00011882018800914134,5.995724235944692,0.006891259576947787,0.1810233759018437,0.0
4972,1.0,0.05,0.00011882018800914134,5.995724235944692,0.007618392507694037,0.1810233759018437,0.0
4973,1.0,0.05,0.00011882018800914134,5.995724235944692,0.007618392507694037,0.1810233759018437,0.0
4974,1.0,0.05,0.00011882018800914134,5.995724235944692,0.007618392507694037,0.1810233759018437,0.0
4975,1.0,0.05,0.00011882018800914134,5.995724235944692,0.007223714685995646,0.1810233759018437,0.0
4976,1.0,0.05,0.00011882018800914134,5.995724235944692,0.007223714685995646,0.1810233759018437,0.0
4977,1.0,0.05,0.00011882018800914134,5.995724235944692,0.006658459480993158,0.1810233759018437,0.0
4978,1.0,0.05,0.00011882018800914134,5.995724235944692,0.006658459480993158,0.1810233759018437,0.0
4979,1.0,0.05,0.00011882018800914134,5.995724235944692,0.006658459480993158,0.15590253859909264,0.0
4980,1.0,0.05,0.00011882018800914134,5.995724235944692,0.006658459480993158,0.15590253859909264,0.0
4981,1.0,0.05,0.00011882018800914134,5.995724235944692,0.006658459480993158,0.15590253859909264,0.0
4982,1.0,0.05,0.00011882018800914134,5.995724235944692,0.006625222160986133,0.16001708033502235,0.0
4983,1.0,0.05,0.00011882018800914134,5.995724235944692,0.006625222160986133,0.16001708033502235,0.0
4984,1.0,0.05,0.00011882018800914134,5.995724235944692,0.006755580800081805,0.16001708033502235,0.0
4985,1.0,0.05,0.00011882018800914134,5.995724235944692,0.006755580800081805,0.16001708033502235,0.0
4986,1.0,0.05,0.00011882018800914134,5.995724235944692,0.006755580800081805,0.16001708033502235,0.0
4987,1.0,0.05,0.00012163022573527791,5.995724235944692,0.006887664171698121,0.16001708033502235,0.0
4988,1.0,0.05,0.00012163022573527791,5.995724235944692,0.006887664171698121,0.16001708033502235,0.0
4989,1.0,0.05,0.00012163022573527791,5.995724235944692,0.006887664171698121,0.13932143133517494,0.0
4990,1.0,0.05,0.00012163022573527791,5.995724235944692,0.006887664171698121,0.13932143133517494,0.0
4991,1.0,0.05,0.00012163022573527791,5.995724235944692,0.006887664171698121,0.1645597293557022,0.0
4992,1.0,0.05,0.00012163022573527791,5.995724235944692,0.006887664171698121,0.1645597293557022,0.0
4993,1.0,0.05,0.00012163022573527791,5.995724235944692,0.006887664171698121,0.1645597293557022,0.0
4994,1.0,0.05,0.00012163022573527791,5.995724235944692,0.007059108383026211,0.1362167835849316,0.0
4995,1.0,0.05,0.00012163022573527791,5.995724235944692,0.007059108383026211,0.1362167835849316,0.0
4996,1.0,0.05,0.00012163022573527791,16.176573785738398,0.007059108383026211,0.1150455848469535,0.0
4997,1.0,0.05,0.00012163022573527791,16.176573785738398,0.007059108383026211,0.1150455848469535,0.0
4998,1.0,0.05,0.00012163022573527791,16.176573785738398,0.007059108383026211,0.1150455848469535,0.0
4999,1.0,0.05,0.00012163022573527791,9.380335859398144,0.007059108383026211,0.1150455848469535,0.0
5000,1.0,0.05,0.00012163022573527791,9.380335859398144,0.007059108383026211,0.1150455848469535,0.0
5001,1.0,0.05,0.00012163022573527791,9.380335859398144,0.007059108383026211,0.14878348804426397,0.0
5002,1.0,0.05,0.00012163022573527791,9.380335859398144,0.007059108383026211,0.14878348804426397,0.0
5003,1.0,0.05,0.00012163022573527791,9.380335859398144,0.007059108383026211,0.14878348804426397,0.0
5004,1.0,0.05,0.00012163022573527791,9.380335859398144,0.007059108383026211,0.14878348804426397,0.0
5005,1.0,0.05,0.00012163022573527791,9.791140313945505,0.006553197822857198,0.14878348804426397,0.0
5006,1.0,0.05,0.00012163022573527791,9.791140313945505,0.006553197822857198,0.14878348804426397,0.0
5007,1.0,0.05,0.00012163022573527791,9.791140313945505,0.006553197822857198,0.14878348804426397,0.0
5008,1.0,0.05,0.00012163022573527791,9.791140313945505,0.006553197822857198,0.12361521771765617,0.0
5009,1.0,0.05,0.00012163022573527791,9.791140313945505,0.006553197822857198,0.12361521771765617,0.0
5010,1.0,0.05,0.00012163022573527791,9.791140313945505,0.006720902964800865,0.12361521771765617,0.0
5011,1.0,0.05,0.00012163022573527791,9.791140313945505,0.007261072697858437,0.12361521771765617,0.0
5012,1.0,0.05,0.00012163022573527791,9.791140313945505,0.007261072697858437,0.12361521771765617,0.0
5013,1.0,0.05,0.00012163022573527791,9.791140313945505,0.007261072697858437,0.12361521771765617,0.0
5014,1.0,0.05,0.00012163022573527791,12.381554437318982,0.006578956011768457,0.12361521771765617,0.0
5015,1.0,0.05,0.00012163022573527791,9.423826710552618,0.006578956011768457,0.12361521771765617,0.0
5016,1.0,0.05,0.00012066005502891422,9.423826710552618,0.006578956011768457,0.12361521771765617,0.0
5017,1.0,0.05,0.00012396463005887032,9.423826710552618,0.006578956011768457,0.12361521771765617,0.0
5018,1.0,0.05,0.00012396463005887032,9.423826710552618,0.006578956011768457,0.12361521771765617,0.0
5019,1.0,0.05,0.00012396463005887032,9.423826710552618,0.006578956011768457,0.12361521771765617,0.0
5020,1.0,0.05,0.00012396463005887032,9.423826710552618,0.006578956011768457,0.14566919298149913,0.0
5021,1.0,0.05,0.00012396463005887032,9.423826710552618,0.006578956011768457,0.14566919298149913,0.0
5022,1.0,0.05,0.00012396463005887032,9.423826710552618,0.006578956011768457,0.14566919298149913,0.0
5023,1.0,0.05,0.00012396463005887032,9.423826710552618,0.006578956011768457,0.10356632712230024,0.0
5024,1.0,0.05,0.00012409395594943656,9.423826710552618,0.006640588420107419,0.10356632712230024,0.0
5025,1.0,0.05,0.00012409395594943656,9.423826710552618,0.006640588420107419,0.11071257921718122,0.0
5026,1.0,0.05,0.00012409395594943656,9.423826710552618,0.006782347452839617,0.11071257921718122,0.0
5027,1.0,0.05,0.00012409395594943656,9.423826710552618,0.006782347452839617,0.11071257921718122,0.0
5028,1.0,0.05,0.00012409395594943656,9.423826710552618,0.006782347452839617,0.11071257921718122,0.0
5029,1.0,0.05,0.00012409395594943656,9.423826710552618,0.006782347452839617,0.11071257921718122,0.0
5030,1.0,0.05,0.00012409395594943656,9.423826710552618,0.006782347452839617,0.11071257921718122,0.0
5031,1.0,0.05,0.00012409395594943656,9.423826710552618,0.006782347452839617,0.11071257921718122,0.0
5032,1.0,0.05,0.00012409395594943656,9.423826710552618,0.006782347452839617,0.09550577818044739,0.0
5033,1.0,0.05,0.00012409395594943656,17.274711420126778,0.006782347452839617,0.09550577818044739,0.0
5034,1.0,0.05,0.00012409395594943656,16.25864019116456,0.006066326016393534,0.09550577818044739,0.0
5035,1.0,0.05,0.00012409395594943656,16.25864019116456,0.006732269267823275,0.06993669867006473,0.0
5036,1.0,0.05,0.00012409395594943656,16.25864019116456,0.006732269267823275,0.09458987306310436,0.0
5037,1.0,0.05,0.00012409395594943656,16.25864019116456,0.006732269267823275,0.09458987306310436,0.0
5038,1.0,0.05,0.00012409395594943656,16.25864019116456,0.006732269267823275,0.09458987306310436,0.0
5039,1.0,0.05,0.00012409395594943656,16.25864019116456,0.006732269267823275,0.08388948787154493,0.0
5040,1.0,0.05,0.00012409395594943656,16.25864019116456,0.006732269267823275,0.10183169714623248,0.0
5041,1.0,0.05,0.00012409395594943656,16.25864019116456,0.006732269267823275,0.10183169714623248,0.0
5042,1.0,0.05,0.00012409395594943656,16.25864019116456,0.006732269267823275,0.09573144462335234,0.0
5043,1.0,0.05,0.00012409395594943656,16.25864019116456,0.006732269267823275,0.09573144462335234,0.0
5044,1.0,0.05,0.00012409395594943656,16.25864019116456,0.006732269267823275,0.09573144462335234,0.0
5045,1.0,0.05,0.00012409395594943656,16.25864019116456,0.006732269267823275,0.09573144462335234,0.0
5046,1.0,0.05,0.00012409395594943656,16.25864019116456,0.006732269267823275,0.09573144462335234,0.0
5047,1.0,0.05,0.00012409395594943656,16.25864019116456,0.006732269267823275,0.09573144462335234,0.0
5048,1.0,0.05,0.00012409395594943656,16.25864019116456,0.006732269267823275,0.09573144462335234,0.0
5049,1.0,0.05,0.00012409395594943656,16.25864019116456,0.006732269267823275,0.09573144462335234,0.0
5050,1.0,0.05,0.00012409395594943656,16.25864019116456,0.006732269267823275,0.09573144462335234,0.0
5051,1.0,0.05,0.00012409395594943656,16.25864019116456,0.006732269267823275,0.09529838437570619,0.0
5052,1.0,0.05,0.00012409395594943656,16.25864019116456,0.006732269267823275,0.09529838437570619,0.0
5053,1.0,0.05,0.00012409395594943656,16.25864019116456,0.006732269267823275,0.09529838437570619,0.0
5054,1.0,0.05,0.00012409395594943656,16.25864019116456,0.007889872739946183,0.09529838437570619,0.0
5055,1.0,0.05,0.00012409395594943656,16.25864019116456,0.007889872739946183,0.09529838437570619,0.0
5056,1.0,0.05,0.00012409395594943656,16.25864019116456,0.007484721936095173,0.09529838437570619,0.0
5057,1.0,0.05,0.00012409395594943656,16.25864019116456,0.007484721936095173,0.09529838437570619,0.0
5058,1.0,0.05,0.00012409395594943656,10.720595378337563,0.007484721936095173,0.09529838437570619,0.0
5059,1.0,0.05,0.00012409395594943656,10.720595378337563,0.007484721936095173,0.09529838437570619,0.0
5060,1.0,0.05,0.00012409395594943656,10.720595378337563,0.006220139468304069,0.09529838437570619,0.0
5061,1.0,0.05,0.00012409395594943656,10.720595378337563,0.006220139468304069,0.09529838437570619,0.0
5062,1.0,0.05,0.00012409395594943656,10.720595378337563,0.006220139468304069,0.09529838437570619,0.0
5063,1.0,0.05,0.00012409395594943656,15.967217401542968,0.006220139468304069,0.09529838437570619,0.0
5064,1.0,0.05,0.00012409395594943656,15.967217401542968,0.006220139468304069,0.08666798477238427,0.0
5065,1.0,0.05,0.00012409395594943656,15.967217401542968,0.006220139468304069,0.08666798477238427,0.0
5066,1.0,0.05,0.00012409395594943656,16.985214370958275,0.006784177244716736,0.08666798477238427,0.0
5067,1.0,0.05,0.00012409395594943656,14.228629461361166,0.006784177244716736,0.08666798477238427,0.0
5068,1.0,0.05,0.00012409395594943656,14.228629461361166,0.006273759238937416,0.08666798477238427,0.0
5069,1.0,0.05,0.00012409395594943656,14.228629461361166,0.006273759238937416,0.08666798477238427,0.0
5070,1.0,0.05,0.00012409395594943656,14.228629461361166,0.006337796269655675,0.08666798477238427,0.0
5071,1.0,0.05,0.00012409395594943656,14.228629461361166,0.006337796269655675,0.09251912638198306,0.0
5072,1.0,0.05,0.00012409395594943656,14.228629461361166,0.006337796269655675,0.09251912638198306,0.0
5073,1.0,0.05,0.00012409395594943656,14.228629461361166,0.006337796269655675,0.09251912638198306,0.0
5074,1.0,0.05,0.00012409395594943656,14.228629461361166,0.006337796269655675,0.0885462870671909,0.0
5075,1.0,0.05,0.00012409395594943656,14.228629461361166,0.006337796269655675,0.0885462870671909,0.0
5076,1.0,0.05,0.00012409395594943656,15.79527658934829,0.006337796269655675,0.0885462870671909,0.0
5077,1.0,0.05,0.00012409395594943656,15.79527658934829,0.006337796269655675,0.0885462870671909,0.0
5078,1.0,0.05,0.00012409395594943656,15.79527658934829,0.006337796269655675,0.0885462870671909,0.0
5079,1.0,0.05,0.00012409395594943656,15.79527658934829,0.006337796269655675,0.0885462870671909,0.0
5080,1.0,0.05,0.00012409395594943656,15.79527658934829,0.006337796269655675,0.0885462870671909,0.0
5081,1.0,0.05,0.00012409395594943656,15.79527658934829,0.006337796269655675,0.0885462870671909,0.0
5082,1.0,0.05,0.00012409395594943656,15.79527658934829,0.006337796269655675,0.0885462870671909,0.0
5083,1.0,0.05,0.00012409395594943656,15.79527658934829,0.006337796269655675,0.0885462870671909,0.0
5084,1.0,0.05,0.00012409395594943656,15.79527658934829,0.006337796269655675,0.0885462870671909,0.0
5085,1.0,0.05,0.00012456775003066384,15.79527658934829,0.006337796269655675,0.0885462870671909,0.0
5086,1.0,0.05,0.00012456775003066384,15.79527658934829,0.006337796269655675,0.08530414265943267,0.0
5087,1.0,0.05,0.00012456775003066384,15.79527658934829,0.006337796269655675,0.07913477482813001,0.0
5088,1.0,0.05,0.00012456775003066384,15.79527658934829,0.006337796269655675,0.07913477482813001,0.0
5089,1.0,0.05,0.00012456775003066384,15.79527658934829,0.006337796269655675,0.07913477482813001,0.0
5090,1.0,0.05,0.00012456775003066384,15.368761653902283,0.006337796269655675,0.07913477482813001,0.0
5091,1.0,0.05,0.00012456775003066384,15.368761653902283,0.006337796269655675,0.07913477482813001,0.0
5092,1.0,0.05,0.00012456775003066384,15.368761653902283,0.006337796269655675,0.07913477482813001,0.0
5093,1.0,0.05,0.00012027331488176918,15.368761653902283,0.006337796269655675,0.07913477482813001,0.0
5094,1.0,0.05,0.00012027331488176918,15.368761653902283,0.006337796269655675,0.07913477482813001,0.0
5095,1.0,0.05,0.00012027331488176918,15.260042982228896,0.006337796269655675,0.07913477482813001,0.0
5096,1.0,0.05,0.00012027331488176918,15.260042982228896,0.006337796269655675,0.07913477482813001,0.0
5097,1.0,0.05,0.00012623498056092683,15.260042982228896,0.0061741617709195895,0.07913477482813001,0.0
5098,1.0,0.05,0.00012623498056092683,15.260042982228896,0.0061741617709195895,0.09697706077051316,0.0
5099,1.0,0.05,0.00012623498056092683,15.260042982228896,0.0061741617709195895,0.09697706077051316,0.0
5100,1.0,0.05,0.00012623498056092683,15.260042982228896,0.006406562505851649,0.09697706077051316,0.0
5101,1.0,0.05,0.00012623498056092683,15.260042982228896,0.006406562505851649,0.09697706077051316,0.0
5102,1.0,0.05,0.00012623498056092683,15.260042982228896,0.006406562505851649,0.09697706077051316,0.0
5103,1.0,0.05,0.00012623498056092683,15.260042982228896,0.006406562505851649,0.07795469106112948,0.0
5104,1.0,0.05,0.00012623498056092683,17.38170165326693,0.006406562505851649,0.07795469106112948,0.0
5105,1.0,0.05,0.00012623498056092683,17.38170165326693,0.006406562505851649,0.07795469106112948,0.0
5106,1.0,0.05,0.00012623498056092683,14.098357062639352,0.006406562505851649,0.07795469106112948,0.0
5107,1.0,0.05,0.00012623498056092683,14.098357062639352,0.006406562505851649,0.07795469106112948,0.0
5108,1.0,0.05,0.00012623498056092683,14.098357062639352,0.006406562505851649,0.07795469106112948,0.0
5109,1.0,0.05,0.00012623498056092683,14.098357062639352,0.006406562505851649,0.09096080841838908,0.0
5110,1.0,0.05,0.00012623498056092683,15.532560711126877,0.006406562505851649,0.09096080841838908,0.0
5111,1.0,0.05,0.00012623498056092683,15.532560711126877,0.006406562505851649,0.09096080841838908,0.0
5112,1.0,0.05,0.00012623498056092683,15.532560711126877,0.006406562505851649,0.09096080841838908,0.0
5113,1.0,0.05,0.00012623498056092683,15.532560711126877,0.006406562505851649,0.09096080841838908,0.0
5114,1.0,0.05,0.00012623498056092683,15.532560711126877,0.006406562505851649,0.09096080841838908,0.0
5115,1.0,0.05,0.00012189164921080597,15.532560711126877,0.006512304286599645,0.09096080841838908,0.0
5116,1.0,0.05,0.00012189164921080597,15.532560711126877,0.006512304286599645,0.09096080841838908,0.0
5117,1.0,0.05,0.00012189164921080597,15.532560711126877,0.006512304286599645,0.09096080841838908,0.0
5118,1.0,0.05,0.00012189164921080597,15.532560711126877,0.006512304286599645,0.09096080841838908,0.0
5119,1.0,0.05,0.00012189164921080597,15.532560711126877,0.006512304286599645,0.09096080841838908,0.0
5120,1.0,0.05,0.00012189164921080597,15.532560711126877,0.006512304286599645,0.09215682329810485,0.0
5121,1.0,0.05,0.00012189164921080597,15.532560711126877,0.006512304286599645,0.09215682329810485,0.0
5122,1.0,0.05,0.00012189164921080597,15.532560711126877,0.006512304286599645,0.09215682329810485,0.0
5123,1.0,0.05,0.00012189164921080597,10.396610008891344,0.006512304286599645,0.09215682329810485,0.0
5124,1.0,0.05,0.00012189164921080597,10.396610008891344,0.005619533896433809,0.09215682329810485,0.0
5125,1.0,0.05,0.00012189164921080597,10.396610008891344,0.007034582119989544,0.09215682329810485,0.0
5126,1.0,0.05,0.00012189164921080597,12.19403673911242,0.007034582119989544,0.09215682329810485,0.0
5127,1.0,0.05,0.00012189164921080597,12.19403673911242,0.007034582119989544,0.09215682329810485,0.0
5128,1.0,0.05,0.00012189164921080597,12.19403673911242,0.007034582119989544,0.09215682329810485,0.0
5129,1.0,0.05,0.00012189164921080597,12.874957393473508,0.007034582119989544,0.09215682329810485,0.0
5130,1.0,0.05,0.00012189164921080597,12.874957393473508,0.007034582119989544,0.14276386364635904,0.0
5131,1.0,0.05,0.00012189164921080597,5.819685049025239,0.007034582119989544,0.14276386364635904,0.0
5132,1.0,0.05,0.00012189164921080597,12.248679194317333,0.007034582119989544,0.14276386364635904,0.0
5133,1.0,0.05,0.00012189164921080597,12.248679194317333,0.007034582119989544,0.14276386364635904,0.0
5134,1.0,0.05,0.00012189164921080597,12.284040827494792,0.00679199495513642,0.11361764609632446,0.0
5135,1.0,0.05,0.00012189164921080597,12.284040827494792,0.00679199495513642,0.08996399798374,0.0
5136,1.0,0.05,0.00012189164921080597,12.284040827494792,0.006827919218020115,0.08996399798374,0.0
5137,1.0,0.05,0.00011968256130113998,12.284040827494792,0.006827919218020115,0.08996399798374,0.0
5138,1.0,0.05,0.00011968256130113998,12.284040827494792,0.006827919218020115,0.09691982639815769,0.0
5139,1.0,0.05,0.00011968256130113998,12.284040827494792,0.006827919218020115,0.09691982639815769,0.0
5140,1.0,0.05,0.00011968256130113998,12.284040827494792,0.006827919218020115,0.09691982639815769,0.0
5141,1.0,0.05,0.00011968256130113998,12.284040827494792,0.006827919218020115,0.09691982639815769,0.0
5142,1.0,0.05,0.00012277260093127113,12.284040827494792,0.006827919218020115,0.09691982639815769,0.0
5143,1.0,0.05,0.00012277260093127113,12.284040827494792,0.006827919218020115,0.09691982639815769,0.0
5144,1.0,0.05,0.00012277260093127113,12.284040827494792,0.006827919218020115,0.09691982639815769,0.0
5145,1.0,0.05,0.00012277260093127113,9.695796202135767,0.006827919218020115,0.09691982639815769,0.0
5146,1.0,0.05,0.00012277260093127113,9.695796202135767,0.006827919218020115,0.09691982639815769,0.0
5147,1.0,0.05,0.00012277260093127113,9.695796202135767,0.006827919218020115,0.10677342610283538,0.0
5148,1.0,0.05,0.00012277260093127113,9.695796202135767,0.006827919218020115,0.10677342610283538,0.0
5149,1.0,0.05,0.00012277260093127113,9.695796202135767,0.006919213063267846,0.11793504332921004,0.0
5150,1.0,0.05,0.00012277260093127113,9.695796202135767,0.006919213063267846,0.11793504332921004,0.0
5151,1.0,0.05,0.00012277260093127113,9.695796202135767,0.006919213063267846,0.1153996166268309,0.0
5152,1.0,0.05,0.00012277260093127113,9.695796202135767,0.006919213063267846,0.1153996166268309,0.0
5153,1.0,0.05,0.00012237211219975747,9.695796202135767,0.006919213063267846,0.1153996166268309,0.0
5154,1.0,0.05,0.00012237211219975747,9.695796202135767,0.006919213063267846,0.1153996166268309,0.0
5155,1.0,0.05,0.00012237211219975747,9.695796202135767,0.006919213063267846,0.1153996166268309,0.0
5156,1.0,0.05,0.00012237211219975747,9.695796202135767,0.006569857668235393,0.1153996166268309,0.0
5157,1.0,0.05,0.00012237211219975747,9.695796202135767,0.007166755013927697,0.10476249776599356,0.0
5158,1.0,0.05,0.00012237211219975747,9.695796202135767,0.007166755013927697,0.10476249776599356,0.0
5159,1.0,0.05,0.0001229349537270107,9.695796202135767,0.007166755013927697,0.10476249776599356,0.0
5160,1.0,0.05,0.0001229349537270107,11.20179885947816,0.006391682804718572,0.10476249776599356,0.0
5161,1.0,0.05,0.0001229349537270107,11.20179885947816,0.006391682804718572,0.09288577235159665,0.0
5162,1.0,0.05,0.0001229349537270107,11.20179885947816,0.007349316032274003,0.09569391532650852,0.0
5163,1.0,0.05,0.0001229349537270107,11.20179885947816,0.007349316032274003,0.11920445577259103,0.0
5164,1.0,0.05,0.0001229349537270107,11.20179885947816,0.007349316032274003,0.11920445577259103,0.0
5165,1.0,0.05,0.0001229349537270107,11.20179885947816,0.007349316032274003,0.11920445577259103,0.0
5166,1.0,0.05,0.00012112376565838138,11.20179885947816,0.007349316032274003,0.11920445577259103,0.0
5167,1.0,0.05,0.00012112376565838138,11.20179885947816,0.007511174080444613,0.13296905832029687,0.0
5168,1.0,0.05,0.00012112376565838138,11.20179885947816,0.006325814242673211,0.13296905832029687,0.0
5169,1.0,0.05,0.00012112376565838138,11.20179885947816,0.006325814242673211,0.13296905832029687,0.0
5170,1.0,0.05,0.00012112376565838138,11.20179885947816,0.006325814242673211,0.13296905832029687,0.0
5171,1.0,0.05,0.00012112376565838138,11.20179885947816,0.006750360767267071,0.10757839311463206,0.0
5172,1.0,0.05,0.00012112376565838138,11.20179885947816,0.006750360767267071,0.11655745019267845,0.0
5173,1.0,0.05,0.00012112376565838138,11.20179885947816,0.006750360767267071,0.12805019965209036,0.0
5174,1.0,0.05,0.00012112376565838138,11.20179885947816,0.006750360767267071,0.12805019965209036,0.0
5175,1.0,0.05,0.00011769373320239909,11.20179885947816,0.006750360767267071,0.12805019965209036,0.0
5176,1.0,0.05,0.00011769373320239909,14.615175254417906,0.006750360767267071,0.11589893669098197,0.0
5177,1.0,0.05,0.00011769373320239909,14.615175254417906,0.006750360767267071,0.11589893669098197,0.0
5178,1.0,0.05,0.00011769373320239909,14.615175254417906,0.006750360767267071,0.11589893669098197,0.0
5179,1.0,0.05,0.00011769373320239909,14.615175254417906,0.006750360767267071,0.11324302155144253,0.0
5180,1.0,0.05,0.00011769373320239909,14.615175254417906,0.006750360767267071,0.11324302155144253,0.0
5181,1.0,0.05,0.00011769373320239909,14.615175254417906,0.006750360767267071,0.11324302155144253,0.0
5182,1.0,0.05,0.00011769373320239909,14.615175254417906,0.006750360767267071,0.11324302155144253,0.0
5183,1.0,0.05,0.00011769373320239909,13.394501154607823,0.006750360767267071,0.11324302155144253,0.0
5184,1.0,0.05,0.00011769373320239909,13.394501154607823,0.006750360767267071,0.11324302155144253,0.0
5185,1.0,0.05,0.00011769373320239909,13.394501154607823,0.007569545464291904,0.13853278665576663,0.0
5186,1.0,0.05,0.00011769373320239909,8.764995302587252,0.007569545464291904,0.13853278665576663,0.0
5187,1.0,0.05,0.00011769373320239909,8.764995302587252,0.007569545464291904,0.13853278665576663,0.0
5188,1.0,0.05,0.00011769373320239909,8.764995302587252,0.007569545464291904,0.13853278665576663,0.0
5189,1.0,0.05,0.00011769373320239909,8.764995302587252,0.007569545464291904,0.13853278665576663,0.0
5190,1.0,0.05,0.00011769373320239909,8.764995302587252,0.007338429369149861,0.13853278665576663,0.0
5191,1.0,0.05,0.00011769373320239909,9.528056931141762,0.007338429369149861,0.13853278665576663,0.0
5192,1.0,0.05,0.00011769373320239909,12.330948245987926,0.007338429369149861,0.13853278665576663,0.0
5193,1.0,0.05,0.00011769373320239909,12.330948245987926,0.007338429369149861,0.13853278665576663,0.0
5194,1.0,0.05,0.00011769373320239909,12.330948245987926,0.007338429369149861,0.14079554535851485,0.0
5195,1.0,0.05,0.00011769373320239909,12.330948245987926,0.007338429369149861,0.14079554535851485,0.0
5196,1.0,0.05,0.00011769373320239909,12.330948245987926,0.007338429369149861,0.1406233394430402,0.0
5197,1.0,0.05,0.00011769373320239909,12.330948245987926,0.007338429369149861,0.1406233394430402,0.0
5198,1.0,0.05,0.00011769373320239909,12.330948245987926,0.007338429369149861,0.1406233394430402,0.0
5199,1.0,0.05,0.00011769373320239909,12.330948245987926,0.007338429369149861,0.1406233394430402,0.0
5200,1.0,0.05,0.00011769373320239909,12.330948245987926,0.007338429369149861,0.1406233394430402,0.0
5201,1.0,0.05,0.00011769373320239909,12.330948245987926,0.007338429369149861,0.1406233394430402,0.0
5202,1.0,0.05,0.00011769373320239909,12.330948245987926,0.007338429369149861,0.1406233394430402,0.0
5203,1.0,0.05,0.00011769373320239909,12.330948245987926,0.007338429369149861,0.13863248768914313,0.0
5204,1.0,0.05,0.00011769373320239909,12.330948245987926,0.007338429369149861,0.1469826599159753,0.0
5205,1.0,0.05,0.00011769373320239909,12.330948245987926,0.007338429369149861,0.1469826599159753,0.0
5206,1.0,0.05,0.00011769373320239909,12.330948245987926,0.007338429369149861,0.1469826599159753,0.0
5207,1.0,0.05,0.00011769373320239909,12.330948245987926,0.007338429369149861,0.14125891559741868,0.0
5208,1.0,0.05,0.00011769373320239909,12.330948245987926,0.007338429369149861,0.12739962023503398,0.0
5209,1.0,0.05,0.00011769373320239909,12.330948245987926,0.007338429369149861,0.12739962023503398,0.0
5210,1.0,0.05,0.00011769373320239909,12.330948245987926,0.007338429369149861,0.12739962023503398,0.0
5211,1.0,0.05,0.00012497013946346892,12.330948245987926,0.007338429369149861,0.11019094875368561,0.0
5212,1.0,0.05,0.00012497013946346892,12.330948245987926,0.007338429369149861,0.11019094875368561,0.0
5213,1.0,0.05,0.00012497013946346892,12.330948245987926,0.007338429369149861,0.11019094875368561,0.0
5214,1.0,0.05,0.00012497013946346892,16.56007392312553,0.007338429369149861,0.11019094875368561,0.0
5215,1.0,0.05,0.00012497013946346892,16.56007392312553,0.007338429369149861,0.11019094875368561,0.0
5216,1.0,0.05,0.00012497013946346892,16.56007392312553,0.007338429369149861,0.08420299065559653,0.0
5217,1.0,0.05,0.00011933102494565844,16.56007392312553,0.006796528918608286,0.08420299065559653,0.0
5218,1.0,0.05,0.00011933102494565844,26.617077742969926,0.006796528918608286,0.07740466441696461,0.0
5219,1.0,0.05,0.00011933102494565844,26.617077742969926,0.006796528918608286,0.07740466441696461,0.0
5220,1.0,0.05,0.00011933102494565844,26.617077742969926,0.008304830124548102,0.07740466441696461,0.0
5221,1.0,0.05,0.00011933102494565844,26.617077742969926,0.008304830124548102,0.07740466441696461,0.0
5222,1.0,0.05,0.00011933102494565844,25.859517057126908,0.008304830124548102,0.09720485653225268,0.0
5223,1.0,0.05,0.00011933102494565844,19.908185338913256,0.007621750783797977,0.09720485653225268,0.0
5224,1.0,0.05,0.00011933102494565844,19.908185338913256,0.007621750783797977,0.09720485653225268,0.0
5225,1.0,0.05,0.00011933102494565844,19.908185338913256,0.007621750783797977,0.09720485653225268,0.0
5226,1.0,0.05,0.00011933102494565844,19.908185338913256,0.007621750783797977,0.09720485653225268,0.0
5227,1.0,0.05,0.00011933102494565844,19.908185338913256,0.007621750783797977,0.09180259319391465,0.0
5228,1.0,0.05,0.00011933102494565844,19.908185338913256,0.007621750783797977,0.09180259319391465,0.0
5229,1.0,0.05,0.00011971467640197321,17.65210398167838,0.007085450879807839,0.09180259319391465,0.0
5230,1.0,0.05,0.00011971467640197321,17.65210398167838,0.007085450879807839,0.09180259319391465,0.0
5231,1.0,0.05,0.00011971467640197321,17.65210398167838,0.007085450879807839,0.08275975279247932,0.0
5232,1.0,0.05,0.00011971467640197321,14.014507496908351,0.007085450879807839,0.08275975279247932,0.0
5233,1.0,0.05,0.00011971467640197321,14.014507496908351,0.007085450879807839,0.08275975279247932,0.0
5234,1.0,0.05,0.00011971467640197321,14.014507496908351,0.007085450879807839,0.08275975279247932,0.0
5235,1.0,0.05,0.00011971467640197321,14.014507496908351,0.007085450879807839,0.08275975279247932,0.0
5236,1.0,0.05,0.00011971467640197321,14.014507496908351,0.007511965398191585,0.08275975279247932,0.0
5237,1.0,0.05,0.00011971467640197321,5.317761431454045,0.007511965398191585,0.1439215683853402,0.0
5238,1.0,0.05,0.00011971467640197321,15.971697936015602,0.007511965398191585,0.1439215683853402,0.0
5239,1.0,0.05,0.00011971467640197321,15.971697936015602,0.00680305155488457,0.08364230889320473,0.0
5240,1.0,0.05,0.00011971467640197321,19.054010699505298,0.00680305155488457,0.08364230889320473,0.0
5241,1.0,0.05,0.00011971467640197321,17.183355806987308,0.006632745302867946,0.08364230889320473,0.0
5242,1.0,0.05,0.00011971467640197321,17.183355806987308,0.006632745302867946,0.08364230889320473,0.0
5243,1.0,0.05,0.00011971467640197321,17.86215363105397,0.006632745302867946,0.08364230889320473,0.0
5244,1.0,0.05,0.00011971467640197321,17.86215363105397,0.006632745302867946,0.08364230889320473,0.0
5245,1.0,0.05,0.00011971467640197321,13.510925144562862,0.006525960231029278,0.08364230889320473,0.0
5246,1.0,0.05,0.00011971467640197321,13.510925144562862,0.006525960231029278,0.08631768607685752,0.0
5247,1.0,0.05,0.00011971467640197321,13.510925144562862,0.006525960231029278,0.09951403293232769,0.0
5248,1.0,0.05,0.00011959879332799693,13.510925144562862,0.006525960231029278,0.09951403293232769,0.0
5249,1.0,0.05,0.00012419249529306713,13.510925144562862,0.006525960231029278,0.09951403293232769,0.0
5250,1.0,0.05,0.00012419249529306713,13.510925144562862,0.007179680143384444,0.09951403293232769,0.0
5251,1.0,0.05,0.00012419249529306713,13.510925144562862,0.007179680143384444,0.09951403293232769,0.0
5252,1.0,0.05,0.00012419249529306713,13.510925144562862,0.007179680143384444,0.09951403293232769,0.0
5253,1.0,0.05,0.00012419249529306713,15.383740451974106,0.007179680143384444,0.09951403293232769,0.0
5254,1.0,0.05,0.00012419249529306713,15.383740451974106,0.007179680143384444,0.09951403293232769,0.0
5255,1.0,0.05,0.00012419249529306713,15.383740451974106,0.007179680143384444,0.09951403293232769,0.0
5256,1.0,0.05,0.00012419249529306713,15.383740451974106,0.007179680143384444,0.09951403293232769,0.0
5257,1.0,0.05,0.00012419249529306713,15.383740451974106,0.007179680143384444,0.0853346443333663,0.0
5258,1.0,0.05,0.00012419249529306713,18.410613408417788,0.007179680143384444,0.0853346443333663,0.0
5259,1.0,0.05,0.00012419249529306713,18.410613408417788,0.007179680143384444,0.0853346443333663,0.0
5260,1.0,0.05,0.00012419249529306713,15.336925509030323,0.007179680143384444,0.0853346443333663,0.0
5261,1.0,0.05,0.00012419249529306713,15.336925509030323,0.007179680143384444,0.0853346443333663,0.0
5262,1.0,0.05,0.00012419249529306713,15.336925509030323,0.007179680143384444,0.0853346443333663,0.0
5263,1.0,0.05,0.00012419249529306713,15.336925509030323,0.007179680143384444,0.0853346443333663,0.0
5264,1.0,0.05,0.00012419249529306713,15.336925509030323,0.007179680143384444,0.1308482425162662,0.0
5265,1.0,0.05,0.00012419249529306713,15.336925509030323,0.007179680143384444,0.07223641526697472,0.0
5266,1.0,0.05,0.00012419249529306713,12.054786777232039,0.007179680143384444,0.08343479350246638,0.0
5267,1.0,0.05,0.00012419249529306713,15.020846596294106,0.007179680143384444,0.09580468810852052,0.0
5268,1.0,0.05,0.00012419249529306713,15.020846596294106,0.007179680143384444,0.09580468810852052,0.0
5269,1.0,0.05,0.00012419249529306713,15.020846596294106,0.007179680143384444,0.09580468810852052,0.0
5270,1.0,0.05,0.00012419249529306713,15.020846596294106,0.007179680143384444,0.08599097279788556,0.0
5271,1.0,0.05,0.00012419249529306713,15.020846596294106,0.007179680143384444,0.08599097279788556,0.0
5272,1.0,0.05,0.00012419249529306713,15.020846596294106,0.007179680143384444,0.08599097279788556,0.0
5273,1.0,0.05,0.00012235722903042382,15.020846596294106,0.007179680143384444,0.08599097279788556,0.0
5274,1.0,0.05,0.00012235722903042382,15.020846596294106,0.007179680143384444,0.08599097279788556,0.0
5275,1.0,0.05,0.00012235722903042382,15.020846596294106,0.007179680143384444,0.08599097279788556,0.0
5276,1.0,0.05,0.00012235722903042382,15.020846596294106,0.007179680143384444,0.08599097279788556,0.0
5277,1.0,0.05,0.00012235722903042382,15.020846596294106,0.007179680143384444,0.08599097279788556,0.0
5278,1.0,0.05,0.00012235722903042382,15.020846596294106,0.007179680143384444,0.08599097279788556,0.0
5279,1.0,0.05,0.00012235722903042382,15.020846596294106,0.007179680143384444,0.08599097279788556,0.0
5280,1.0,0.05,0.00011892281547470866,15.020846596294106,0.007179680143384444,0.08599097279788556,0.0
5281,1.0,0.05,0.00011892281547470866,15.020846596294106,0.006756995513199453,0.08599097279788556,0.0
5282,1.0,0.05,0.00011892281547470866,15.020846596294106,0.006756995513199453,0.08599097279788556,0.0
5283,1.0,0.05,0.00011892281547470866,15.020846596294106,0.006756995513199453,0.08599097279788556,0.0
5284,1.0,0.05,0.00011892281547470866,15.020846596294106,0.006756995513199453,0.09995612307384433,0.0
5285,1.0,0.05,0.00012242143624804477,15.020846596294106,0.006756995513199453,0.09995612307384433,0.0
5286,1.0,0.05,0.00012242143624804477,15.020846596294106,0.006756995513199453,0.09995612307384433,0.0
5287,1.0,0.05,0.00012242143624804477,15.020846596294106,0.006756995513199453,0.09163521262358715,0.0
5288,1.0,0.05,0.00012242143624804477,16.44069291985501,0.006756995513199453,0.09163521262358715,0.0
5289,1.0,0.05,0.00012242143624804477,16.44069291985501,0.006756995513199453,0.09163521262358715,0.0
5290,1.0,0.05,0.00012242143624804477,14.436619340933603,0.006756995513199453,0.09163521262358715,0.0
5291,1.0,0.05,0.00012242143624804477,14.436619340933603,0.006756995513199453,0.08855504415400067,0.0
5292,1.0,0.05,0.00012242143624804477,14.436619340933603,0.006756995513199453,0.08855504415400067,0.0
5293,1.0,0.05,0.00012242143624804477,14.436619340933603,0.006844481829488394,0.08855504415400067,0.0
5294,1.0,0.05,0.00012242143624804477,14.436619340933603,0.006844481829488394,0.08855504415400067,0.0
5295,1.0,0.05,0.00012242143624804477,14.436619340933603,0.00742855084718874,0.08855504415400067,0.0
5296,1.0,0.05,0.00012242143624804477,14.436619340933603,0.00742855084718874,0.08855504415400067,0.0
5297,1.0,0.05,0.00012242143624804477,14.436619340933603,0.00742855084718874,0.10558476054666954,0.0
5298,1.0,0.05,0.00012242143624804477,14.436619340933603,0.006828399130705829,0.10558476054666954,0.0
5299,1.0,0.05,0.00012242143624804477,14.436619340933603,0.006828399130705829,0.10558476054666954,0.0
5300,1.0,0.05,0.00012242143624804477,14.436619340933603,0.006828399130705829,0.10653063956604676,0.0
5301,1.0,0.05,0.00012242143624804477,14.436619340933603,0.006828399130705829,0.10653063956604676,0.0
5302,1.0,0.05,0.00012242143624804477,14.436619340933603,0.0066441634764929725,0.10653063956604676,0.0
5303,1.0,0.05,0.00012242143624804477,14.32483890980707,0.007263704189904366,0.10653063956604676,0.0
5304,1.0,0.05,0.00012242143624804477,14.32483890980707,0.007263704189904366,0.10653063956604676,0.0
5305,1.0,0.05,0.00012242143624804477,11.812724680604944,0.006722205827646568,0.10653063956604676,0.0
5306,1.0,0.05,0.00012242143624804477,11.812724680604944,0.006722205827646568,0.10653063956604676,0.0
5307,1.0,0.05,0.00012242143624804477,14.780201982875994,0.006722205827646568,0.10653063956604676,0.0
5308,1.0,0.05,0.00012242143624804477,13.928377911865368,0.006722205827646568,0.10653063956604676,0.0
5309,1.0,0.05,0.00012242143624804477,13.928377911865368,0.006722205827646568,0.10653063956604676,0.0
5310,1.0,0.05,0.00012242143624804477,13.928377911865368,0.006722205827646568,0.10653063956604676,0.0
5311,1.0,0.05,0.00012242143624804477,13.928377911865368,0.006722205827646568,0.10653063956604676,0.0
5312,1.0,0.05,0.00012202487965167238,13.033540341857758,0.006734213546585608,0.10653063956604676,0.0
5313,1.0,0.05,0.00012202487965167238,13.033540341857758,0.006734213546585608,0.10653063956604676,0.0
5314,1.0,0.05,0.00012220645895100632,13.033540341857758,0.006734213546585608,0.10653063956604676,0.0
5315,1.0,0.05,0.00012220645895100632,13.033540341857758,0.006734213546585608,0.10653063956604676,0.0
5316,1.0,0.05,0.00012220645895100632,13.033540341857758,0.0066531726491780305,0.10653063956604676,0.0
5317,1.0,0.05,0.00012220645895100632,13.033540341857758,0.0066531726491780305,0.10653063956604676,0.0
5318,1.0,0.05,0.00012220645895100632,13.033540341857758,0.007537615750165471,0.10653063956604676,0.0
5319,1.0,0.05,0.00012220645895100632,13.033540341857758,0.007537615750165471,0.10073807764101174,0.0
5320,1.0,0.05,0.00011994126048287336,13.033540341857758,0.007537615750165471,0.10073807764101174,0.0
5321,1.0,0.05,0.00011994126048287336,13.033540341857758,0.006283059172971107,0.10009805009165415,0.0
5322,1.0,0.05,0.00011994126048287336,16.51694027187635,0.006283059172971107,0.10009805009165415,0.0
5323,1.0,0.05,0.00011994126048287336,16.51694027187635,0.006283059172971107,0.10009805009165415,0.0
5324,1.0,0.05,0.00011994126048287336,16.51694027187635,0.006283059172971107,0.10009805009165415,0.0
5325,1.0,0.05,0.00011994126048287336,17.001089121223572,0.006283059172971107,0.10009805009165415,0.0
5326,1.0,0.05,0.00011994126048287336,17.001089121223572,0.006244180175618365,0.10009805009165415,0.0
5327,1.0,0.05,0.00011994126048287336,17.028269302813598,0.006244180175618365,0.10009805009165415,0.0
5328,1.0,0.05,0.00011994126048287336,17.028269302813598,0.006244180175618365,0.06625148743707515,0.0
5329,1.0,0.05,0.00011994126048287336,17.028269302813598,0.0075046507841971,0.06625148743707515,0.0
5330,1.0,0.05,0.00011994126048287336,17.028269302813598,0.0075046507841971,0.06625148743707515,0.0
5331,1.0,0.05,0.00011994126048287336,28.45020167215381,0.0075046507841971,0.06625148743707515,0.0
5332,1.0,0.05,0.00011994126048287336,28.45020167215381,0.0075046507841971,0.06625148743707515,0.0
5333,1.0,0.05,0.00011994126048287336,28.45020167215381,0.0075046507841971,0.06280128450538626,0.0
5334,1.0,0.05,0.00011366674153554483,28.45020167215381,0.0075046507841971,0.07609910484401779,0.0
5335,1.0,0.05,0.00011366674153554483,28.45020167215381,0.0072070823149321525,0.07609910484401779,0.0
5336,1.0,0.05,0.00011366674153554483,28.45020167215381,0.0072070823149321525,0.07609910484401779,0.0
5337,1.0,0.05,0.00011366674153554483,28.45020167215381,0.0072070823149321525,0.09031635918621814,0.0
5338,1.0,0.05,0.00011366674153554483,27.51615939611642,0.0072070823149321525,0.09031635918621814,0.0
5339,1.0,0.05,0.00011366674153554483,27.51615939611642,0.008545549686107929,0.09031635918621814,0.0
5340,1.0,0.05,0.00011366674153554483,27.51615939611642,0.008545549686107929,0.09031635918621814,0.0
5341,1.0,0.05,0.00011366674153554483,27.51615939611642,0.008545549686107929,0.09031635918621814,0.0
5342,1.0,0.05,0.00011366674153554483,27.51615939611642,0.008545549686107929,0.09028554642257573,0.0
5343,1.0,0.05,0.00011366674153554483,27.51615939611642,0.008545549686107929,0.09028554642257573,0.0
5344,1.0,0.05,0.00011366674153554483,27.51615939611642,0.008545549686107929,0.09028554642257573,0.0
5345,1.0,0.05,0.00011816831302955818,23.96675422049934,0.008545549686107929,0.09028554642257573,0.0
5346,1.0,0.05,0.00011816831302955818,23.96675422049934,0.008545549686107929,0.09028554642257573,0.0
5347,1.0,0.05,0.00011816831302955818,23.96675422049934,0.008545549686107929,0.0887854366652234,0.0
5348,1.0,0.05,0.00011816831302955818,23.96675422049934,0.008545549686107929,0.0887854366652234,0.0
5349,1.0,0.05,0.00011814280297706788,23.96675422049934,0.008545549686107929,0.0887854366652234,0.0
5350,1.0,0.05,0.00011814280297706788,23.96675422049934,0.008450269733809369,0.0887854366652234,0.0
5351,1.0,0.05,0.00011814280297706788,23.96675422049934,0.008450269733809369,0.0887854366652234,0.0
5352,1.0,0.05,0.00011814280297706788,23.96675422049934,0.007696202201183223,0.0834992123640785,0.0
5353,1.0,0.05,0.00011814280297706788,23.96675422049934,0.007696202201183223,0.0834992123640785,0.0
5354,1.0,0.05,0.00011814280297706788,23.96675422049934,0.007696202201183223,0.0834992123640785,0.0
5355,1.0,0.05,0.00011814280297706788,23.96675422049934,0.007696202201183223,0.0834992123640785,0.0
5356,1.0,0.05,0.00011814280297706788,13.673701766603713,0.007696202201183223,0.0834992123640785,0.0
5357,1.0,0.05,0.00011814280297706788,10.811697583428298,0.0077978578585472524,0.0834992123640785,0.0
5358,1.0,0.05,0.00011814280297706788,10.811697583428298,0.0077978578585472524,0.15566915587584731,0.0
5359,1.0,0.05,0.00011814280297706788,10.811697583428298,0.0077978578585472524,0.15566915587584731,0.0
5360,1.0,0.05,0.00011814280297706788,10.811697583428298,0.0077978578585472524,0.15566915587584731,0.0
5361,1.0,0.05,0.00011814280297706788,10.811697583428298,0.0077978578585472524,0.15566915587584731,0.0
5362,1.0,0.05,0.00011814280297706788,10.811697583428298,0.007206311849233253,0.15566915587584731,0.0
5363,1.0,0.05,0.00011814280297706788,10.811697583428298,0.007206311849233253,0.15566915587584731,0.0
5364,1.0,0.05,0.0001160194265477613,10.811697583428298,0.007206311849233253,0.15566915587584731,0.0
5365,1.0,0.05,0.0001160194265477613,10.811697583428298,0.007206311849233253,0.15566915587584731,0.0
5366,1.0,0.05,0.0001160194265477613,10.811697583428298,0.007206311849233253,0.15566915587584731,0.0
5367,1.0,0.05,0.0001160194265477613,9.170247913248701,0.007206311849233253,0.13881248764412069,0.0
5368,1.0,0.05,0.00011551195224256187,9.170247913248701,0.007206311849233253,0.13881248764412069,0.0
5369,1.0,0.05,0.00011551195224256187,9.170247913248701,0.007206311849233253,0.13881248764412069,0.0
5370,1.0,0.05,0.00011551195224256187,9.170247913248701,0.007206311849233253,0.13881248764412069,0.0
5371,1.0,0.05,0.00011551195224256187,9.170247913248701,0.007206311849233253,0.16157082294710245,0.0
5372,1.0,0.05,0.00011551195224256187,9.557397619517886,0.007206311849233253,0.16157082294710245,0.0
5373,1.0,0.05,0.00011551195224256187,9.557397619517886,0.007206311849233253,0.16157082294710245,0.0
5374,1.0,0.05,0.00011551195224256187,9.557397619517886,0.0077218215029197885,0.16157082294710245,0.0
5375,1.0,0.05,0.00011551195224256187,9.557397619517886,0.0077218215029197885,0.1570606412304734,0.0
5376,1.0,0.05,0.00011551195224256187,9.557397619517886,0.0077218215029197885,0.1570606412304734,0.0
5377,1.0,0.05,0.00011551195224256187,9.557397619517886,0.0077218215029197885,0.13066504261274695,0.0
5378,1.0,0.05,0.00011551195224256187,9.557397619517886,0.007069487866676342,0.13066504261274695,0.0
5379,1.0,0.05,0.00011551195224256187,9.557397619517886,0.007069487866676342,0.13066504261274695,0.0
5380,1.0,0.05,0.00011551195224256187,9.557397619517886,0.007069487866676342,0.13066504261274695,0.0
5381,1.0,0.05,0.00011551195224256187,9.557397619517886,0.007069487866676342,0.1417472548256602,0.0
5382,1.0,0.05,0.00011551195224256187,9.557397619517886,0.007069487866676342,0.1417472548256602,0.0
5383,1.0,0.05,0.00011551195224256187,9.557397619517886,0.007069487866676342,0.1417472548256602,0.0
5384,1.0,0.05,0.00011551195224256187,9.557397619517886,0.007069487866676342,0.1417472548256602,0.0
5385,1.0,0.05,0.00011764628750153585,9.557397619517886,0.007069487866676342,0.13274116226713528,0.0
5386,1.0,0.05,0.00011764628750153585,9.557397619517886,0.007069487866676342,0.13274116226713528,0.0
5387,1.0,0.05,0.00011764628750153585,9.557397619517886,0.007069487866676342,0.13274116226713528,0.0
5388,1.0,0.05,0.00011764628750153585,10.81881571895049,0.007069487866676342,0.13274116226713528,0.0
5389,1.0,0.05,0.0001218411801463153,10.81881571895049,0.007096019124405072,0.13274116226713528,0.0
5390,1.0,0.05,0.0001218411801463153,10.81881571895049,0.007096019124405072,0.13274116226713528,0.0
5391,1.0,0.05,0.0001218411801463153,10.81881571895049,0.007096019124405072,0.13274116226713528,0.0
5392,1.0,0.05,0.0001218411801463153,10.81881571895049,0.007177093253093406,0.13274116226713528,0.0
5393,1.0,0.05,0.0001218411801463153,10.322116327172708,0.007177093253093406,0.13274116226713528,0.0
5394,1.0,0.05,0.0001218411801463153,10.322116327172708,0.007577508592067214,0.13274116226713528,0.0
5395,1.0,0.05,0.0001218411801463153,10.322116327172708,0.007577508592067214,0.13274116226713528,0.0
5396,1.0,0.05,0.0001218411801463153,11.286426510963892,0.007577508592067214,0.13274116226713528,0.0
5397,1.0,0.05,0.0001218411801463153,11.813357191607452,0.007577508592067214,0.13274116226713528,0.0
5398,1.0,0.05,0.0001218411801463153,12.774261833132925,0.007577508592067214,0.13000178750452623,0.0
5399,1.0,0.05,0.0001218411801463153,12.774261833132925,0.00667198295663538,0.13000178750452623,0.0
5400,1.0,0.05,0.0001218411801463153,12.774261833132925,0.006359375099815077,0.13000178750452623,0.0
5401,1.0,0.05,0.0001218411801463153,12.774261833132925,0.006359375099815077,0.13000178750452623,0.0
5402,1.0,0.05,0.0001218411801463153,12.774261833132925,0.006359375099815077,0.13000178750452623,0.0
5403,1.0,0.05,0.0001218411801463153,12.774261833132925,0.006359375099815077,0.13000178750452623,0.0
5404,1.0,0.05,0.0001218411801463153,12.774261833132925,0.006359375099815077,0.13000178750452623,0.0
5405,1.0,0.05,0.0001218411801463153,12.774261833132925,0.006359375099815077,0.12191145696073882,0.0
5406,1.0,0.05,0.0001218411801463153,12.774261833132925,0.006373791197951279,0.12191145696073882,0.0
5407,1.0,0.05,0.0001218411801463153,12.774261833132925,0.006373791197951279,0.12191145696073882,0.0
5408,1.0,0.05,0.0001218411801463153,12.774261833132925,0.006003754840731526,0.12191145696073882,0.0
5409,1.0,0.05,0.0001218411801463153,12.774261833132925,0.007890135863129305,0.12191145696073882,0.0
5410,1.0,0.05,0.0001218411801463153,12.774261833132925,0.007890135863129305,0.12191145696073882,0.0
5411,1.0,0.05,0.00012612585832730457,7.10468604097845,0.007770264368789975,0.14495093575421228,0.0
5412,1.0,0.05,0.00012612585832730457,7.10468604097845,0.007770264368789975,0.14495093575421228,0.0
5413,1.0,0.05,0.00012612585832730457,6.3861498462048445,0.006311858580796816,0.14495093575421228,0.0
5414,1.0,0.05,0.00012612585832730457,6.3861498462048445,0.006311858580796816,0.14495093575421228,0.0
5415,1.0,0.05,0.00012612585832730457,6.3861498462048445,0.006311858580796816,0.16692364279288943,0.0
5416,1.0,0.05,0.00012177465466479803,3.2093124558341515,0.006311858580796816,0.16692364279288943,0.0
5417,1.0,0.05,0.00012177465466479803,3.2093124558341515,0.007300809171521958,0.16692364279288943,0.0
5418,1.0,0.05,0.00012177465466479803,3.2093124558341515,0.007300809171521958,0.16692364279288943,0.0
5419,1.0,0.05,0.00012177465466479803,3.2093124558341515,0.006893934634311732,0.17999516225541828,0.0
5420,1.0,0.05,0.00012177465466479803,3.2093124558341515,0.006893934634311732,0.17999516225541828,0.0
5421,1.0,0.05,0.00012177465466479803,3.2093124558341515,0.006893934634311732,0.17999516225541828,0.0
5422,1.0,0.05,0.00012177465466479803,3.2093124558341515,0.006893934634311732,0.17999516225541828,0.0
5423,1.0,0.05,0.00012425954642270997,3.2093124558341515,0.006893934634311732,0.19289894650372158,0.0
5424,1.0,0.05,0.00012425954642270997,3.2093124558341515,0.006893934634311732,0.10683515614052078,0.0
5425,1.0,0.05,0.00012425954642270997,3.2093124558341515,0.006893934634311732,0.10683515614052078,0.0
5426,1.0,0.05,0.00012425954642270997,3.2093124558341515,0.006893934634311732,0.10683515614052078,0.0
5427,1.0,0.05,0.00012425954642270997,15.159380363587545,0.006893934634311732,0.10683515614052078,0.0
5428,1.0,0.05,0.00012425954642270997,15.159380363587545,0.006893934634311732,0.10683515614052078,0.0
5429,1.0,0.05,0.00012425954642270997,15.159380363587545,0.006893934634311732,0.10683515614052078,0.0
5430,1.0,0.05,0.00012425954642270997,15.159380363587545,0.007241481262294982,0.10683515614052078,0.0
5431,1.0,0.05,0.00012425954642270997,15.159380363587545,0.007241481262294982,0.0971489616075549,0.0
5432,1.0,0.05,0.00012425954642270997,15.159380363587545,0.007241481262294982,0.0971489616075549,0.0
5433,1.0,0.05,0.00012425954642270997,15.159380363587545,0.007241481262294982,0.0971489616075549,0.0
5434,1.0,0.05,0.00012193487296184458,15.159380363587545,0.007241481262294982,0.0971489616075549,0.0
5435,1.0,0.05,0.00012193487296184458,15.159380363587545,0.007108782881923857,0.0971489616075549,0.0
5436,1.0,0.05,0.00012193487296184458,15.159380363587545,0.007108782881923857,0.0971489616075549,0.0
5437,1.0,0.05,0.00012193487296184458,15.159380363587545,0.007108782881923857,0.0971489616075549,0.0
5438,1.0,0.05,0.00012193487296184458,15.159380363587545,0.007108782881923857,0.0971489616075549,0.0
5439,1.0,0.05,0.00012193487296184458,15.159380363587545,0.007108782881923857,0.0971489616075549,0.0
5440,1.0,0.05,0.00012193487296184458,9.886980012922749,0.007108782881923857,0.0971489616075549,0.0
5441,1.0,0.05,0.00012193487296184458,9.886980012922749,0.007108782881923857,0.0971489616075549,0.0
5442,1.0,0.05,0.00012193487296184458,9.886980012922749,0.007108782881923857,0.0971489616075549,0.0
5443,1.0,0.05,0.00012193487296184458,9.886980012922749,0.007108782881923857,0.10215936528978514,0.0
5444,1.0,0.05,0.00012193487296184458,9.886980012922749,0.007108782881923857,0.10215936528978514,0.0
5445,1.0,0.05,0.00012193487296184458,9.886980012922749,0.007108782881923857,0.12145317727783975,0.0
5446,1.0,0.05,0.00012193487296184458,9.886980012922749,0.007108782881923857,0.12145317727783975,0.0
5447,1.0,0.05,0.00012193487296184458,9.886980012922749,0.007108782881923857,0.12145317727783975,0.0
5448,1.0,0.05,0.00012193487296184458,9.886980012922749,0.007108782881923857,0.12145317727783975,0.0
5449,1.0,0.05,0.00012193487296184458,9.886980012922749,0.007108782881923857,0.12145317727783975,0.0
5450,1.0,0.05,0.00012193487296184458,9.136185766806165,0.007108782881923857,0.12145317727783975,0.0
5451,1.0,0.05,0.00012193487296184458,10.06181576481913,0.007108782881923857,0.12145317727783975,0.0
5452,1.0,0.05,0.00012120010388590784,10.06181576481913,0.007108782881923857,0.12145317727783975,0.0
5453,1.0,0.05,0.00012120010388590784,10.06181576481913,0.006487929765690609,0.12145317727783975,0.0
5454,1.0,0.05,0.00012120010388590784,10.06181576481913,0.006487929765690609,0.12145317727783975,0.0
5455,1.0,0.05,0.00012120010388590784,10.06181576481913,0.006487929765690609,0.12145317727783975,0.0
5456,1.0,0.05,0.00012120010388590784,10.06181576481913,0.006487929765690609,0.12145317727783975,0.0
5457,1.0,0.05,0.00012120010388590784,10.06181576481913,0.006487929765690609,0.12145317727783975,0.0
5458,1.0,0.05,0.00012120010388590784,12.53549128379494,0.006487929765690609,0.12145317727783975,0.0
5459,1.0,0.05,0.00012120010388590784,12.53549128379494,0.006487929765690609,0.12145317727783975,0.0
5460,1.0,0.05,0.00012120010388590784,12.53549128379494,0.006487929765690609,0.12145317727783975,0.0
5461,1.0,0.05,0.00012120010388590784,12.53549128379494,0.006487929765690609,0.12145317727783975,0.0
5462,1.0,0.05,0.00012120010388590784,12.53549128379494,0.006487929765690609,0.12145317727783975,0.0
5463,1.0,0.05,0.00012120010388590784,12.53549128379494,0.006487929765690609,0.12145317727783975,0.0
5464,1.0,0.05,0.00012120010388590784,12.53549128379494,0.006487929765690609,0.12145317727783975,0.0
5465,1.0,0.05,0.00012120010388590784,12.53549128379494,0.006487929765690609,0.12145317727783975,0.0
5466,1.0,0.05,0.00011975996636142087,12.53549128379494,0.006487929765690609,0.12145317727783975,0.0
5467,1.0,0.05,0.00011975996636142087,12.53549128379494,0.006487929765690609,0.12673840634074737,0.0
5468,1.0,0.05,0.00011975996636142087,12.53549128379494,0.006487929765690609,0.12673840634074737,0.0
5469,1.0,0.05,0.00011975996636142087,12.53549128379494,0.006514134093110676,0.12673840634074737,0.0
5470,1.0,0.05,0.00011975996636142087,12.53549128379494,0.006514134093110676,0.12673840634074737,0.0
5471,1.0,0.05,0.00012387779466399159,12.53549128379494,0.006514134093110676,0.12673840634074737,0.0
5472,1.0,0.05,0.00012413089394990398,12.53549128379494,0.006514134093110676,0.12673840634074737,0.0
5473,1.0,0.05,0.00012413089394990398,12.53549128379494,0.006514134093110676,0.12673840634074737,0.0
5474,1.0,0.05,0.00012413089394990398,12.53549128379494,0.006657541854131516,0.12673840634074737,0.0
5475,1.0,0.05,0.00012413089394990398,12.53549128379494,0.006657541854131516,0.12673840634074737,0.0
5476,1.0,0.05,0.00012413089394990398,12.53549128379494,0.006657541854131516,0.09194230880965706,0.0
5477,1.0,0.05,0.00012413089394990398,12.53549128379494,0.006657541854131516,0.09194230880965706,0.0
5478,1.0,0.05,0.00012413089394990398,12.53549128379494,0.006657541854131516,0.09194230880965706,0.0
5479,1.0,0.05,0.00012413089394990398,12.53549128379494,0.006657541854131516,0.10654674016051371,0.0
5480,1.0,0.05,0.00012413089394990398,12.53549128379494,0.006657541854131516,0.10654674016051371,0.0
5481,1.0,0.05,0.00012413089394990398,12.53549128379494,0.006657541854131516,0.10654674016051371,0.0
5482,1.0,0.05,0.00012413089394990398,12.53549128379494,0.006657541854131516,0.10654674016051371,0.0
5483,1.0,0.05,0.00012413089394990398,12.53549128379494,0.006657541854131516,0.10654674016051371,0.0
5484,1.0,0.05,0.00012413089394990398,12.53549128379494,0.006657541854131516,0.10654674016051371,0.0
5485,1.0,0.05,0.00012413089394990398,12.53549128379494,0.006751918407195478,0.10654674016051371,0.0
5486,1.0,0.05,0.00012413089394990398,12.53549128379494,0.006751918407195478,0.10654674016051371,0.0
5487,1.0,0.05,0.00012413089394990398,12.53549128379494,0.006009685425641225,0.10654674016051371,0.0
5488,1.0,0.05,0.00012413089394990398,12.53549128379494,0.006009685425641225,0.1061836464792091,0.0
5489,1.0,0.05,0.0001253733845436777,7.380587594827759,0.005952466549047528,0.1061836464792091,0.0
5490,1.0,0.05,0.0001253733845436777,7.380587594827759,0.005909794911372613,0.1061836464792091,0.0
5491,1.0,0.05,0.0001253733845436777,7.380587594827759,0.005490844858348804,0.09318752960599459,0.0
5492,1.0,0.05,0.0001253733845436777,7.380587594827759,0.005490844858348804,0.09318752960599459,0.0
5493,1.0,0.05,0.0001253733845436777,7.380587594827759,0.005490844858348804,0.1412248605012907,0.0
5494,1.0,0.05,0.0001253733845436777,6.443747685734678,0.005490844858348804,0.1412248605012907,0.0
5495,1.0,0.05,0.0001253733845436777,6.639145485416847,0.005549121166013684,0.1412248605012907,0.0
5496,1.0,0.05,0.00012517738585412193,7.024492257123072,0.005549121166013684,0.12379867525746474,0.0
5497,1.0,0.05,0.00012517738585412193,7.024492257123072,0.005549121166013684,0.12379867525746474,0.0
5498,1.0,0.05,0.00012517738585412193,7.024492257123072,0.0066986446801205815,0.12379867525746474,0.0
5499,1.0,0.05,0.00012517738585412193,7.024492257123072,0.0066986446801205815,0.12379867525746474,0.0
5500,1.0,0.05,0.00012517738585412193,5.349456180186124,0.0066986446801205815,0.12379867525746474,0.0
5501,1.0,0.05,0.00012733544296434702,5.349456180186124,0.0066986446801205815,0.12379867525746474,0.0
5502,1.0,0.05,0.00012733544296434702,5.349456180186124,0.0066986446801205815,0.12379867525746474,0.0
5503,1.0,0.05,0.00012733544296434702,5.349456180186124,0.0066488042941134275,0.12379867525746474,0.0
5504,1.0,0.05,0.00012733544296434702,5.349456180186124,0.0066488042941134275,0.12379867525746474,0.0
5505,1.0,0.05,0.00012733544296434702,5.349456180186124,0.0066488042941134275,0.14186889474843523,0.0
5506,1.0,0.05,0.00012733544296434702,5.349456180186124,0.0066488042941134275,0.14186889474843523,0.0
5507,1.0,0.05,0.00012733544296434702,5.349456180186124,0.0066488042941134275,0.14186889474843523,0.0
5508,1.0,0.05,0.00012733544296434702,5.349456180186124,0.0066488042941134275,0.14186889474843523,0.0
5509,1.0,0.05,0.00012733544296434702,5.349456180186124,0.0066488042941134275,0.14186889474843523,0.0
5510,1.0,0.05,0.00012733544296434702,5.349456180186124,0.0066488042941134275,0.16972228440158055,0.0
5511,1.0,0.05,0.00012733544296434702,5.349456180186124,0.0066488042941134275,0.16972228440158055,0.0
5512,1.0,0.05,0.00012733544296434702,5.349456180186124,0.0066488042941134275,0.16972228440158055,0.0
5513,1.0,0.05,0.00012733544296434702,5.349456180186124,0.0066488042941134275,0.16972228440158055,0.0
5514,1.0,0.05,0.00012733544296434702,5.349456180186124,0.0066488042941134275,0.16972228440158055,0.0
5515,1.0,0.05,0.00012733544296434702,5.349456180186124,0.0066488042941134275,0.16972228440158055,0.0
5516,1.0,0.05,0.00011801352046555559,5.349456180186124,0.0066488042941134275,0.14041160814189713,0.0
5517,1.0,0.05,0.00013211895492463548,5.349456180186124,0.0066488042941134275,0.14041160814189713,0.0
5518,1.0,0.05,0.00013211895492463548,5.349456180186124,0.0066488042941134275,0.14041160814189713,0.0
5519,1.0,0.05,0.00013211895492463548,5.349456180186124,0.0066488042941134275,0.1364355676111191,0.0
5520,1.0,0.05,0.00013211895492463548,5.349456180186124,0.006217353618481978,0.1364355676111191,0.0
5521,1.0,0.05,0.00013211895492463548,5.349456180186124,0.006217353618481978,0.1364355676111191,0.0
5522,1.0,0.05,0.00013211895492463548,5.349456180186124,0.005787839700281127,0.1364355676111191,0.0
5523,1.0,0.05,0.00013211895492463548,5.349456180186124,0.005787839700281127,0.12709668726734077,0.0
5524,1.0,0.05,0.00013211895492463548,5.349456180186124,0.005787839700281127,0.12709668726734077,0.0
5525,1.0,0.05,0.00013211895492463548,5.349456180186124,0.005787839700281127,0.12709668726734077,0.0
5526,1.0,0.05,0.00013211895492463548,5.349456180186124,0.005787839700281127,0.12709668726734077,0.0
5527,1.0,0.05,0.0001332853596431652,5.349456180186124,0.005787839700281127,0.12709668726734077,0.0
5528,1.0,0.05,0.0001332853596431652,5.349456180186124,0.005787839700281127,0.12709668726734077,0.0
5529,1.0,0.05,0.0001332853596431652,5.349456180186124,0.005787839700281127,0.10766126792546757,0.0
5530,1.0,0.05,0.0001332853596431652,5.349456180186124,0.005787839700281127,0.11742527390696722,0.0
5531,1.0,0.05,0.0001332853596431652,5.349456180186124,0.005849103345667191,0.11742527390696722,0.0
5532,1.0,0.05,0.00012351188820281835,5.349456180186124,0.005849103345667191,0.11742527390696722,0.0
5533,1.0,0.05,0.00012351188820281835,5.349456180186124,0.006453758396661191,0.11742527390696722,0.0
5534,1.0,0.05,0.00012986538999799798,5.349456180186124,0.006453758396661191,0.11742527390696722,0.0
5535,1.0,0.05,0.00013149896006407177,5.349456180186124,0.006453758396661191,0.13670811866521687,0.0
5536,1.0,0.05,0.00013149896006407177,11.721771844193967,0.006000701257061914,0.12100500968763596,0.0
5537,1.0,0.05,0.00013149896006407177,11.721771844193967,0.006000701257061914,0.12100500968763596,0.0
5538,1.0,0.05,0.00013149896006407177,11.383346136920466,0.006000701257061914,0.11794794026137592,0.0
5539,1.0,0.05,0.00013149896006407177,11.383346136920466,0.006000701257061914,0.11794794026137592,0.0
5540,1.0,0.05,0.00013149896006407177,11.383346136920466,0.006000701257061914,0.11794794026137592,0.0
5541,1.0,0.05,0.00013149896006407177,11.383346136920466,0.006000701257061914,0.06968800948685004,0.0
5542,1.0,0.05,0.00013149896006407177,11.383346136920466,0.006000701257061914,0.06968800948685004,0.0
5543,1.0,0.05,0.00013149896006407177,11.383346136920466,0.006000701257061914,0.06968800948685004,0.0
5544,1.0,0.05,0.00013149896006407177,11.383346136920466,0.006000701257061914,0.07224281959300628,0.0
5545,1.0,0.05,0.00013149896006407177,11.383346136920466,0.006000701257061914,0.07224281959300628,0.0
5546,1.0,0.05,0.00013149896006407177,11.383346136920466,0.006000701257061914,0.07224281959300628,0.0
5547,1.0,0.05,0.00013149896006407177,11.383346136920466,0.0058371318710974006,0.10758943937797917,0.0
5548,1.0,0.05,0.00013373956052718176,6.261512811711327,0.0058371318710974006,0.10758943937797917,0.0
5549,1.0,0.05,0.00013373956052718176,6.261512811711327,0.0058371318710974006,0.10758943937797917,0.0
5550,1.0,0.05,0.0001314889302113213,6.261512811711327,0.0058371318710974006,0.10758943937797917,0.0
5551,1.0,0.05,0.0001314889302113213,6.261512811711327,0.0058371318710974006,0.10758943937797917,0.0
5552,1.0,0.05,0.0001314889302113213,9.658340058847955,0.0058371318710974006,0.10758943937797917,0.0
5553,1.0,0.05,0.0001314889302113213,9.658340058847955,0.0059658461088620655,0.10758943937797917,0.0
5554,1.0,0.05,0.0001314889302113213,9.658340058847955,0.0059658461088620655,0.10758943937797917,0.0
5555,1.0,0.05,0.0001314889302113213,9.658340058847955,0.0059658461088620655,0.10758943937797917,0.0
5556,1.0,0.05,0.0001314889302113213,9.658340058847955,0.0059658461088620655,0.10758943937797917,0.0
5557,1.0,0.05,0.0001314889302113213,9.658340058847955,0.006259318250014713,0.10758943937797917,0.0
5558,1.0,0.05,0.0001314889302113213,9.658340058847955,0.006259318250014713,0.10379153493405506,0.0
5559,1.0,0.05,0.00012873708103135315,9.658340058847955,0.006259318250014713,0.10379153493405506,0.0
5560,1.0,0.05,0.00012873708103135315,9.658340058847955,0.006259318250014713,0.10379153493405506,0.0
5561,1.0,0.05,0.00012873708103135315,9.658340058847955,0.005738970800604039,0.10379153493405506,0.0
5562,1.0,0.05,0.00012873708103135315,9.658340058847955,0.0056948762830907945,0.10379153493405506,0.0
5563,1.0,0.05,0.00012973417628512238,9.658340058847955,0.0056948762830907945,0.10379153493405506,0.0
5564,1.0,0.05,0.00012973417628512238,9.658340058847955,0.0056948762830907945,0.10379153493405506,0.0
5565,1.0,0.05,0.00012973417628512238,9.658340058847955,0.0056948762830907945,0.10379153493405506,0.0
5566,1.0,0.05,0.00012973417628512238,9.658340058847955,0.0056948762830907945,0.10379153493405506,0.0
5567,1.0,0.05,0.00012973417628512238,9.658340058847955,0.005757792893359753,0.10379153493405506,0.0
5568,1.0,0.05,0.00012946694849745794,9.658340058847955,0.005757792893359753,0.10379153493405506,0.0
5569,1.0,0.05,0.00012946694849745794,9.658340058847955,0.005757792893359753,0.10379153493405506,0.0
5570,1.0,0.05,0.00012946694849745794,6.9744096580257775,0.005757792893359753,0.10617286784588788,0.0
5571,1.0,0.05,0.00012946694849745794,6.9744096580257775,0.005757792893359753,0.10617286784588788,0.0
5572,1.0,0.05,0.00012946694849745794,6.9744096580257775,0.005757792893359753,0.10617286784588788,0.0
5573,1.0,0.05,0.00012946694849745794,6.9744096580257775,0.005757792893359753,0.10617286784588788,0.0
5574,1.0,0.05,0.00012946694849745794,6.9744096580257775,0.005757792893359753,0.10617286784588788,0.0
5575,1.0,0.05,0.00012946694849745794,6.9744096580257775,0.005755875235351394,0.1223237578050766,0.0
5576,1.0,0.05,0.00012946694849745794,6.9744096580257775,0.005755875235351394,0.1223237578050766,0.0
5577,1.0,0.05,0.00012946694849745794,6.9744096580257775,0.005755875235351394,0.1223237578050766,0.0
5578,1.0,0.05,0.00012946694849745794,6.9744096580257775,0.005755875235351394,0.1223237578050766,0.0
5579,1.0,0.05,0.00012946694849745794,6.9744096580257775,0.005755875235351394,0.1223237578050766,0.0
5580,1.0,0.05,0.00012946694849745794,6.9744096580257775,0.005755875235351394,0.11466387078914309,0.0
5581,1.0,0.05,0.00011935974238043749,6.9744096580257775,0.006351289974388411,0.11466387078914309,0.0
5582,1.0,0.05,0.00011935974238043749,6.9744096580257775,0.006351289974388411,0.11466387078914309,0.0
5583,1.0,0.05,0.00011935974238043749,6.9744096580257775,0.006351289974388411,0.11466387078914309,0.0
5584,1.0,0.05,0.00011935974238043749,6.9744096580257775,0.006351289974388411,0.11466387078914309,0.0
5585,1.0,0.05,0.00011935974238043749,6.9744096580257775,0.006208551053760133,0.15939483019922385,0.0
5586,1.0,0.05,0.00011935974238043749,6.9744096580257775,0.006208551053760133,0.15939483019922385,0.0
5587,1.0,0.05,0.00012646889184958195,6.9744096580257775,0.006208551053760133,0.15939483019922385,0.0
5588,1.0,0.05,0.00012646889184958195,6.9744096580257775,0.006417426792684643,0.13889959822230766,0.0
5589,1.0,0.05,0.00012646889184958195,6.9744096580257775,0.006417426792684643,0.13889959822230766,0.0
5590,1.0,0.05,0.00012646889184958195,6.9744096580257775,0.006417426792684643,0.13889959822230766,0.0
5591,1.0,0.05,0.00012646889184958195,6.9744096580257775,0.006417426792684643,0.13889959822230766,0.0
5592,1.0,0.05,0.00012646889184958195,6.9744096580257775,0.0063797241927258256,0.13889959822230766,0.0
5593,1.0,0.05,0.00012646889184958195,6.9744096580257775,0.0074789533411024605,0.13889959822230766,0.0
5594,1.0,0.05,0.00012646889184958195,6.9744096580257775,0.0074789533411024605,0.13889959822230766,0.0
5595,1.0,0.05,0.00012646889184958195,6.9744096580257775,0.0074789533411024605,0.13889959822230766,0.0
5596,1.0,0.05,0.00012646889184958195,6.9744096580257775,0.00743170176094516,0.13889959822230766,0.0
5597,1.0,0.05,0.00012646889184958195,9.248649408660796,0.00743170176094516,0.12795912838105333,0.0
5598,1.0,0.05,0.00012646889184958195,9.248649408660796,0.005598504865033601,0.12179835192534356,0.0
5599,1.0,0.05,0.00012646889184958195,9.248649408660796,0.0062325908918244985,0.12179835192534356,0.0
5600,1.0,0.05,0.00012646889184958195,9.248649408660796,0.0062325908918244985,0.1202637821679336,0.0
5601,1.0,0.05,0.00012646889184958195,9.248649408660796,0.0062325908918244985,0.1202637821679336,0.0
5602,1.0,0.05,0.00012646889184958195,9.248649408660796,0.0062325908918244985,0.1202637821679336,0.0
5603,1.0,0.05,0.00012646889184958195,9.248649408660796,0.0062325908918244985,0.11681991693523484,0.0
5604,1.0,0.05,0.00012646889184958195,9.248649408660796,0.00566166187258702,0.11383350187328858,0.0
5605,1.0,0.05,0.00012646889184958195,9.248649408660796,0.006281381332993902,0.08940997209010719,0.0
5606,1.0,0.05,0.00012646889184958195,9.248649408660796,0.006281381332993902,0.08940997209010719,0.0
5607,1.0,0.05,0.00012658759100109835,9.248649408660796,0.006554026741569448,0.08940997209010719,0.0
5608,1.0,0.05,0.00012658759100109835,9.248649408660796,0.006554026741569448,0.10594744105204293,0.0
5609,1.0,0.05,0.00012658759100109835,9.248649408660796,0.006389298998925361,0.10594744105204293,0.0
5610,1.0,0.05,0.00012658759100109835,9.248649408660796,0.006389298998925361,0.12883995290671302,0.0
5611,1.0,0.05,0.00012658759100109835,9.248649408660796,0.006389298998925361,0.12883995290671302,0.0
5612,1.0,0.05,0.00012658759100109835,9.248649408660796,0.006389298998925361,0.12883995290671302,0.0
5613,1.0,0.05,0.00012658759100109835,9.248649408660796,0.006389298998925361,0.12883995290671302,0.0
5614,1.0,0.05,0.00012658759100109835,9.248649408660796,0.006389298998925361,0.12883995290671302,0.0
5615,1.0,0.05,0.00012658759100109835,9.248649408660796,0.006389298998925361,0.12883995290671302,0.0
5616,1.0,0.05,0.00012658759100109835,9.248649408660796,0.006389298998925361,0.12883995290671302,0.0
5617,1.0,0.05,0.00012658759100109835,9.248649408660796,0.006389298998925361,0.12883995290671302,0.0
5618,1.0,0.05,0.00012658759100109835,9.248649408660796,0.006389298998925361,0.12883995290671302,0.0
5619,1.0,0.05,0.00012658759100109835,9.248649408660796,0.006216408571550507,0.12883995290671302,0.0
5620,1.0,0.05,0.00012658759100109835,9.248649408660796,0.006216408571550507,0.1174287247610601,0.0
5621,1.0,0.05,0.00012658759100109835,9.248649408660796,0.006216408571550507,0.1174287247610601,0.0
5622,1.0,0.05,0.00012658759100109835,9.248649408660796,0.006216408571550507,0.1174287247610601,0.0
5623,1.0,0.05,0.00012658759100109835,9.248649408660796,0.006216408571550507,0.1174287247610601,0.0
5624,1.0,0.05,0.00012658759100109835,9.248649408660796,0.006216408571550507,0.11644497951390927,0.0
5625,1.0,0.05,0.00012658759100109835,9.248649408660796,0.006216408571550507,0.12460314144320181,0.0
5626,1.0,0.05,0.00012658759100109835,9.248649408660796,0.006418429796018088,0.12460314144320181,0.0
5627,1.0,0.05,0.00012658759100109835,9.248649408660796,0.006418429796018088,0.12460314144320181,0.0
5628,1.0,0.05,0.00012658759100109835,9.248649408660796,0.006418429796018088,0.12460314144320181,0.0
5629,1.0,0.05,0.00012658759100109835,9.248649408660796,0.006418429796018088,0.12460314144320181,0.0
5630,1.0,0.05,0.00012658759100109835,9.248649408660796,0.006418429796018088,0.12460314144320181,0.0
5631,1.0,0.05,0.00012732101026427238,9.248649408660796,0.006418429796018088,0.12460314144320181,0.0
5632,1.0,0.05,0.00012732101026427238,9.248649408660796,0.006418429796018088,0.12460314144320181,0.0
5633,1.0,0.05,0.00012732101026427238,9.248649408660796,0.006418429796018088,0.12460314144320181,0.0
5634,1.0,0.05,0.00012732101026427238,9.248649408660796,0.006418429796018088,0.12460314144320181,0.0
5635,1.0,0.05,0.00012732101026427238,9.248649408660796,0.007104033136565808,0.1377676699644815,0.0
5636,1.0,0.05,0.00012732101026427238,9.248649408660796,0.007104033136565808,0.1377676699644815,0.0
5637,1.0,0.05,0.00012732101026427238,9.248649408660796,0.007104033136565808,0.1377676699644815,0.0
5638,1.0,0.05,0.00012732101026427238,9.248649408660796,0.007104033136565808,0.1377676699644815,0.0
5639,1.0,0.05,0.00012732101026427238,9.248649408660796,0.007104033136565808,0.1377676699644815,0.0
5640,1.0,0.05,0.00012732101026427238,9.248649408660796,0.007104033136565808,0.1377676699644815,0.0
5641,1.0,0.05,0.00012732101026427238,9.248649408660796,0.007104033136565808,0.1413702476260811,0.0
5642,1.0,0.05,0.00012732101026427238,9.248649408660796,0.007302203784364448,0.1413702476260811,0.0
5643,1.0,0.05,0.00012732101026427238,9.248649408660796,0.007302203784364448,0.1413702476260811,0.0
5644,1.0,0.05,0.00012732101026427238,5.616048297309689,0.007302203784364448,0.1413702476260811,0.0
5645,1.0,0.05,0.00012732101026427238,5.616048297309689,0.007302203784364448,0.1413702476260811,0.0
5646,1.0,0.05,0.00012732101026427238,5.616048297309689,0.007302203784364448,0.1413702476260811,0.0
5647,1.0,0.05,0.00012732101026427238,5.616048297309689,0.007209561984618732,0.1521994078088285,0.0
5648,1.0,0.05,0.0001305484682231057,5.616048297309689,0.007209561984618732,0.1521994078088285,0.0
5649,1.0,0.05,0.0001305484682231057,5.616048297309689,0.007209561984618732,0.1521994078088285,0.0
5650,1.0,0.05,0.0001305484682231057,5.616048297309689,0.007209561984618732,0.1521994078088285,0.0
5651,1.0,0.05,0.0001305484682231057,5.616048297309689,0.00535697663395041,0.1521994078088285,0.0
5652,1.0,0.05,0.0001308557105344595,5.616048297309689,0.00535697663395041,0.1521994078088285,0.0
5653,1.0,0.05,0.0001308557105344595,5.616048297309689,0.00535697663395041,0.09761164023324473,0.0
5654,1.0,0.05,0.0001308557105344595,5.616048297309689,0.00535697663395041,0.09761164023324473,0.0
5655,1.0,0.05,0.0001308557105344595,5.616048297309689,0.006488908534274514,0.09761164023324473,0.0
5656,1.0,0.05,0.0001308557105344595,5.616048297309689,0.006488908534274514,0.1137969747177536,0.0
5657,1.0,0.05,0.00012849134258289678,5.616048297309689,0.006488908534274514,0.1137969747177536,0.0
5658,1.0,0.05,0.00012849134258289678,5.616048297309689,0.006488908534274514,0.1137969747177536,0.0
5659,1.0,0.05,0.00013100927425327896,5.616048297309689,0.005806596358640575,0.1347770559617662,0.0
5660,1.0,0.05,0.00013100927425327896,7.973372224105361,0.005806596358640575,0.1347770559617662,0.0
5661,1.0,0.05,0.00013100927425327896,7.973372224105361,0.005806596358640575,0.1347770559617662,0.0
5662,1.0,0.05,0.00013100927425327896,7.973372224105361,0.005806596358640575,0.1347770559617662,0.0
5663,1.0,0.05,0.00013100927425327896,7.973372224105361,0.005806596358640575,0.1347770559617662,0.0
5664,1.0,0.05,0.00013100927425327896,7.973372224105361,0.005806596358640575,0.0867590996970903,0.0
5665,1.0,0.05,0.00013100927425327896,7.973372224105361,0.005806596358640575,0.12831342817377794,0.0
5666,1.0,0.05,0.00013100927425327896,7.973372224105361,0.005806596358640575,0.12831342817377794,0.0
5667,1.0,0.05,0.00013100927425327896,7.973372224105361,0.005806596358640575,0.12831342817377794,0.0
5668,1.0,0.05,0.00013100927425327896,5.875414997629889,0.005806596358640575,0.12831342817377794,0.0
5669,1.0,0.05,0.00013100927425327896,5.875414997629889,0.005806596358640575,0.12831342817377794,0.0
5670,1.0,0.05,0.00013100927425327896,5.875414997629889,0.005806596358640575,0.12831342817377794,0.0
5671,1.0,0.05,0.00013100927425327896,5.875414997629889,0.005806596358640575,0.12831342817377794,0.0
5672,1.0,0.05,0.00013100927425327896,5.875414997629889,0.005806596358640575,0.12831342817377794,0.0
5673,1.0,0.05,0.00013100927425327896,10.190192631085338,0.005806596358640575,0.12831342817377794,0.0
5674,1.0,0.05,0.0001294939288234978,10.190192631085338,0.005806596358640575,0.12831342817377794,0.0
5675,1.0,0.05,0.0001294939288234978,10.136945408539958,0.005806596358640575,0.09713425737287043,0.0
5676,1.0,0.05,0.0001294939288234978,10.136945408539958,0.005806596358640575,0.10179008145063564,0.0
5677,1.0,0.05,0.0001294939288234978,10.136945408539958,0.005806596358640575,0.10179008145063564,0.0
5678,1.0,0.05,0.0001294939288234978,10.136945408539958,0.0057763814473301665,0.10964281147495368,0.0
5679,1.0,0.05,0.0001294939288234978,10.136945408539958,0.0057763814473301665,0.10964281147495368,0.0
5680,1.0,0.05,0.0001294939288234978,10.136945408539958,0.0057763814473301665,0.11336487480025838,0.0
5681,1.0,0.05,0.0001294939288234978,10.136945408539958,0.0057763814473301665,0.11336487480025838,0.0
5682,1.0,0.05,0.0001294939288234978,5.367734969159372,0.0057763814473301665,0.11336487480025838,0.0
5683,1.0,0.05,0.0001325778530117693,5.367734969159372,0.0057763814473301665,0.11336487480025838,0.0
5684,1.0,0.05,0.0001325778530117693,5.367734969159372,0.0057763814473301665,0.11336487480025838,0.0
5685,1.0,0.05,0.0001325778530117693,5.367734969159372,0.0057763814473301665,0.10282143548206474,0.0
5686,1.0,0.05,0.0001325778530117693,5.367734969159372,0.0057763814473301665,0.11702548349603299,0.0
5687,1.0,0.05,0.0001325778530117693,5.367734969159372,0.0057763814473301665,0.11702548349603299,0.0
5688,1.0,0.05,0.0001325778530117693,5.367734969159372,0.0057763814473301665,0.11551338221974078,0.0
5689,1.0,0.05,0.0001325778530117693,5.367734969159372,0.0057763814473301665,0.11551338221974078,0.0
5690,1.0,0.05,0.0001325778530117693,5.367734969159372,0.0057763814473301665,0.09932761179289316,0.0
5691,1.0,0.05,0.0001325778530117693,5.367734969159372,0.0057763814473301665,0.09932761179289316,0.0
5692,1.0,0.05,0.0001325778530117693,5.367734969159372,0.0057763814473301665,0.09932761179289316,0.0
5693,1.0,0.05,0.0001325778530117693,5.367734969159372,0.005495710249187619,0.10054740089753018,0.0
5694,1.0,0.05,0.0001325778530117693,11.904058705632579,0.005495710249187619,0.10054740089753018,0.0
5695,1.0,0.05,0.0001325778530117693,11.904058705632579,0.005495710249187619,0.10054740089753018,0.0
5696,1.0,0.05,0.0001325778530117693,11.904058705632579,0.006037719196334808,0.08113358511239019,0.0
5697,1.0,0.05,0.0001325778530117693,11.904058705632579,0.006037719196334808,0.08113358511239019,0.0
5698,1.0,0.05,0.0001325778530117693,11.904058705632579,0.006037719196334808,0.08576621935233533,0.0
5699,1.0,0.05,0.0001325778530117693,11.044519299505964,0.006037719196334808,0.08576621935233533,0.0
5700,1.0,0.05,0.0001325778530117693,10.58903498082951,0.005720087187115678,0.08576621935233533,0.0
5701,1.0,0.05,0.0001325778530117693,10.58903498082951,0.005720087187115678,0.08576621935233533,0.0
5702,1.0,0.05,0.0001325778530117693,10.58903498082951,0.005720087187115678,0.08576621935233533,0.0
5703,1.0,0.05,0.0001325778530117693,10.58903498082951,0.005720087187115678,0.08576621935233533,0.0
5704,1.0,0.05,0.0001325778530117693,10.58903498082951,0.005720087187115678,0.11166336827296423,0.0
5705,1.0,0.05,0.0001325778530117693,10.58903498082951,0.0056627233313111995,0.11166336827296423,0.0
5706,1.0,0.05,0.0001325778530117693,10.58903498082951,0.0056627233313111995,0.11166336827296423,0.0
5707,1.0,0.05,0.0001325778530117693,10.58903498082951,0.0056627233313111995,0.11166336827296423,0.0
5708,1.0,0.05,0.0001325778530117693,10.58903498082951,0.006088137727996682,0.11166336827296423,0.0
5709,1.0,0.05,0.0001325778530117693,10.58903498082951,0.006088137727996682,0.11166336827296423,0.0
5710,1.0,0.05,0.0001325778530117693,10.58903498082951,0.006088137727996682,0.11166336827296423,0.0
5711,1.0,0.05,0.0001325778530117693,10.58903498082951,0.006088137727996682,0.11166336827296423,0.0
5712,1.0,0.05,0.0001325778530117693,10.58903498082951,0.006088137727996682,0.11166336827296423,0.0
5713,1.0,0.05,0.0001325778530117693,10.58903498082951,0.006088137727996682,0.11166336827296423,0.0
5714,1.0,0.05,0.0001325778530117693,10.58903498082951,0.006088137727996682,0.11166336827296423,0.0
5715,1.0,0.05,0.00011948224826667197,10.58903498082951,0.006088137727996682,0.11166336827296423,0.0
5716,1.0,0.05,0.00011948224826667197,10.58903498082951,0.006088137727996682,0.11166336827296423,0.0
5717,1.0,0.05,0.00011948224826667197,10.58903498082951,0.006088137727996682,0.11166336827296423,0.0
5718,1.0,0.05,0.0001268218435216385,11.612177507764201,0.006088137727996682,0.11166336827296423,0.0
5719,1.0,0.05,0.0001268218435216385,11.612177507764201,0.006088137727996682,0.09425131773559181,0.0
5720,1.0,0.05,0.0001268218435216385,11.612177507764201,0.006088137727996682,0.09425131773559181,0.0
5721,1.0,0.05,0.0001268218435216385,11.612177507764201,0.006088137727996682,0.09425131773559181,0.0
5722,1.0,0.05,0.0001268218435216385,11.612177507764201,0.006088137727996682,0.09425131773559181,0.0
5723,1.0,0.05,0.0001268218435216385,11.612177507764201,0.006088137727996682,0.09425131773559181,0.0
5724,1.0,0.05,0.0001268218435216385,11.612177507764201,0.006088137727996682,0.09425131773559181,0.0
5725,1.0,0.05,0.0001268218435216385,11.612177507764201,0.006088137727996682,0.09425131773559181,0.0
5726,1.0,0.05,0.0001268218435216385,10.64113907083923,0.006266841328742629,0.09425131773559181,0.0
5727,1.0,0.05,0.0001268218435216385,10.64113907083923,0.006266841328742629,0.09425131773559181,0.0
5728,1.0,0.05,0.0001268218435216385,10.64113907083923,0.006266841328742629,0.09425131773559181,0.0
5729,1.0,0.05,0.0001268218435216385,10.64113907083923,0.006266841328742629,0.1182585607756778,0.0
5730,1.0,0.05,0.0001268218435216385,10.64113907083923,0.006266841328742629,0.10434140600270109,0.0
5731,1.0,0.05,0.0001268218435216385,10.64113907083923,0.006483329721108233,0.10434140600270109,0.0
5732,1.0,0.05,0.0001268218435216385,10.64113907083923,0.005711713803411991,0.10434140600270109,0.0
5733,1.0,0.05,0.0001268218435216385,10.64113907083923,0.007080199391450519,0.10434140600270109,0.0
5734,1.0,0.05,0.0001268218435216385,10.64113907083923,0.007080199391450519,0.10434140600270109,0.0
5735,1.0,0.05,0.0001268218435216385,10.64113907083923,0.007080199391450519,0.10434140600270109,0.0
5736,1.0,0.05,0.00012114458026227253,10.64113907083923,0.006411030539828365,0.14125954846487287,0.0
5737,1.0,0.05,0.00012114458026227253,10.64113907083923,0.006411030539828365,0.14125954846487287,0.0
5738,1.0,0.05,0.00012114458026227253,10.64113907083923,0.006593557187205072,0.14937835077631978,0.0
5739,1.0,0.05,0.00012114458026227253,7.262166071220506,0.007628367869023194,0.14937835077631978,0.0
5740,1.0,0.05,0.00012114458026227253,7.262166071220506,0.007628367869023194,0.14937835077631978,0.0
5741,1.0,0.05,0.00012114458026227253,7.262166071220506,0.007141994078015251,0.16734063971993612,0.0
5742,1.0,0.05,0.00012114458026227253,7.262166071220506,0.0063911342683886435,0.16634458488099296,0.0
5743,1.0,0.05,0.0001224854645877714,7.262166071220506,0.0063911342683886435,0.16634458488099296,0.0
5744,1.0,0.05,0.0001224854645877714,8.757981027056871,0.0063911342683886435,0.16634458488099296,0.0
5745,1.0,0.05,0.0001224854645877714,8.757981027056871,0.0063911342683886435,0.09817451643703481,0.0
5746,1.0,0.05,0.0001224854645877714,8.757981027056871,0.0063911342683886435,0.11721450357237864,0.0
5747,1.0,0.05,0.0001224854645877714,8.757981027056871,0.0063911342683886435,0.14779078100939702,0.0
5748,1.0,0.05,0.0001194481537890302,8.757981027056871,0.0063911342683886435,0.15136070153066614,0.0
5749,1.0,0.05,0.0001194481537890302,8.757981027056871,0.0063911342683886435,0.15136070153066614,0.0
5750,1.0,0.05,0.0001194481537890302,8.757981027056871,0.006771706079336011,0.15136070153066614,0.0
5751,1.0,0.05,0.0001194481537890302,8.757981027056871,0.006771706079336011,0.15136070153066614,0.0
5752,1.0,0.05,0.0001194481537890302,8.757981027056871,0.006771706079336011,0.15136070153066614,0.0
5753,1.0,0.05,0.0001194481537890302,8.757981027056871,0.006771706079336011,0.15136070153066614,0.0
5754,1.0,0.05,0.0001194481537890302,8.757981027056871,0.006729850561311339,0.15136070153066614,0.0
5755,1.0,0.05,0.0001194481537890302,8.757981027056871,0.006729850561311339,0.15136070153066614,0.0
5756,1.0,0.05,0.00012255252215245677,8.757981027056871,0.006729850561311339,0.15136070153066614,0.0
5757,1.0,0.05,0.00012255252215245677,8.757981027056871,0.006729850561311339,0.15136070153066614,0.0
5758,1.0,0.05,0.00012255252215245677,8.757981027056871,0.006729850561311339,0.15136070153066614,0.0
5759,1.0,0.05,0.00012092024895719319,8.757981027056871,0.006729850561311339,0.15136070153066614,0.0
5760,1.0,0.05,0.00012092024895719319,8.757981027056871,0.006729850561311339,0.15136070153066614,0.0
5761,1.0,0.05,0.00012092024895719319,8.757981027056871,0.006729850561311339,0.15136070153066614,0.0
5762,1.0,0.05,0.00012092024895719319,8.757981027056871,0.006298194419985106,0.15136070153066614,0.0
5763,1.0,0.05,0.00012092024895719319,8.757981027056871,0.006298194419985106,0.15136070153066614,0.0
5764,1.0,0.05,0.00012092024895719319,8.757981027056871,0.005670910550343362,0.15136070153066614,0.0
5765,1.0,0.05,0.00012092024895719319,8.757981027056871,0.005670910550343362,0.15136070153066614,0.0
5766,1.0,0.05,0.00012092024895719319,8.757981027056871,0.00825039776562033,0.15136070153066614,0.0
5767,1.0,0.05,0.00012092024895719319,8.757981027056871,0.00825039776562033,0.1748411696981459,0.0
5768,1.0,0.05,0.00012092024895719319,8.757981027056871,0.00825039776562033,0.1748411696981459,0.0
5769,1.0,0.05,0.00012092024895719319,8.757981027056871,0.00825039776562033,0.1748411696981459,0.0
5770,1.0,0.05,0.00012092024895719319,8.757981027056871,0.00774808415443146,0.1748411696981459,0.0
5771,1.0,0.05,0.00012092024895719319,8.757981027056871,0.00774808415443146,0.1748411696981459,0.0
5772,1.0,0.05,0.00012092024895719319,8.757981027056871,0.00774808415443146,0.13110757092974817,0.0
5773,1.0,0.05,0.00012092024895719319,8.757981027056871,0.0066588281293515905,0.13110757092974817,0.0
5774,1.0,0.05,0.00012092024895719319,8.757981027056871,0.007308392141614511,0.12760979179973925,0.0
5775,1.0,0.05,0.00012092024895719319,8.757981027056871,0.007308392141614511,0.12760979179973925,0.0
5776,1.0,0.05,0.00012092024895719319,8.757981027056871,0.007154442937316831,0.12760979179973925,0.0
5777,1.0,0.05,0.00012092024895719319,8.757981027056871,0.007154442937316831,0.12760979179973925,0.0
5778,1.0,0.05,0.00012092024895719319,8.757981027056871,0.007154442937316831,0.13064128682135623,0.0
5779,1.0,0.05,0.00012092024895719319,8.757981027056871,0.007763365272824747,0.13064128682135623,0.0
5780,1.0,0.05,0.00012092024895719319,8.757981027056871,0.007763365272824747,0.13064128682135623,0.0
5781,1.0,0.05,0.00012092024895719319,8.757981027056871,0.007763365272824747,0.13064128682135623,0.0
5782,1.0,0.05,0.00012092024895719319,8.757981027056871,0.007858153109008519,0.13064128682135623,0.0
5783,1.0,0.05,0.00012092024895719319,8.757981027056871,0.007858153109008519,0.13064128682135623,0.0
5784,1.0,0.05,0.00012092024895719319,11.96219591850749,0.007858153109008519,0.13064128682135623,0.0
5785,1.0,0.05,0.00012092024895719319,11.96219591850749,0.007858153109008519,0.13064128682135623,0.0
5786,1.0,0.05,0.00012092024895719319,11.96219591850749,0.007858153109008519,0.13064128682135623,0.0
5787,1.0,0.05,0.00011312389601354066,11.96219591850749,0.007858153109008519,0.13064128682135623,0.0
5788,1.0,0.05,0.00011312389601354066,11.96219591850749,0.007858153109008519,0.13064128682135623,0.0
5789,1.0,0.05,0.00011312389601354066,11.96219591850749,0.007858153109008519,0.13691477665362256,0.0
5790,1.0,0.05,0.00011312389601354066,11.96219591850749,0.007858153109008519,0.13691477665362256,0.0
5791,1.0,0.05,0.00011312389601354066,11.96219591850749,0.007858153109008519,0.13691477665362256,0.0
5792,1.0,0.05,0.00011312389601354066,11.96219591850749,0.007916353825177462,0.13691477665362256,0.0
5793,1.0,0.05,0.00011312389601354066,11.96219591850749,0.007916353825177462,0.13691477665362256,0.0
5794,1.0,0.05,0.00011312389601354066,11.96219591850749,0.007916353825177462,0.13691477665362256,0.0
5795,1.0,0.05,0.00011312389601354066,11.96219591850749,0.007916353825177462,0.13691477665362256,0.0
5796,1.0,0.05,0.00011312389601354066,11.96219591850749,0.007916353825177462,0.16878536460202231,0.0
5797,1.0,0.05,0.00011312389601354066,8.435724378825967,0.007916353825177462,0.16878536460202231,0.0
5798,1.0,0.05,0.00011312389601354066,10.659050111717775,0.007916353825177462,0.16878536460202231,0.0
5799,1.0,0.05,0.00011312389601354066,10.659050111717775,0.007916353825177462,0.16878536460202231,0.0
5800,1.0,0.05,0.00011312389601354066,10.659050111717775,0.007916353825177462,0.16878536460202231,0.0
5801,1.0,0.05,0.00011312389601354066,10.659050111717775,0.008318391587751913,0.16878536460202231,0.0
5802,1.0,0.05,0.00011312389601354066,10.659050111717775,0.008318391587751913,0.16878536460202231,0.0
5803,1.0,0.05,0.00011312389601354066,10.659050111717775,0.007477926172210225,0.16878536460202231,0.0
5804,1.0,0.05,0.00011312389601354066,10.659050111717775,0.007477926172210225,0.16878536460202231,0.0
5805,1.0,0.05,0.00011312389601354066,10.659050111717775,0.007477926172210225,0.16878536460202231,0.0
5806,1.0,0.05,0.00011312389601354066,10.659050111717775,0.007477926172210225,0.16878536460202231,0.0
5807,1.0,0.05,0.00011312389601354066,11.394889215063557,0.007477926172210225,0.16878536460202231,0.0
5808,1.0,0.05,0.00011312389601354066,11.394889215063557,0.007477926172210225,0.16878536460202231,0.0
5809,1.0,0.05,0.00011312389601354066,11.394889215063557,0.007477926172210225,0.16878536460202231,0.0
5810,1.0,0.05,0.00011312389601354066,11.394889215063557,0.008531762874403272,0.16878536460202231,0.0
5811,1.0,0.05,0.00011312389601354066,11.394889215063557,0.008531762874403272,0.16878536460202231,0.0
5812,1.0,0.05,0.00011312389601354066,17.242198908055315,0.008531762874403272,0.16878536460202231,0.0
5813,1.0,0.05,0.00011312389601354066,17.242198908055315,0.008531762874403272,0.16878536460202231,0.0
5814,1.0,0.05,0.00011312389601354066,17.242198908055315,0.008531762874403272,0.16878536460202231,0.0
5815,1.0,0.05,0.00011312389601354066,13.487158324564746,0.008531762874403272,0.16878536460202231,0.0
5816,1.0,0.05,0.00011312389601354066,16.349561727610975,0.008531762874403272,0.16878536460202231,0.0
5817,1.0,0.05,0.00011312389601354066,8.854224483094313,0.008531762874403272,0.16878536460202231,0.0
5818,1.0,0.05,0.000118071729660615,8.854224483094313,0.008531762874403272,0.16878536460202231,0.0
5819,1.0,0.05,0.000118071729660615,10.340821046420174,0.008531762874403272,0.16878536460202231,0.0
5820,1.0,0.05,0.000118071729660615,10.340821046420174,0.008531762874403272,0.17781591230572252,0.0
5821,1.0,0.05,0.000118071729660615,3.234320884723644,0.00691378138342903,0.17781591230572252,0.0
5822,1.0,0.05,0.000118071729660615,3.234320884723644,0.00691378138342903,0.17781591230572252,0.0
5823,1.0,0.05,0.000118071729660615,3.234320884723644,0.00691378138342903,0.17781591230572252,0.0
5824,1.0,0.05,0.000118071729660615,6.437496166243932,0.006247080038366735,0.17781591230572252,0.0
5825,1.0,0.05,0.000118071729660615,6.437496166243932,0.006247080038366735,0.15973831061425206,0.0
5826,1.0,0.05,0.000118071729660615,6.437496166243932,0.006247080038366735,0.15973831061425206,0.0
5827,1.0,0.05,0.000118071729660615,6.437496166243932,0.007045393160797452,0.15973831061425206,0.0
5828,1.0,0.05,0.000118071729660615,12.32102792340406,0.007045393160797452,0.15973831061425206,0.0
5829,1.0,0.05,0.000118071729660615,12.32102792340406,0.007045393160797452,0.15973831061425206,0.0
5830,1.0,0.05,0.000118071729660615,12.32102792340406,0.007045393160797452,0.15973831061425206,0.0
5831,1.0,0.05,0.000118071729660615,12.32102792340406,0.006937701497981362,0.15973831061425206,0.0
5832,1.0,0.05,0.000118071729660615,12.32102792340406,0.006937701497981362,0.15973831061425206,0.0
5833,1.0,0.05,0.000118071729660615,12.32102792340406,0.006937701497981362,0.15973831061425206,0.0
5834,1.0,0.05,0.000118071729660615,11.898868934226002,0.006937701497981362,0.15973831061425206,0.0
5835,1.0,0.05,0.000118071729660615,10.725210962044969,0.007042534555958095,0.15973831061425206,0.0
5836,1.0,0.05,0.00012096458480952958,10.725210962044969,0.007042534555958095,0.15973831061425206,0.0
5837,1.0,0.05,0.00012096458480952958,10.725210962044969,0.007042534555958095,0.15973831061425206,0.0
5838,1.0,0.05,0.00012096458480952958,10.725210962044969,0.007042534555958095,0.12271261458150322,0.0
5839,1.0,0.05,0.00012096458480952958,10.725210962044969,0.007042534555958095,0.12271261458150322,0.0
5840,1.0,0.05,0.00012096458480952958,10.725210962044969,0.007042534555958095,0.12271261458150322,0.0
5841,1.0,0.05,0.00012096458480952958,10.725210962044969,0.007042534555958095,0.12271261458150322,0.0
5842,1.0,0.05,0.00012096458480952958,10.725210962044969,0.007042534555958095,0.13597855129686842,0.0
5843,1.0,0.05,0.00012096458480952958,10.725210962044969,0.007042534555958095,0.13597855129686842,0.0
5844,1.0,0.05,0.00012096458480952958,10.725210962044969,0.007042534555958095,0.13597855129686842,0.0
5845,1.0,0.05,0.00012096458480952958,10.725210962044969,0.006915817292692183,0.13597855129686842,0.0
5846,1.0,0.05,0.00012096458480952958,10.725210962044969,0.006915817292692183,0.13597855129686842,0.0
5847,1.0,0.05,0.00012096458480952958,10.725210962044969,0.006915817292692183,0.13597855129686842,0.0
5848,1.0,0.05,0.00012096458480952958,10.725210962044969,0.006915817292692183,0.13597855129686842,0.0
5849,1.0,0.05,0.00012096458480952958,10.725210962044969,0.006915817292692183,0.13597855129686842,0.0
5850,1.0,0.05,0.00012096458480952958,10.725210962044969,0.007333734978226093,0.13597855129686842,0.0
5851,1.0,0.05,0.00012096458480952958,10.725210962044969,0.007333734978226093,0.13597855129686842,0.0
5852,1.0,0.05,0.00012096458480952958,10.725210962044969,0.007333734978226093,0.13597855129686842,0.0
5853,1.0,0.05,0.00012096458480952958,9.574300347748604,0.007333734978226093,0.13597855129686842,0.0
5854,1.0,0.05,0.0001195798861598378,9.574300347748604,0.007333734978226093,0.13597855129686842,0.0
5855,1.0,0.05,0.0001195798861598378,9.574300347748604,0.006947423027462199,0.13597855129686842,0.0
5856,1.0,0.05,0.0001195798861598378,9.574300347748604,0.006947423027462199,0.13597855129686842,0.0
5857,1.0,0.05,0.0001195798861598378,9.574300347748604,0.006947423027462199,0.13597855129686842,0.0
5858,1.0,0.05,0.00012175991595778668,9.394419061207131,0.006947423027462199,0.13597855129686842,0.0
5859,1.0,0.05,0.00012175991595778668,11.908356015186698,0.006947423027462199,0.13597855129686842,0.0
5860,1.0,0.05,0.00012175991595778668,11.908356015186698,0.006947423027462199,0.13597855129686842,0.0
5861,1.0,0.05,0.00012175991595778668,11.908356015186698,0.006595507801439703,0.13597855129686842,0.0
5862,1.0,0.05,0.00012175991595778668,11.908356015186698,0.006595507801439703,0.13597855129686842,0.0
5863,1.0,0.05,0.00011900695575217939,11.908356015186698,0.006595507801439703,0.13597855129686842,0.0
5864,1.0,0.05,0.00011900695575217939,9.608535462629519,0.007544916645706431,0.11429970507860615,0.0
5865,1.0,0.05,0.00011900695575217939,9.608535462629519,0.007544916645706431,0.11429970507860615,0.0
5866,1.0,0.05,0.00011900695575217939,9.608535462629519,0.007544916645706431,0.12097453817763071,0.0
5867,1.0,0.05,0.00011900695575217939,9.608535462629519,0.007544916645706431,0.1570308008873211,0.0
5868,1.0,0.05,0.00011900695575217939,9.608535462629519,0.008108973409747035,0.1570308008873211,0.0
5869,1.0,0.05,0.00011900695575217939,9.608535462629519,0.008108973409747035,0.1570308008873211,0.0
5870,1.0,0.05,0.00011900695575217939,9.608535462629519,0.008486115943183874,0.1570308008873211,0.0
5871,1.0,0.05,0.00011900695575217939,9.538307089123862,0.007576952934376924,0.1570308008873211,0.0
5872,1.0,0.05,0.00011900695575217939,9.538307089123862,0.0072571875858132,0.1471106761409224,0.0
5873,1.0,0.05,0.00011900695575217939,9.538307089123862,0.0072571875858132,0.1471106761409224,0.0
5874,1.0,0.05,0.00011900695575217939,9.538307089123862,0.0072571875858132,0.1378644468549815,0.0
5875,1.0,0.05,0.00011900695575217939,9.538307089123862,0.006529163746434178,0.15077081114930438,0.0
5876,1.0,0.05,0.00011900695575217939,9.538307089123862,0.006683917774969095,0.15077081114930438,0.0
5877,1.0,0.05,0.00011900695575217939,9.538307089123862,0.006683917774969095,0.15077081114930438,0.0
5878,1.0,0.05,0.00011900695575217939,8.899112901822747,0.006683917774969095,0.15077081114930438,0.0
5879,1.0,0.05,0.00011900695575217939,8.899112901822747,0.006683917774969095,0.15077081114930438,0.0
5880,1.0,0.05,0.00011900695575217939,8.899112901822747,0.006683917774969095,0.15077081114930438,0.0
5881,1.0,0.05,0.00011900695575217939,8.899112901822747,0.006683917774969095,0.15077081114930438,0.0
5882,1.0,0.05,0.00011900695575217939,8.899112901822747,0.006683917774969095,0.12655165970083,0.0
5883,1.0,0.05,0.00012248013473351051,8.899112901822747,0.006683917774969095,0.12655165970083,0.0
5884,1.0,0.05,0.00012476989004156413,8.899112901822747,0.006683917774969095,0.12655165970083,0.0
5885,1.0,0.05,0.00012476989004156413,11.88860258416986,0.006683917774969095,0.12655165970083,0.0
5886,1.0,0.05,0.00012476989004156413,11.88860258416986,0.006683917774969095,0.12655165970083,0.0
5887,1.0,0.05,0.00012476989004156413,11.88860258416986,0.006683917774969095,0.12655165970083,0.0
5888,1.0,0.05,0.00012476989004156413,11.88860258416986,0.006683917774969095,0.12655165970083,0.0
5889,1.0,0.05,0.00012472976936298791,11.88860258416986,0.006683917774969095,0.12655165970083,0.0
5890,1.0,0.05,0.00012546576475256583,11.88860258416986,0.006683917774969095,0.12655165970083,0.0
5891,1.0,0.05,0.00012546576475256583,11.88860258416986,0.007222621415136383,0.12655165970083,0.0
5892,1.0,0.05,0.00012546576475256583,11.88860258416986,0.007222621415136383,0.1273621845996371,0.0
5893,1.0,0.05,0.00012546576475256583,11.88860258416986,0.007222621415136383,0.12725993970305838,0.0
5894,1.0,0.05,0.00012546576475256583,11.88860258416986,0.007222621415136383,0.12725993970305838,0.0
5895,1.0,0.05,0.00012546576475256583,10.592485992999286,0.007222621415136383,0.12725993970305838,0.0
5896,1.0,0.05,0.00012546576475256583,10.592485992999286,0.006716145595874986,0.12725993970305838,0.0
5897,1.0,0.05,0.00012546576475256583,10.592485992999286,0.006716145595874986,0.12725993970305838,0.0
5898,1.0,0.05,0.00012546576475256583,10.592485992999286,0.006716145595874986,0.12725993970305838,0.0
5899,1.0,0.05,0.0001251299164139313,10.592485992999286,0.006716145595874986,0.12725993970305838,0.0
5900,1.0,0.05,0.0001251299164139313,10.592485992999286,0.006716145595874986,0.09877573502080066,0.0
5901,1.0,0.05,0.0001251299164139313,10.592485992999286,0.006243931771182599,0.09877573502080066,0.0
5902,1.0,0.05,0.0001251299164139313,10.592485992999286,0.006148589932962445,0.09877573502080066,0.0
5903,1.0,0.05,0.00012702531788272195,10.592485992999286,0.006148589932962445,0.12706896891151104,0.0
5904,1.0,0.05,0.00012702531788272195,10.592485992999286,0.006148589932962445,0.12706896891151104,0.0
5905,1.0,0.05,0.00012702531788272195,10.592485992999286,0.006148589932962445,0.12706896891151104,0.0
5906,1.0,0.05,0.00012702531788272195,10.592485992999286,0.006148589932962445,0.12706896891151104,0.0
5907,1.0,0.05,0.00012702531788272195,10.592485992999286,0.006148589932962445,0.12706896891151104,0.0
5908,1.0,0.05,0.00012702531788272195,10.592485992999286,0.006444294263708408,0.12706896891151104,0.0
5909,1.0,0.05,0.00012702531788272195,10.592485992999286,0.006444294263708408,0.12648061999255705,0.0
5910,1.0,0.05,0.00012702531788272195,10.592485992999286,0.006444294263708408,0.12648061999255705,0.0
5911,1.0,0.05,0.00012702531788272195,10.592485992999286,0.006444294263708408,0.12648061999255705,0.0
5912,1.0,0.05,0.00012702531788272195,10.592485992999286,0.006444294263708408,0.12648061999255705,0.0
5913,1.0,0.05,0.00012702531788272195,8.444882334252128,0.006444294263708408,0.12648061999255705,0.0
5914,1.0,0.05,0.00012702531788272195,7.300432914123078,0.006444294263708408,0.12648061999255705,0.0
5915,1.0,0.05,0.00012702531788272195,7.300432914123078,0.006444294263708408,0.12648061999255705,0.0
5916,1.0,0.05,0.00012702531788272195,7.300432914123078,0.006444294263708408,0.12648061999255705,0.0
5917,1.0,0.05,0.00012702531788272195,7.300432914123078,0.006444294263708408,0.11308677715968106,0.0
5918,1.0,0.05,0.00012702531788272195,7.300432914123078,0.006444294263708408,0.11308677715968106,0.0
5919,1.0,0.05,0.00012702531788272195,7.300432914123078,0.006444294263708408,0.11308677715968106,0.0
5920,1.0,0.05,0.00012702531788272195,7.300432914123078,0.006444294263708408,0.11308677715968106,0.0
5921,1.0,0.05,0.00012702531788272195,7.300432914123078,0.006444294263708408,0.11308677715968106,0.0
5922,1.0,0.05,0.00012702531788272195,7.300432914123078,0.006444294263708408,0.11308677715968106,0.0
5923,1.0,0.05,0.00012702531788272195,7.300432914123078,0.006444294263708408,0.11308677715968106,0.0
5924,1.0,0.05,0.00012702531788272195,7.300432914123078,0.006444294263708408,0.11308677715968106,0.0
5925,1.0,0.05,0.00012702531788272195,7.300432914123078,0.006444294263708408,0.11308677715968106,0.0
5926,1.0,0.05,0.00012702531788272195,7.300432914123078,0.006444294263708408,0.12674765360788517,0.0
5927,1.0,0.05,0.00012702531788272195,7.300432914123078,0.006444294263708408,0.14978931031942716,0.0
5928,1.0,0.05,0.00012702531788272195,7.300432914123078,0.006444294263708408,0.12263082866149677,0.0
5929,1.0,0.05,0.00012702531788272195,7.300432914123078,0.006444294263708408,0.12263082866149677,0.0
5930,1.0,0.05,0.00012702531788272195,7.300432914123078,0.007630060417969933,0.12263082866149677,0.0
5931,1.0,0.05,0.00011592220194235271,7.300432914123078,0.007630060417969933,0.12263082866149677,0.0
5932,1.0,0.05,0.00011592220194235271,7.300432914123078,0.007630060417969933,0.12263082866149677,0.0
5933,1.0,0.05,0.00011592220194235271,7.300432914123078,0.007334064785913605,0.12263082866149677,0.0
5934,1.0,0.05,0.00011592220194235271,7.300432914123078,0.007343717086531355,0.12263082866149677,0.0
5935,1.0,0.05,0.00011592220194235271,14.887688915078456,0.007343717086531355,0.12263082866149677,0.0
5936,1.0,0.05,0.00011592220194235271,14.887688915078456,0.007343717086531355,0.12263082866149677,0.0
5937,1.0,0.05,0.00011592220194235271,14.887688915078456,0.007343717086531355,0.12263082866149677,0.0
5938,1.0,0.05,0.00011592220194235271,14.887688915078456,0.007343717086531355,0.12263082866149677,0.0
5939,1.0,0.05,0.00011592220194235271,14.887688915078456,0.007343717086531355,0.12263082866149677,0.0
5940,1.0,0.05,0.00011592220194235271,12.196017295524726,0.007343717086531355,0.12263082866149677,0.0
5941,1.0,0.05,0.00011592220194235271,12.196017295524726,0.007343717086531355,0.16667565859471875,0.0
5942,1.0,0.05,0.00011592220194235271,14.283684614785884,0.007343717086531355,0.12347211142712447,0.0
5943,1.0,0.05,0.00011592220194235271,14.283684614785884,0.007343717086531355,0.12347211142712447,0.0
5944,1.0,0.05,0.00011592220194235271,14.283684614785884,0.007343717086531355,0.12347211142712447,0.0
5945,1.0,0.05,0.00011592220194235271,14.283684614785884,0.007504822851079472,0.12347211142712447,0.0
5946,1.0,0.05,0.00011592220194235271,14.283684614785884,0.008125645998475301,0.12347211142712447,0.0
5947,1.0,0.05,0.00011592220194235271,17.73594847169828,0.008125645998475301,0.12347211142712447,0.0
5948,1.0,0.05,0.00011592220194235271,18.757495904823784,0.008125645998475301,0.11940305145045704,0.0
5949,1.0,0.05,0.00011592220194235271,9.300306838662124,0.008125645998475301,0.11940305145045704,0.0
5950,1.0,0.05,0.00011592220194235271,9.300306838662124,0.0075764802121217,0.11940305145045704,0.0
5951,1.0,0.05,0.00011592220194235271,9.300306838662124,0.0075764802121217,0.20349066303653207,0.0
5952,1.0,0.05,0.00011592220194235271,9.300306838662124,0.007063641898623118,0.20349066303653207,0.0
5953,1.0,0.05,0.00011592220194235271,4.182269355530764,0.007063641898623118,0.20349066303653207,0.0
5954,1.0,0.05,0.00011592220194235271,4.182269355530764,0.006913248495141967,0.18215828781270066,0.0
5955,1.0,0.05,0.00011592220194235271,4.182269355530764,0.006913248495141967,0.18215828781270066,0.0
5956,1.0,0.05,0.00011592220194235271,4.182269355530764,0.006913248495141967,0.18215828781270066,0.0
5957,1.0,0.05,0.00011592220194235271,4.182269355530764,0.007207228044325192,0.18215828781270066,0.0
5958,1.0,0.05,0.00011592220194235271,4.182269355530764,0.007207228044325192,0.18215828781270066,0.0
5959,1.0,0.05,0.00011592220194235271,4.899201542528672,0.007207228044325192,0.18215828781270066,0.0
5960,1.0,0.05,0.00011592220194235271,4.899201542528672,0.007207228044325192,0.18215828781270066,0.0
5961,1.0,0.05,0.00011592220194235271,4.899201542528672,0.007430883225876978,0.18215828781270066,0.0
5962,1.0,0.05,0.00011953103064229284,4.899201542528672,0.007430883225876978,0.18215828781270066,0.0
5963,1.0,0.05,0.00011953103064229284,4.899201542528672,0.007603712515105923,0.18215828781270066,0.0
5964,1.0,0.05,0.00011953103064229284,4.899201542528672,0.007383055732281082,0.18215828781270066,0.0
5965,1.0,0.05,0.00011567085957373325,4.899201542528672,0.006972479472979739,0.18215828781270066,0.0
5966,1.0,0.05,0.00011567085957373325,4.899201542528672,0.006972479472979739,0.18215828781270066,0.0
5967,1.0,0.05,0.00011567085957373325,4.899201542528672,0.006972479472979739,0.18215828781270066,0.0
5968,1.0,0.05,0.00011567085957373325,10.857114087115164,0.006972479472979739,0.1670684333956896,0.0
5969,1.0,0.05,0.00011567085957373325,10.857114087115164,0.006972479472979739,0.16230758552900917,0.0
5970,1.0,0.05,0.00011567085957373325,10.857114087115164,0.006972479472979739,0.16230758552900917,0.0
5971,1.0,0.05,0.00011567085957373325,10.002137139023603,0.006972479472979739,0.16230758552900917,0.0
5972,1.0,0.05,0.00011567085957373325,10.002137139023603,0.006972479472979739,0.16230758552900917,0.0
5973,1.0,0.05,0.00011567085957373325,10.002137139023603,0.006972479472979739,0.1486871413558596,0.0
5974,1.0,0.05,0.00011567085957373325,10.002137139023603,0.008062027625916795,0.1486871413558596,0.0
5975,1.0,0.05,0.00011567085957373325,10.002137139023603,0.008062027625916795,0.1486871413558596,0.0
5976,1.0,0.05,0.00011567085957373325,10.002137139023603,0.007376651410854919,0.1486871413558596,0.0
5977,1.0,0.05,0.00011567085957373325,10.002137139023603,0.007376651410854919,0.1486871413558596,0.0
5978,1.0,0.05,0.00011567085957373325,10.002137139023603,0.007376651410854919,0.1486871413558596,0.0
5979,1.0,0.05,0.00011567085957373325,10.002137139023603,0.007376651410854919,0.1486871413558596,0.0
5980,1.0,0.05,0.00011567085957373325,10.002137139023603,0.007376651410854919,0.1486871413558596,0.0
5981,1.0,0.05,0.00011567085957373325,7.94609708888396,0.007376651410854919,0.1486871413558596,0.0
5982,1.0,0.05,0.00011567085957373325,7.94609708888396,0.007376651410854919,0.1486871413558596,0.0
5983,1.0,0.05,0.00011567085957373325,6.754612566611669,0.007376651410854919,0.1486871413558596,0.0
5984,1.0,0.05,0.00011567085957373325,6.754612566611669,0.007376651410854919,0.17640067750835248,0.0
5985,1.0,0.05,0.00011567085957373325,6.754612566611669,0.007376651410854919,0.17640067750835248,0.0
5986,1.0,0.05,0.00011567085957373325,6.754612566611669,0.007376651410854919,0.17640067750835248,0.0
5987,1.0,0.05,0.00011567085957373325,6.754612566611669,0.007376651410854919,0.18171843594344078,0.0
5988,1.0,0.05,0.00011567085957373325,6.754612566611669,0.007376651410854919,0.18171843594344078,0.0
5989,1.0,0.05,0.00011567085957373325,6.754612566611669,0.007376651410854919,0.18826334812759496,0.0
5990,1.0,0.05,0.00011567085957373325,6.754612566611669,0.007376651410854919,0.18826334812759496,0.0
5991,1.0,0.05,0.00011567085957373325,6.754612566611669,0.007376651410854919,0.18826334812759496,0.0
5992,1.0,0.05,0.00011567085957373325,6.754612566611669,0.007376651410854919,0.18826334812759496,0.0
5993,1.0,0.05,0.00011567085957373325,6.754612566611669,0.007376651410854919,0.18826334812759496,0.0
5994,1.0,0.05,0.00011567085957373325,8.391698818409196,0.007376651410854919,0.18826334812759496,0.0
5995,1.0,0.05,0.00011567085957373325,8.391698818409196,0.007376651410854919,0.18826334812759496,0.0
5996,1.0,0.05,0.00011567085957373325,8.391698818409196,0.007376651410854919,0.18826334812759496,0.0
5997,1.0,0.05,0.00011567085957373325,8.391698818409196,0.007376651410854919,0.18826334812759496,0.0
5998,1.0,0.05,0.00011567085957373325,8.391698818409196,0.007376651410854919,0.1436729873654401,0.0
5999,1.0,0.05,0.00011567085957373325,8.391698818409196,0.007376651410854919,0.1436729873654401,0.0
6000,1.0,0.05,0.00011567085957373325,8.391698818409196,0.007376651410854919,0.1436729873654401,0.0
6001,1.0,0.05,0.00011567085957373325,9.398321639914784,0.007376651410854919,0.1436729873654401,0.0
6002,1.0,0.05,0.00011090187350515968,8.911184317964668,0.007376651410854919,0.1436729873654401,0.0
6003,1.0,0.05,0.00011090187350515968,8.911184317964668,0.007376651410854919,0.1436729873654401,0.0
6004,1.0,0.05,0.00011090187350515968,8.911184317964668,0.007376651410854919,0.1436729873654401,0.0
6005,1.0,0.05,0.00011090187350515968,8.911184317964668,0.007376651410854919,0.1436729873654401,0.0
6006,1.0,0.05,0.00011256637015100322,8.911184317964668,0.007376651410854919,0.19781842921988815,0.0
6007,1.0,0.05,0.00011256637015100322,8.911184317964668,0.007376651410854919,0.19781842921988815,0.0
6008,1.0,0.05,0.00011256637015100322,8.911184317964668,0.007376651410854919,0.19781842921988815,0.0
6009,1.0,0.05,0.00011256637015100322,8.911184317964668,0.007376651410854919,0.14431304657765776,0.0
6010,1.0,0.05,0.00012420775062711,8.911184317964668,0.007376651410854919,0.14431304657765776,0.0
6011,1.0,0.05,0.00012420775062711,8.911184317964668,0.007376651410854919,0.15491298773977685,0.0
6012,1.0,0.05,0.00011442144189476337,8.911184317964668,0.007376651410854919,0.15491298773977685,0.0
6013,1.0,0.05,0.00011442144189476337,8.911184317964668,0.007376651410854919,0.15491298773977685,0.0
6014,1.0,0.05,0.00011442144189476337,8.911184317964668,0.007376651410854919,0.15491298773977685,0.0
6015,1.0,0.05,0.0001229385949610441,8.911184317964668,0.007376651410854919,0.15491298773977685,0.0
6016,1.0,0.05,0.0001229385949610441,8.911184317964668,0.007376651410854919,0.11114640973767811,0.0
6017,1.0,0.05,0.0001229385949610441,8.911184317964668,0.007376651410854919,0.11114640973767811,0.0
6018,1.0,0.05,0.00011502462295371528,8.911184317964668,0.007376651410854919,0.14594569720387116,0.0
6019,1.0,0.05,0.00011502462295371528,8.911184317964668,0.007638057061046021,0.14594569720387116,0.0
6020,1.0,0.05,0.00011502462295371528,8.911184317964668,0.007638057061046021,0.14594569720387116,0.0
6021,1.0,0.05,0.00011502462295371528,8.911184317964668,0.007638057061046021,0.14594569720387116,0.0
6022,1.0,0.05,0.00011502462295371528,8.911184317964668,0.007638057061046021,0.14594569720387116,0.0
6023,1.0,0.05,0.00011502462295371528,11.225247372449303,0.008199118768188594,0.14594569720387116,0.0
6024,1.0,0.05,0.00011502462295371528,11.225247372449303,0.008199118768188594,0.14594569720387116,0.0
6025,1.0,0.05,0.00011502462295371528,11.225247372449303,0.008199118768188594,0.14594569720387116,0.0
6026,1.0,0.05,0.00011502462295371528,11.225247372449303,0.008199118768188594,0.14594569720387116,0.0
6027,1.0,0.05,0.00011502462295371528,11.225247372449303,0.008199118768188594,0.14594569720387116,0.0
6028,1.0,0.05,0.00011502462295371528,11.225247372449303,0.007780631071749295,0.14594569720387116,0.0
6029,1.0,0.05,0.00011502462295371528,11.225247372449303,0.007780631071749295,0.14594569720387116,0.0
6030,1.0,0.05,0.00011502462295371528,11.225247372449303,0.007780631071749295,0.14594569720387116,0.0
6031,1.0,0.05,0.00011502462295371528,11.225247372449303,0.007780631071749295,0.1422718025754804,0.0
6032,1.0,0.05,0.00011472487982385649,11.225247372449303,0.007780631071749295,0.1422718025754804,0.0
6033,1.0,0.05,0.00011472487982385649,11.225247372449303,0.007780631071749295,0.1422718025754804,0.0
6034,1.0,0.05,0.00011472487982385649,11.225247372449303,0.007780631071749295,0.1422718025754804,0.0
6035,1.0,0.05,0.00011472487982385649,11.225247372449303,0.007780631071749295,0.14316337650805083,0.0
6036,1.0,0.05,0.00011472487982385649,17.146978893223235,0.007780631071749295,0.1289185361520329,0.0
6037,1.0,0.05,0.00011472487982385649,17.146978893223235,0.007780631071749295,0.1289185361520329,0.0
6038,1.0,0.05,0.00011472487982385649,17.146978893223235,0.007780631071749295,0.1289185361520329,0.0
6039,1.0,0.05,0.00011502575189390732,7.985349552897873,0.007373453024458042,0.1289185361520329,0.0
6040,1.0,0.05,0.00011502575189390732,7.985349552897873,0.0073031993277467904,0.1289185361520329,0.0
6041,1.0,0.05,0.00011989988958513404,7.985349552897873,0.0073031993277467904,0.1289185361520329,0.0
6042,1.0,0.05,0.00011989988958513404,7.985349552897873,0.0073031993277467904,0.1289185361520329,0.0
6043,1.0,0.05,0.00011989988958513404,7.985349552897873,0.0073031993277467904,0.1289185361520329,0.0
6044,1.0,0.05,0.00011989988958513404,7.985349552897873,0.0073031993277467904,0.16203488376965303,0.0
6045,1.0,0.05,0.00011989988958513404,7.214443759994069,0.0073031993277467904,0.16203488376965303,0.0
6046,1.0,0.05,0.00011989988958513404,7.214443759994069,0.0073031993277467904,0.16203488376965303,0.0
6047,1.0,0.05,0.00011989988958513404,7.214443759994069,0.0073031993277467904,0.16203488376965303,0.0
6048,1.0,0.05,0.00011989988958513404,7.132267319934812,0.007828689578809223,0.16203488376965303,0.0
6049,1.0,0.05,0.0001226780540488249,7.132267319934812,0.007828689578809223,0.17473049889785291,0.0
6050,1.0,0.05,0.0001226780540488249,7.132267319934812,0.007828689578809223,0.16761717599013493,0.0
6051,1.0,0.05,0.0001226780540488249,7.132267319934812,0.007828689578809223,0.14005048691939795,0.0
6052,1.0,0.05,0.0001226780540488249,7.132267319934812,0.007828689578809223,0.14005048691939795,0.0
6053,1.0,0.05,0.0001226780540488249,7.132267319934812,0.007789331361445111,0.14005048691939795,0.0
6054,1.0,0.05,0.0001226780540488249,5.16823983737622,0.00815024486914473,0.14005048691939795,0.0
6055,1.0,0.05,0.0001226780540488249,4.495288704008345,0.00815024486914473,0.22357841274929388,0.0
6056,1.0,0.05,0.00011869621557870517,4.495288704008345,0.00815024486914473,0.22357841274929388,0.0
6057,1.0,0.05,0.00011869621557870517,4.495288704008345,0.007756745759518691,0.22357841274929388,0.0
6058,1.0,0.05,0.00011869621557870517,4.495288704008345,0.007756745759518691,0.22357841274929388,0.0
6059,1.0,0.05,0.00011869621557870517,4.495288704008345,0.007756745759518691,0.22357841274929388,0.0
6060,1.0,0.05,0.00011869621557870517,5.1551181297059685,0.006776868328465118,0.22357841274929388,0.0
6061,1.0,0.05,0.00011869621557870517,5.1551181297059685,0.006776868328465118,0.22357841274929388,0.0
6062,1.0,0.05,0.00011869621557870517,5.1551181297059685,0.006776868328465118,0.22357841274929388,0.0
6063,1.0,0.05,0.00011869621557870517,5.1551181297059685,0.006776868328465118,0.22357841274929388,0.0
6064,1.0,0.05,0.00011869621557870517,5.1551181297059685,0.006776868328465118,0.20690452797491093,0.0
6065,1.0,0.05,0.00011869621557870517,5.1551181297059685,0.006776868328465118,0.20690452797491093,0.0
6066,1.0,0.05,0.00011869621557870517,5.1551181297059685,0.006479747259568027,0.20690452797491093,0.0
6067,1.0,0.05,0.00011869621557870517,5.1551181297059685,0.006479747259568027,0.20690452797491093,0.0
6068,1.0,0.05,0.00012013489889970125,6.1907301479067485,0.006315407752985242,0.1404795864005714,0.0
6069,1.0,0.05,0.00012013489889970125,6.1907301479067485,0.006315407752985242,0.1404795864005714,0.0
6070,1.0,0.05,0.00012013489889970125,6.1907301479067485,0.006315407752985242,0.1404795864005714,0.0
6071,1.0,0.05,0.00012929839067432839,6.1907301479067485,0.006315407752985242,0.1404795864005714,0.0
6072,1.0,0.05,0.00012929839067432839,6.1907301479067485,0.006315407752985242,0.1404795864005714,0.0
6073,1.0,0.05,0.00012929839067432839,6.1907301479067485,0.00621721172120268,0.1404795864005714,0.0
6074,1.0,0.05,0.00012929839067432839,4.428188021019139,0.00621721172120268,0.1404795864005714,0.0
6075,1.0,0.05,0.00012929839067432839,4.428188021019139,0.00621721172120268,0.1404795864005714,0.0
6076,1.0,0.05,0.00012929839067432839,4.428188021019139,0.00621721172120268,0.1404795864005714,0.0
6077,1.0,0.05,0.00012929839067432839,4.428188021019139,0.006110235278869351,0.1404795864005714,0.0
6078,1.0,0.05,0.00012929839067432839,4.428188021019139,0.006090076911393319,0.1404795864005714,0.0
6079,1.0,0.05,0.00012929839067432839,4.387585000209839,0.006090076911393319,0.1404795864005714,0.0
6080,1.0,0.05,0.00012929839067432839,4.387585000209839,0.006090076911393319,0.1404795864005714,0.0
6081,1.0,0.05,0.00012929839067432839,9.355485966086803,0.006090076911393319,0.13550418363184408,0.0
6082,1.0,0.05,0.00012929839067432839,9.355485966086803,0.006090076911393319,0.13550418363184408,0.0
6083,1.0,0.05,0.00012929839067432839,9.355485966086803,0.006007745377192222,0.12763250138349963,0.0
6084,1.0,0.05,0.00012929839067432839,9.355485966086803,0.0062334975652177365,0.09497274856630644,0.0
6085,1.0,0.05,0.00012929839067432839,9.355485966086803,0.0062334975652177365,0.09240534976736965,0.0
6086,1.0,0.05,0.00012929839067432839,9.355485966086803,0.0062334975652177365,0.09240534976736965,0.0
6087,1.0,0.05,0.00012929839067432839,13.424336356843185,0.0062334975652177365,0.09240534976736965,0.0
6088,1.0,0.05,0.00012697558200031587,13.424336356843185,0.0062334975652177365,0.0972251397276227,0.0
6089,1.0,0.05,0.00012697558200031587,13.424336356843185,0.00643776650135991,0.08206781799346508,0.0
6090,1.0,0.05,0.00012697558200031587,14.63233771938846,0.00643776650135991,0.08206781799346508,0.0
6091,1.0,0.05,0.00012697558200031587,14.63233771938846,0.00643776650135991,0.08206781799346508,0.0
6092,1.0,0.05,0.00012697558200031587,14.63233771938846,0.00643776650135991,0.08206781799346508,0.0
6093,1.0,0.05,0.00012697558200031587,14.011096692812131,0.00643776650135991,0.08206781799346508,0.0
6094,1.0,0.05,0.00012697558200031587,14.011096692812131,0.00643776650135991,0.08206781799346508,0.0
6095,1.0,0.05,0.00012697558200031587,14.011096692812131,0.00643776650135991,0.08206781799346508,0.0
6096,1.0,0.05,0.00012697558200031587,14.011096692812131,0.00643776650135991,0.08206781799346508,0.0
6097,1.0,0.05,0.00012697558200031587,14.68997069774936,0.00643776650135991,0.08206781799346508,0.0
6098,1.0,0.05,0.00012697558200031587,14.68997069774936,0.00643776650135991,0.08206781799346508,0.0
6099,1.0,0.05,0.00012697558200031587,14.68997069774936,0.00643776650135991,0.08206781799346508,0.0
6100,1.0,0.05,0.00012697558200031587,14.68997069774936,0.00643776650135991,0.08206781799346508,0.0
6101,1.0,0.05,0.00012697558200031587,14.68997069774936,0.00643776650135991,0.08206781799346508,0.0
6102,1.0,0.05,0.00012697558200031587,14.294719406189557,0.00643776650135991,0.08206781799346508,0.0
6103,1.0,0.05,0.00012697558200031587,14.294719406189557,0.00643776650135991,0.08206781799346508,0.0
6104,1.0,0.05,0.000127539973056612,14.294719406189557,0.006786485854278693,0.08206781799346508,0.0
6105,1.0,0.05,0.000127539973056612,14.294719406189557,0.006667747819714161,0.08206781799346508,0.0
6106,1.0,0.05,0.000127539973056612,14.294719406189557,0.005799437148168975,0.08206781799346508,0.0
6107,1.0,0.05,0.000127539973056612,14.294719406189557,0.005799437148168975,0.08206781799346508,0.0
6108,1.0,0.05,0.000127539973056612,14.294719406189557,0.005799437148168975,0.08206781799346508,0.0
6109,1.0,0.05,0.000127539973056612,14.294719406189557,0.005799437148168975,0.08206781799346508,0.0
6110,1.0,0.05,0.000127539973056612,14.294719406189557,0.005799437148168975,0.08285204332897753,0.0
6111,1.0,0.05,0.000127539973056612,14.294719406189557,0.005799437148168975,0.08285204332897753,0.0
6112,1.0,0.05,0.000127539973056612,16.416251835149524,0.005799437148168975,0.08285204332897753,0.0
6113,1.0,0.05,0.000127539973056612,16.416251835149524,0.005799437148168975,0.08285204332897753,0.0
6114,1.0,0.05,0.000127539973056612,16.416251835149524,0.005799437148168975,0.09326655340447841,0.0
6115,1.0,0.05,0.000127539973056612,16.416251835149524,0.00665794110533724,0.09326655340447841,0.0
6116,1.0,0.05,0.000127539973056612,11.86215007006028,0.00665794110533724,0.09326655340447841,0.0
6117,1.0,0.05,0.000127539973056612,11.86215007006028,0.00665794110533724,0.09326655340447841,0.0
6118,1.0,0.05,0.000127539973056612,11.86215007006028,0.006359150721650638,0.09326655340447841,0.0
6119,1.0,0.05,0.0001256159625883395,11.86215007006028,0.006359150721650638,0.09326655340447841,0.0
6120,1.0,0.05,0.0001256159625883395,11.86215007006028,0.006359150721650638,0.09326655340447841,0.0
6121,1.0,0.05,0.0001256159625883395,11.86215007006028,0.006359150721650638,0.09326655340447841,0.0
6122,1.0,0.05,0.0001256159625883395,11.86215007006028,0.006182893153641798,0.10482194842222298,0.0
6123,1.0,0.05,0.0001256159625883395,11.86215007006028,0.006182893153641798,0.10482194842222298,0.0
6124,1.0,0.05,0.0001256159625883395,11.86215007006028,0.006182893153641798,0.10482194842222298,0.0
6125,1.0,0.05,0.0001256159625883395,11.86215007006028,0.006291327923591903,0.09578780132894113,0.0
6126,1.0,0.05,0.0001256159625883395,11.86215007006028,0.006291327923591903,0.09578780132894113,0.0
6127,1.0,0.05,0.0001256159625883395,11.86215007006028,0.006291327923591903,0.09578780132894113,0.0
6128,1.0,0.05,0.0001256159625883395,11.86215007006028,0.006597108823304763,0.10567320754681214,0.0
6129,1.0,0.05,0.0001256159625883395,12.045313875314221,0.006597108823304763,0.1033888907285736,0.0
6130,1.0,0.05,0.0001256159625883395,12.045313875314221,0.006597108823304763,0.10029355519607876,0.0
6131,1.0,0.05,0.0001256159625883395,12.045313875314221,0.006597108823304763,0.10029355519607876,0.0
6132,1.0,0.05,0.0001256159625883395,12.045313875314221,0.006597108823304763,0.10029355519607876,0.0
6133,1.0,0.05,0.0001256159625883395,12.045313875314221,0.006597108823304763,0.10029355519607876,0.0
6134,1.0,0.05,0.0001256159625883395,9.69222947015163,0.006597108823304763,0.10996390944563716,0.0
6135,1.0,0.05,0.0001256159625883395,9.69222947015163,0.006597108823304763,0.10996390944563716,0.0
6136,1.0,0.05,0.0001256159625883395,9.69222947015163,0.006597108823304763,0.10996390944563716,0.0
6137,1.0,0.05,0.0001256159625883395,9.69222947015163,0.00591249469500773,0.10996390944563716,0.0
6138,1.0,0.05,0.0001256159625883395,9.69222947015163,0.00591249469500773,0.10996390944563716,0.0
6139,1.0,0.05,0.0001256159625883395,9.69222947015163,0.00704621534995458,0.10996390944563716,0.0
6140,1.0,0.05,0.0001256159625883395,9.69222947015163,0.00704621534995458,0.10996390944563716,0.0
6141,1.0,0.05,0.0001256159625883395,12.206781698823235,0.00704621534995458,0.10996390944563716,0.0
6142,1.0,0.05,0.0001256159625883395,12.206781698823235,0.00704621534995458,0.10996390944563716,0.0
6143,1.0,0.05,0.0001256159625883395,11.850037485069876,0.00704621534995458,0.10996390944563716,0.0
6144,1.0,0.05,0.0001256159625883395,11.850037485069876,0.00704621534995458,0.10996390944563716,0.0
6145,1.0,0.05,0.0001256159625883395,11.850037485069876,0.00704621534995458,0.10996390944563716,0.0
6146,1.0,0.05,0.0001256159625883395,11.850037485069876,0.006954595271659788,0.10996390944563716,0.0
6147,1.0,0.05,0.0001261100658107975,11.850037485069876,0.006954595271659788,0.10996390944563716,0.0
6148,1.0,0.05,0.0001261100658107975,11.850037485069876,0.006954595271659788,0.10996390944563716,0.0
6149,1.0,0.05,0.0001261100658107975,11.850037485069876,0.006954595271659788,0.10996390944563716,0.0
6150,1.0,0.05,0.0001261100658107975,11.850037485069876,0.006954595271659788,0.10996390944563716,0.0
6151,1.0,0.05,0.00012116546684502092,11.850037485069876,0.006534885185345318,0.10996390944563716,0.0
6152,1.0,0.05,0.00012116546684502092,11.850037485069876,0.006534885185345318,0.11631442159922273,0.0
6153,1.0,0.05,0.00012116546684502092,11.850037485069876,0.006534885185345318,0.11631442159922273,0.0
6154,1.0,0.05,0.00012116546684502092,11.850037485069876,0.006534885185345318,0.11631442159922273,0.0
6155,1.0,0.05,0.00012077948573774764,11.850037485069876,0.006534885185345318,0.11631442159922273,0.0
6156,1.0,0.05,0.00012077948573774764,11.850037485069876,0.006534885185345318,0.11631442159922273,0.0
6157,1.0,0.05,0.00012077948573774764,11.850037485069876,0.006534885185345318,0.11631442159922273,0.0
6158,1.0,0.05,0.00012077948573774764,11.850037485069876,0.006534885185345318,0.11631442159922273,0.0
6159,1.0,0.05,0.00012077948573774764,11.850037485069876,0.006534885185345318,0.11631442159922273,0.0
6160,1.0,0.05,0.00012077948573774764,11.850037485069876,0.006534885185345318,0.12500582244057917,0.0
6161,1.0,0.05,0.00012077948573774764,11.850037485069876,0.006636693097406574,0.12500582244057917,0.0
6162,1.0,0.05,0.00012077948573774764,11.850037485069876,0.006995200932856107,0.12500582244057917,0.0
6163,1.0,0.05,0.00012077948573774764,11.850037485069876,0.006995200932856107,0.12500582244057917,0.0
6164,1.0,0.05,0.00012077948573774764,11.850037485069876,0.006995200932856107,0.12500582244057917,0.0
6165,1.0,0.05,0.00012077948573774764,11.850037485069876,0.006863782474454118,0.12500582244057917,0.0
6166,1.0,0.05,0.00012077948573774764,11.850037485069876,0.006109713274775179,0.12500582244057917,0.0
6167,1.0,0.05,0.00012077948573774764,11.850037485069876,0.007358233002696048,0.12500582244057917,0.0
6168,1.0,0.05,0.00012077948573774764,11.850037485069876,0.007358233002696048,0.12500582244057917,0.0
6169,1.0,0.05,0.00011939079166273853,11.850037485069876,0.007235033864242444,0.12500582244057917,0.0
6170,1.0,0.05,0.00011939079166273853,11.850037485069876,0.007235033864242444,0.12500582244057917,0.0
6171,1.0,0.05,0.00011939079166273853,11.850037485069876,0.007235033864242444,0.12500582244057917,0.0
6172,1.0,0.05,0.00011939079166273853,11.850037485069876,0.007235033864242444,0.09337565847178544,0.0
6173,1.0,0.05,0.00011939079166273853,19.726241972401183,0.007235033864242444,0.09337565847178544,0.0
6174,1.0,0.05,0.00012437552640000976,19.726241972401183,0.007235033864242444,0.09337565847178544,0.0
6175,1.0,0.05,0.00012437552640000976,17.839874910945028,0.007235033864242444,0.09337565847178544,0.0
6176,1.0,0.05,0.00012437552640000976,17.839874910945028,0.007235033864242444,0.09337565847178544,0.0
6177,1.0,0.05,0.00012437552640000976,17.839874910945028,0.007235033864242444,0.09337565847178544,0.0
6178,1.0,0.05,0.00012437552640000976,17.839874910945028,0.007108089959972769,0.09337565847178544,0.0
6179,1.0,0.05,0.00012437552640000976,17.839874910945028,0.007108089959972769,0.09337565847178544,0.0
6180,1.0,0.05,0.00012437552640000976,17.839874910945028,0.007108089959972769,0.07978192822424282,0.0
6181,1.0,0.05,0.00012437552640000976,17.839874910945028,0.007108089959972769,0.07978192822424282,0.0
6182,1.0,0.05,0.00012437552640000976,17.839874910945028,0.007108089959972769,0.07978192822424282,0.0
6183,1.0,0.05,0.00012437552640000976,13.501133315901129,0.007108089959972769,0.07978192822424282,0.0
6184,1.0,0.05,0.00012437552640000976,17.801378085476344,0.007108089959972769,0.0850372063387092,0.0
6185,1.0,0.05,0.00012437552640000976,17.801378085476344,0.007339901761777078,0.0850372063387092,0.0
6186,1.0,0.05,0.00012437552640000976,13.221917858418337,0.007339901761777078,0.0850372063387092,0.0
6187,1.0,0.05,0.00012437552640000976,13.221917858418337,0.007339901761777078,0.0850372063387092,0.0
6188,1.0,0.05,0.00012437552640000976,13.221917858418337,0.007339901761777078,0.0850372063387092,0.0
6189,1.0,0.05,0.00012437552640000976,13.221917858418337,0.007339901761777078,0.0850372063387092,0.0
6190,1.0,0.05,0.00012437552640000976,14.267934740097289,0.007339901761777078,0.0850372063387092,0.0
6191,1.0,0.05,0.00012437552640000976,14.267934740097289,0.007339901761777078,0.0850372063387092,0.0
6192,1.0,0.05,0.00012437552640000976,13.509100517453561,0.007339901761777078,0.11125369224315804,0.0
6193,1.0,0.05,0.00012437552640000976,13.509100517453561,0.007339901761777078,0.11125369224315804,0.0
6194,1.0,0.05,0.00012437552640000976,13.509100517453561,0.007339901761777078,0.11125369224315804,0.0
6195,1.0,0.05,0.00012437552640000976,13.509100517453561,0.007339901761777078,0.11125369224315804,0.0
6196,1.0,0.05,0.00012437552640000976,12.213336659064609,0.007339901761777078,0.11125369224315804,0.0
6197,1.0,0.05,0.00012437552640000976,12.168028170493812,0.007339901761777078,0.11125369224315804,0.0
6198,1.0,0.05,0.00012437552640000976,12.168028170493812,0.007339901761777078,0.11125369224315804,0.0
6199,1.0,0.05,0.00012437552640000976,12.168028170493812,0.007339901761777078,0.11125369224315804,0.0
6200,1.0,0.05,0.00012437552640000976,12.168028170493812,0.007339901761777078,0.0781204494931317,0.0
6201,1.0,0.05,0.00012437552640000976,12.168028170493812,0.007339901761777078,0.0781204494931317,0.0
6202,1.0,0.05,0.00012437552640000976,12.168028170493812,0.007339901761777078,0.11256377177724722,0.0
6203,1.0,0.05,0.00012437552640000976,12.168028170493812,0.007339901761777078,0.11256377177724722,0.0
6204,1.0,0.05,0.00012437552640000976,12.168028170493812,0.007339901761777078,0.11256377177724722,0.0
6205,1.0,0.05,0.00012432767556169456,12.168028170493812,0.007302589066690015,0.11256377177724722,0.0
6206,1.0,0.05,0.00012432767556169456,12.168028170493812,0.006504250804734242,0.11256377177724722,0.0
6207,1.0,0.05,0.00012432767556169456,12.168028170493812,0.006504250804734242,0.11256377177724722,0.0
6208,1.0,0.05,0.00012432767556169456,12.168028170493812,0.006504250804734242,0.11256377177724722,0.0
6209,1.0,0.05,0.00012432767556169456,12.168028170493812,0.006504250804734242,0.11256377177724722,0.0
6210,1.0,0.05,0.00012432767556169456,12.168028170493812,0.006504250804734242,0.11256377177724722,0.0
6211,1.0,0.05,0.00012432767556169456,12.168028170493812,0.006504250804734242,0.11843077458171246,0.0
6212,1.0,0.05,0.00012139429838575816,12.168028170493812,0.007504578095857818,0.11843077458171246,0.0
6213,1.0,0.05,0.00012139429838575816,12.168028170493812,0.007504578095857818,0.11843077458171246,0.0
6214,1.0,0.05,0.00012139429838575816,12.168028170493812,0.006836492098779587,0.11843077458171246,0.0
6215,1.0,0.05,0.00012139429838575816,12.168028170493812,0.006836492098779587,0.11843077458171246,0.0
6216,1.0,0.05,0.00012139429838575816,11.085456813224042,0.006836492098779587,0.11843077458171246,0.0
6217,1.0,0.05,0.00012139429838575816,11.085456813224042,0.006836492098779587,0.11843077458171246,0.0
6218,1.0,0.05,0.00012139429838575816,11.085456813224042,0.006836492098779587,0.1507716338784475,0.0
6219,1.0,0.05,0.00012139429838575816,11.085456813224042,0.006836492098779587,0.1507716338784475,0.0
6220,1.0,0.05,0.00012139429838575816,11.085456813224042,0.007561514940195186,0.1507716338784475,0.0
6221,1.0,0.05,0.00012139429838575816,11.085456813224042,0.007561514940195186,0.1507716338784475,0.0
6222,1.0,0.05,0.00012139429838575816,8.907634293401003,0.007561514940195186,0.1507716338784475,0.0
6223,1.0,0.05,0.00012139429838575816,8.907634293401003,0.007561514940195186,0.1507716338784475,0.0
6224,1.0,0.05,0.00012139429838575816,8.907634293401003,0.007561514940195186,0.1507716338784475,0.0
6225,1.0,0.05,0.00012139429838575816,8.907634293401003,0.006689270123505086,0.1507716338784475,0.0
6226,1.0,0.05,0.00012139429838575816,8.907634293401003,0.00708551629473406,0.1241650381011982,0.0
6227,1.0,0.05,0.00012139429838575816,12.686230005673352,0.00708551629473406,0.1241650381011982,0.0
6228,1.0,0.05,0.00012139429838575816,12.686230005673352,0.00708551629473406,0.1241650381011982,0.0
6229,1.0,0.05,0.00012139429838575816,12.686230005673352,0.00708551629473406,0.1241650381011982,0.0
6230,1.0,0.05,0.00012139429838575816,12.686230005673352,0.00708551629473406,0.1241650381011982,0.0
6231,1.0,0.05,0.00012139429838575816,12.686230005673352,0.00708551629473406,0.1241650381011982,0.0
6232,1.0,0.05,0.00012139429838575816,12.686230005673352,0.00708551629473406,0.1241650381011982,0.0
6233,1.0,0.05,0.00012139429838575816,12.686230005673352,0.00708551629473406,0.1241650381011982,0.0
6234,1.0,0.05,0.00012139429838575816,12.686230005673352,0.00708551629473406,0.1241650381011982,0.0
6235,1.0,0.05,0.00012139429838575816,12.686230005673352,0.00708551629473406,0.13914485823677525,0.0
6236,1.0,0.05,0.00012139429838575816,12.686230005673352,0.006946968753032619,0.13914485823677525,0.0
6237,1.0,0.05,0.00012139429838575816,12.686230005673352,0.006946968753032619,0.0899766572184649,0.0
6238,1.0,0.05,0.00012139429838575816,12.686230005673352,0.006946968753032619,0.0899766572184649,0.0
6239,1.0,0.05,0.00012139429838575816,12.686230005673352,0.006946968753032619,0.0899766572184649,0.0
6240,1.0,0.05,0.00012139429838575816,13.644205583264977,0.006946968753032619,0.0899766572184649,0.0
6241,1.0,0.05,0.00012139429838575816,13.644205583264977,0.006387477349987456,0.0899766572184649,0.0
6242,1.0,0.05,0.00012139429838575816,13.644205583264977,0.0067060358725543915,0.0899766572184649,0.0
6243,1.0,0.05,0.00011614399844213725,13.644205583264977,0.0068827943420539635,0.0899766572184649,0.0
6244,1.0,0.05,0.00012224850901475104,13.644205583264977,0.0068827943420539635,0.0899766572184649,0.0
6245,1.0,0.05,0.00012224850901475104,13.496012715172583,0.0068827943420539635,0.0899766572184649,0.0
6246,1.0,0.05,0.00012224850901475104,13.496012715172583,0.0068827943420539635,0.0899766572184649,0.0
6247,1.0,0.05,0.00012224850901475104,13.496012715172583,0.0068827943420539635,0.0899766572184649,0.0
6248,1.0,0.05,0.00012224850901475104,13.496012715172583,0.0068827943420539635,0.0899766572184649,0.0
6249,1.0,0.05,0.00012224850901475104,13.496012715172583,0.0068827943420539635,0.0899766572184649,0.0
6250,1.0,0.05,0.00012224850901475104,13.496012715172583,0.007055613060268042,0.0899766572184649,0.0
6251,1.0,0.05,0.00012224850901475104,13.496012715172583,0.006941719146648689,0.0899766572184649,0.0
6252,1.0,0.05,0.00012224850901475104,13.496012715172583,0.006734005348445647,0.0899766572184649,0.0
6253,1.0,0.05,0.00012224850901475104,13.496012715172583,0.006925164543325353,0.0899766572184649,0.0
6254,1.0,0.05,0.00012224850901475104,13.496012715172583,0.006925164543325353,0.09874615460294012,0.0
6255,1.0,0.05,0.00012224850901475104,13.496012715172583,0.00699885020317884,0.09578439003257863,0.0
6256,1.0,0.05,0.00012224850901475104,13.669836621666605,0.00699885020317884,0.09578439003257863,0.0
6257,1.0,0.05,0.00012224850901475104,13.669836621666605,0.00699885020317884,0.09163509039834844,0.0
6258,1.0,0.05,0.00012224850901475104,14.531700423001041,0.00699885020317884,0.09163509039834844,0.0
6259,1.0,0.05,0.00012224850901475104,12.84356158445857,0.00699885020317884,0.09163509039834844,0.0
6260,1.0,0.05,0.00012224850901475104,12.84356158445857,0.00699885020317884,0.09163509039834844,0.0
6261,1.0,0.05,0.00012224850901475104,12.84356158445857,0.00699885020317884,0.09163509039834844,0.0
6262,1.0,0.05,0.00012224850901475104,12.84356158445857,0.00699885020317884,0.09163509039834844,0.0
6263,1.0,0.05,0.00012224850901475104,12.84356158445857,0.00699885020317884,0.09163509039834844,0.0
6264,1.0,0.05,0.00012224850901475104,12.84356158445857,0.00699885020317884,0.09163509039834844,0.0
6265,1.0,0.05,0.00012224850901475104,19.543565468075812,0.00699885020317884,0.07994223306147928,0.0
6266,1.0,0.05,0.00012224850901475104,19.543565468075812,0.00699885020317884,0.07511761489512851,0.0
6267,1.0,0.05,0.00012224850901475104,19.543565468075812,0.00699885020317884,0.07511761489512851,0.0
6268,1.0,0.05,0.00012224850901475104,19.543565468075812,0.00699885020317884,0.07511761489512851,0.0
6269,1.0,0.05,0.00012224850901475104,19.543565468075812,0.00699885020317884,0.07511761489512851,0.0
6270,1.0,0.05,0.00012224850901475104,19.543565468075812,0.00699885020317884,0.07511761489512851,0.0
6271,1.0,0.05,0.00012224850901475104,19.543565468075812,0.00699885020317884,0.07511761489512851,0.0
6272,1.0,0.05,0.00012224850901475104,19.543565468075812,0.00699885020317884,0.07511761489512851,0.0
6273,1.0,0.05,0.00012224850901475104,17.285562621332957,0.00699885020317884,0.09424566188504746,0.0
6274,1.0,0.05,0.00011749999868206868,17.285562621332957,0.00699885020317884,0.09424566188504746,0.0
6275,1.0,0.05,0.00011749999868206868,17.285562621332957,0.00699885020317884,0.09424566188504746,0.0
6276,1.0,0.05,0.00011749999868206868,17.285562621332957,0.00699885020317884,0.09424566188504746,0.0
6277,1.0,0.05,0.00011749999868206868,17.285562621332957,0.00699885020317884,0.0866215706485015,0.0
6278,1.0,0.05,0.00011749999868206868,17.285562621332957,0.007102683608918586,0.0866215706485015,0.0
6279,1.0,0.05,0.00011749999868206868,14.39442205816421,0.007102683608918586,0.0866215706485015,0.0
6280,1.0,0.05,0.00011749999868206868,11.417104032378816,0.007102683608918586,0.0866215706485015,0.0
6281,1.0,0.05,0.00012131665914761803,11.76315110247242,0.007102683608918586,0.0866215706485015,0.0
6282,1.0,0.05,0.00012131665914761803,11.76315110247242,0.007553690136734032,0.14239041185919274,0.0
6283,1.0,0.05,0.00012131665914761803,11.76315110247242,0.007553690136734032,0.14239041185919274,0.0
6284,1.0,0.05,0.00012131665914761803,9.853728956636516,0.007553690136734032,0.14239041185919274,0.0
6285,1.0,0.05,0.00012131665914761803,9.853728956636516,0.007553690136734032,0.12921224160309697,0.0
6286,1.0,0.05,0.00012131665914761803,9.853728956636516,0.00663615082992058,0.12921224160309697,0.0
6287,1.0,0.05,0.00012131665914761803,9.853728956636516,0.00663615082992058,0.12921224160309697,0.0
6288,1.0,0.05,0.00012131665914761803,9.853728956636516,0.00663615082992058,0.12921224160309697,0.0
6289,1.0,0.05,0.00012131665914761803,9.853728956636516,0.00663615082992058,0.12921224160309697,0.0
6290,1.0,0.05,0.00012131665914761803,9.853728956636516,0.006615450399034072,0.12921224160309697,0.0
6291,1.0,0.05,0.00012131665914761803,9.853728956636516,0.006615450399034072,0.12921224160309697,0.0
6292,1.0,0.05,0.00012131665914761803,9.853728956636516,0.006615450399034072,0.12921224160309697,0.0
6293,1.0,0.05,0.00012131665914761803,9.853728956636516,0.006615450399034072,0.12921224160309697,0.0
6294,1.0,0.05,0.00012131665914761803,9.853728956636516,0.007206197842124448,0.12921224160309697,0.0
6295,1.0,0.05,0.00012131665914761803,9.853728956636516,0.007206197842124448,0.12921224160309697,0.0
6296,1.0,0.05,0.00011934047528957948,9.853728956636516,0.007206197842124448,0.12921224160309697,0.0
6297,1.0,0.05,0.00011934047528957948,9.853728956636516,0.006600716935202868,0.12921224160309697,0.0
6298,1.0,0.05,0.00011934047528957948,9.853728956636516,0.007110789185428409,0.12921224160309697,0.0
6299,1.0,0.05,0.00011934047528957948,9.853728956636516,0.007110789185428409,0.12921224160309697,0.0
6300,1.0,0.05,0.0001251736107957538,9.853728956636516,0.007463508304720319,0.12921224160309697,0.0
6301,1.0,0.05,0.0001251736107957538,9.853728956636516,0.007463508304720319,0.12921224160309697,0.0
6302,1.0,0.05,0.0001251736107957538,9.853728956636516,0.006931217255196097,0.12921224160309697,0.0
6303,1.0,0.05,0.0001251736107957538,9.853728956636516,0.006931217255196097,0.12921224160309697,0.0
6304,1.0,0.05,0.0001251736107957538,9.853728956636516,0.007105084182440762,0.12921224160309697,0.0
6305,1.0,0.05,0.0001251736107957538,9.853728956636516,0.007105084182440762,0.12921224160309697,0.0
6306,1.0,0.05,0.0001251736107957538,9.853728956636516,0.007105084182440762,0.12921224160309697,0.0
6307,1.0,0.05,0.0001251736107957538,9.67370150457107,0.007105084182440762,0.12921224160309697,0.0
6308,1.0,0.05,0.0001251736107957538,9.67370150457107,0.007105084182440762,0.12921224160309697,0.0
6309,1.0,0.05,0.0001251736107957538,9.67370150457107,0.005912828290021529,0.12921224160309697,0.0
6310,1.0,0.05,0.0001251736107957538,9.67370150457107,0.007328403154578576,0.12921224160309697,0.0
6311,1.0,0.05,0.0001251736107957538,6.705346424799231,0.007328403154578576,0.12921224160309697,0.0
6312,1.0,0.05,0.0001251736107957538,6.705346424799231,0.006053327196127645,0.12921224160309697,0.0
6313,1.0,0.05,0.0001251736107957538,6.705346424799231,0.006053327196127645,0.12921224160309697,0.0
6314,1.0,0.05,0.0001251736107957538,6.705346424799231,0.006053327196127645,0.12921224160309697,0.0
6315,1.0,0.05,0.0001251736107957538,6.705346424799231,0.006807999954132906,0.12446678941409242,0.0
6316,1.0,0.05,0.0001251736107957538,6.705346424799231,0.006644184266209767,0.13640821532455177,0.0
6317,1.0,0.05,0.0001251736107957538,6.705346424799231,0.005799236550595088,0.13640821532455177,0.0
6318,1.0,0.05,0.0001251736107957538,4.821681764836242,0.005799236550595088,0.13640821532455177,0.0
6319,1.0,0.05,0.00012091456210034499,4.821681764836242,0.0057879417379525415,0.13640821532455177,0.0
6320,1.0,0.05,0.00012091456210034499,4.821681764836242,0.007130970531399521,0.13640821532455177,0.0
6321,1.0,0.05,0.00012091456210034499,4.821681764836242,0.007130970531399521,0.13640821532455177,0.0
6322,1.0,0.05,0.0001243622214734202,4.821681764836242,0.007130970531399521,0.13640821532455177,0.0
6323,1.0,0.05,0.0001243622214734202,8.87569449562929,0.007130970531399521,0.13640821532455177,0.0
6324,1.0,0.05,0.0001243622214734202,8.87569449562929,0.007130970531399521,0.11830875940305594,0.0
6325,1.0,0.05,0.0001243622214734202,8.87569449562929,0.005968265463488375,0.11830875940305594,0.0
6326,1.0,0.05,0.0001243622214734202,4.997128219679368,0.0063997357749524236,0.1357371335600237,0.0
6327,1.0,0.05,0.0001243622214734202,8.557213359033653,0.0063997357749524236,0.1357371335600237,0.0
6328,1.0,0.05,0.0001243622214734202,8.557213359033653,0.0063997357749524236,0.1357371335600237,0.0
6329,1.0,0.05,0.0001243622214734202,8.557213359033653,0.0063997357749524236,0.12378143879701581,0.0
6330,1.0,0.05,0.0001243622214734202,8.096988592037732,0.0063997357749524236,0.12378143879701581,0.0
6331,1.0,0.05,0.0001243622214734202,8.486786481450764,0.0063997357749524236,0.12378143879701581,0.0
6332,1.0,0.05,0.0001243622214734202,8.486786481450764,0.0063997357749524236,0.12378143879701581,0.0
6333,1.0,0.05,0.0001243622214734202,8.486786481450764,0.0063997357749524236,0.12378143879701581,0.0
6334,1.0,0.05,0.00012631903459778545,8.486786481450764,0.0063997357749524236,0.15163200961353157,0.0
6335,1.0,0.05,0.00012631903459778545,8.486786481450764,0.007567407985074299,0.15163200961353157,0.0
6336,1.0,0.05,0.0001247669646665534,8.486786481450764,0.0065389672403161955,0.15163200961353157,0.0
6337,1.0,0.05,0.0001247669646665534,8.486786481450764,0.0065389672403161955,0.15163200961353157,0.0
6338,1.0,0.05,0.0001247669646665534,8.486786481450764,0.0065389672403161955,0.15163200961353157,0.0
6339,1.0,0.05,0.00012045687947431469,8.486786481450764,0.0065389672403161955,0.15163200961353157,0.0
6340,1.0,0.05,0.00012045687947431469,8.486786481450764,0.007402968475506479,0.15530963095463687,0.0
6341,1.0,0.05,0.00012045687947431469,8.486786481450764,0.007402968475506479,0.15530963095463687,0.0
6342,1.0,0.05,0.00012045687947431469,8.486786481450764,0.007402968475506479,0.149242073630125,0.0
6343,1.0,0.05,0.00011649535916769033,8.486786481450764,0.007402968475506479,0.149242073630125,0.0
6344,1.0,0.05,0.00011649535916769033,8.486786481450764,0.007402968475506479,0.149242073630125,0.0
6345,1.0,0.05,0.00011649535916769033,8.486786481450764,0.007402968475506479,0.149242073630125,0.0
6346,1.0,0.05,0.00011649535916769033,8.486786481450764,0.007402968475506479,0.188645373499305,0.0
6347,1.0,0.05,0.00011649535916769033,8.486786481450764,0.007402968475506479,0.188645373499305,0.0
6348,1.0,0.05,0.00011335339416732153,8.486786481450764,0.007402968475506479,0.188645373499305,0.0
6349,1.0,0.05,0.00010838757194121592,8.486786481450764,0.007402968475506479,0.188645373499305,0.0
6350,1.0,0.05,0.00010838757194121592,8.486786481450764,0.007402968475506479,0.188645373499305,0.0
6351,1.0,0.05,0.0001176802109389522,8.486786481450764,0.007402968475506479,0.188645373499305,0.0
6352,1.0,0.05,0.0001176802109389522,8.486786481450764,0.007402968475506479,0.188645373499305,0.0
6353,1.0,0.05,0.0001176802109389522,6.097863465651315,0.007402968475506479,0.188645373499305,0.0
6354,1.0,0.05,0.0001176802109389522,6.097863465651315,0.007402968475506479,0.188645373499305,0.0
6355,1.0,0.05,0.0001176802109389522,6.097863465651315,0.007402968475506479,0.14198994259400816,0.0
6356,1.0,0.05,0.0001176802109389522,6.245448953296744,0.007402968475506479,0.14198994259400816,0.0
6357,1.0,0.05,0.0001176802109389522,6.486168283515141,0.007402968475506479,0.14198994259400816,0.0
6358,1.0,0.05,0.0001176802109389522,6.486168283515141,0.007402968475506479,0.14198994259400816,0.0
6359,1.0,0.05,0.0001176802109389522,6.486168283515141,0.007402968475506479,0.14198994259400816,0.0
6360,1.0,0.05,0.0001176802109389522,6.486168283515141,0.007402968475506479,0.14198994259400816,0.0
6361,1.0,0.05,0.0001176802109389522,6.486168283515141,0.007402968475506479,0.14198994259400816,0.0
6362,1.0,0.05,0.0001176802109389522,6.486168283515141,0.007402968475506479,0.15435446585188972,0.0
6363,1.0,0.05,0.0001176802109389522,6.486168283515141,0.007402968475506479,0.15435446585188972,0.0
6364,1.0,0.05,0.0001176802109389522,6.486168283515141,0.007402968475506479,0.15435446585188972,0.0
6365,1.0,0.05,0.0001176802109389522,6.486168283515141,0.007402968475506479,0.15435446585188972,0.0
6366,1.0,0.05,0.0001176802109389522,6.486168283515141,0.007402968475506479,0.15435446585188972,0.0
6367,1.0,0.05,0.00011353734414179551,6.486168283515141,0.007402968475506479,0.15435446585188972,0.0
6368,1.0,0.05,0.00011353734414179551,6.486168283515141,0.007402968475506479,0.15435446585188972,0.0
6369,1.0,0.05,0.00011353734414179551,6.486168283515141,0.007402968475506479,0.15435446585188972,0.0
6370,1.0,0.05,0.00011353734414179551,8.275261712133087,0.007402968475506479,0.15435446585188972,0.0
6371,1.0,0.05,0.00011353734414179551,8.275261712133087,0.007402968475506479,0.15435446585188972,0.0
6372,1.0,0.05,0.00011200700929956153,9.736252107408006,0.00678226419923364,0.15435446585188972,0.0
6373,1.0,0.05,0.00011200700929956153,9.736252107408006,0.00678226419923364,0.15435446585188972,0.0
6374,1.0,0.05,0.00011200700929956153,9.736252107408006,0.00678226419923364,0.14068628278833736,0.0
6375,1.0,0.05,0.00011200700929956153,9.736252107408006,0.00678226419923364,0.14068628278833736,0.0
6376,1.0,0.05,0.00011200700929956153,9.736252107408006,0.00678226419923364,0.19312651040755743,0.0
6377,1.0,0.05,0.00011200700929956153,9.736252107408006,0.00678226419923364,0.17782169353589947,0.0
6378,1.0,0.05,0.00011200700929956153,9.736252107408006,0.006825892138339603,0.16805170825737825,0.0
6379,1.0,0.05,0.00011200700929956153,9.736252107408006,0.007988073522943446,0.16805170825737825,0.0
6380,1.0,0.05,0.00011200700929956153,9.736252107408006,0.007988073522943446,0.16805170825737825,0.0
6381,1.0,0.05,0.00011200700929956153,10.877842076334204,0.007609188961203323,0.16805170825737825,0.0
6382,1.0,0.05,0.00011200700929956153,10.877842076334204,0.007609188961203323,0.16805170825737825,0.0
6383,1.0,0.05,0.00011200700929956153,10.877842076334204,0.007609188961203323,0.16805170825737825,0.0
6384,1.0,0.05,0.00011200700929956153,10.877842076334204,0.007609188961203323,0.16805170825737825,0.0
6385,1.0,0.05,0.00011200700929956153,10.877842076334204,0.007609188961203323,0.16805170825737825,0.0
6386,1.0,0.05,0.00011200700929956153,10.877842076334204,0.007609188961203323,0.16805170825737825,0.0
6387,1.0,0.05,0.00011521156662961197,10.877842076334204,0.007609188961203323,0.14272057971841426,0.0
6388,1.0,0.05,0.00011521156662961197,9.611121050737495,0.007922910454028586,0.14272057971841426,0.0
6389,1.0,0.05,0.00011521156662961197,8.273234747461018,0.007922910454028586,0.14272057971841426,0.0
6390,1.0,0.05,0.00011521156662961197,8.273234747461018,0.007922910454028586,0.14272057971841426,0.0
6391,1.0,0.05,0.00011521156662961197,8.273234747461018,0.00827693946774647,0.14272057971841426,0.0
6392,1.0,0.05,0.00011521156662961197,8.273234747461018,0.00827693946774647,0.14795986108846,0.0
6393,1.0,0.05,0.00011521156662961197,8.273234747461018,0.00827693946774647,0.14795986108846,0.0
6394,1.0,0.05,0.00011521156662961197,8.273234747461018,0.00827693946774647,0.14795986108846,0.0
6395,1.0,0.05,0.00011521156662961197,8.273234747461018,0.00827693946774647,0.14795986108846,0.0
6396,1.0,0.05,0.00011521156662961197,8.273234747461018,0.00827693946774647,0.17173163660083687,0.0
6397,1.0,0.05,0.00011460546245378942,9.668091268473475,0.00827693946774647,0.17832075912386708,0.0
6398,1.0,0.05,0.00011460546245378942,8.772804729834533,0.00827693946774647,0.17832075912386708,0.0
6399,1.0,0.05,0.00011460546245378942,8.772804729834533,0.00827693946774647,0.17832075912386708,0.0
6400,1.0,0.05,0.00011460546245378942,11.354040755503348,0.00827693946774647,0.17832075912386708,0.0
6401,1.0,0.05,0.00011460546245378942,11.354040755503348,0.00827693946774647,0.1736962763424643,0.0
6402,1.0,0.05,0.00011460546245378942,11.354040755503348,0.00827693946774647,0.1736962763424643,0.0
6403,1.0,0.05,0.00011460546245378942,11.354040755503348,0.00827693946774647,0.1736962763424643,0.0
6404,1.0,0.05,0.00011460546245378942,11.354040755503348,0.00827693946774647,0.1736962763424643,0.0
6405,1.0,0.05,0.00011460546245378942,11.354040755503348,0.00827693946774647,0.1736962763424643,0.0
6406,1.0,0.05,0.00011460546245378942,11.354040755503348,0.00827693946774647,0.1736962763424643,0.0
6407,1.0,0.05,0.00011460546245378942,11.354040755503348,0.00827693946774647,0.1736962763424643,0.0
6408,1.0,0.05,0.00011460546245378942,14.824193800009226,0.00827693946774647,0.1736962763424643,0.0
6409,1.0,0.05,0.00011460546245378942,14.824193800009226,0.00827693946774647,0.1736962763424643,0.0
6410,1.0,0.05,0.00011460546245378942,7.82849848674914,0.00827693946774647,0.1736962763424643,0.0
6411,1.0,0.05,0.00011961849869296583,7.82849848674914,0.00827693946774647,0.15591408082634328,0.0
6412,1.0,0.05,0.00011961849869296583,7.37657221135531,0.006008302734348278,0.15591408082634328,0.0
6413,1.0,0.05,0.00011961849869296583,7.37657221135531,0.007581382971484932,0.15591408082634328,0.0
6414,1.0,0.05,0.00011961849869296583,7.37657221135531,0.007581382971484932,0.15591408082634328,0.0
6415,1.0,0.05,0.00011961849869296583,7.37657221135531,0.007581382971484932,0.15591408082634328,0.0
6416,1.0,0.05,0.00011961849869296583,7.37657221135531,0.007581382971484932,0.15591408082634328,0.0
6417,1.0,0.05,0.00011961849869296583,10.318490673366583,0.007581382971484932,0.15591408082634328,0.0
6418,1.0,0.05,0.00011862050303570284,10.318490673366583,0.007581382971484932,0.16917480983750488,0.0
6419,1.0,0.05,0.00011862050303570284,10.318490673366583,0.007581382971484932,0.16917480983750488,0.0
6420,1.0,0.05,0.00011862050303570284,10.318490673366583,0.007581382971484932,0.12090998566518457,0.0
6421,1.0,0.05,0.00011862050303570284,10.318490673366583,0.006730038921679555,0.12090998566518457,0.0
6422,1.0,0.05,0.00011862050303570284,10.318490673366583,0.006730038921679555,0.137262550915549,0.0
6423,1.0,0.05,0.00011862050303570284,10.318490673366583,0.007701791372082236,0.137262550915549,0.0
6424,1.0,0.05,0.00011862050303570284,10.318490673366583,0.007701791372082236,0.137262550915549,0.0
6425,1.0,0.05,0.00011862050303570284,10.318490673366583,0.007701791372082236,0.137262550915549,0.0
6426,1.0,0.05,0.00011862050303570284,10.318490673366583,0.007701791372082236,0.137262550915549,0.0
6427,1.0,0.05,0.00011862050303570284,10.318490673366583,0.007701791372082236,0.137262550915549,0.0
6428,1.0,0.05,0.00011862050303570284,10.318490673366583,0.007701791372082236,0.137262550915549,0.0
6429,1.0,0.05,0.00011862050303570284,10.318490673366583,0.007701791372082236,0.137262550915549,0.0
6430,1.0,0.05,0.00011862050303570284,10.458266110507324,0.007701791372082236,0.137262550915549,0.0
6431,1.0,0.05,0.00011862050303570284,10.458266110507324,0.007701791372082236,0.137262550915549,0.0
6432,1.0,0.05,0.00011862050303570284,9.658812967763836,0.007701791372082236,0.137262550915549,0.0
6433,1.0,0.05,0.00011862050303570284,9.658812967763836,0.007751947336332602,0.16537947432674022,0.0
6434,1.0,0.05,0.00011862050303570284,9.658812967763836,0.007751947336332602,0.16537947432674022,0.0
6435,1.0,0.05,0.00011238173285958567,9.658812967763836,0.007751947336332602,0.16537947432674022,0.0
6436,1.0,0.05,0.00011238173285958567,9.658812967763836,0.007751947336332602,0.16537947432674022,0.0
6437,1.0,0.05,0.00011238173285958567,9.658812967763836,0.007751947336332602,0.16537947432674022,0.0
6438,1.0,0.05,0.00011238173285958567,9.658812967763836,0.007751947336332602,0.16537947432674022,0.0
6439,1.0,0.05,0.00011238173285958567,9.658812967763836,0.007751947336332602,0.16537947432674022,0.0
6440,1.0,0.05,0.00011238173285958567,9.658812967763836,0.007584389953030007,0.16537947432674022,0.0
6441,1.0,0.05,0.00011238173285958567,9.658812967763836,0.007584389953030007,0.16537947432674022,0.0
6442,1.0,0.05,0.00011238173285958567,9.658812967763836,0.007584389953030007,0.16537947432674022,0.0
6443,1.0,0.05,0.00011238173285958567,9.658812967763836,0.007584389953030007,0.16537947432674022,0.0
6444,1.0,0.05,0.00011238173285958567,9.658812967763836,0.007584389953030007,0.16537947432674022,0.0
6445,1.0,0.05,0.00011238173285958567,9.658812967763836,0.007584389953030007,0.16537947432674022,0.0
6446,1.0,0.05,0.00011238173285958567,9.658812967763836,0.007584389953030007,0.16537947432674022,0.0
6447,1.0,0.05,0.00011238173285958567,12.209038490269819,0.007584389953030007,0.16537947432674022,0.0
6448,1.0,0.05,0.00011238173285958567,12.209038490269819,0.007584389953030007,0.16537947432674022,0.0
6449,1.0,0.05,0.00010712488992202779,12.209038490269819,0.007584389953030007,0.16537947432674022,0.0
6450,1.0,0.05,0.00010712488992202779,12.209038490269819,0.007584389953030007,0.16537947432674022,0.0
6451,1.0,0.05,0.00010712488992202779,12.209038490269819,0.007584389953030007,0.16537947432674022,0.0
6452,1.0,0.05,0.00010712488992202779,12.209038490269819,0.007584389953030007,0.1377988440861627,0.0
6453,1.0,0.05,0.00010712488992202779,12.209038490269819,0.008009278382518147,0.1377988440861627,0.0
6454,1.0,0.05,0.00012141373786918952,12.209038490269819,0.0070443260986360985,0.1377988440861627,0.0
6455,1.0,0.05,0.00012141373786918952,12.209038490269819,0.0070443260986360985,0.1377988440861627,0.0
6456,1.0,0.05,0.00012141373786918952,12.209038490269819,0.0070443260986360985,0.13575938320729924,0.0
6457,1.0,0.05,0.00012141373786918952,12.209038490269819,0.0070443260986360985,0.13575938320729924,0.0
6458,1.0,0.05,0.00011409824804430445,12.209038490269819,0.0070443260986360985,0.13575938320729924,0.0
6459,1.0,0.05,0.00011409824804430445,12.209038490269819,0.0070443260986360985,0.13575938320729924,0.0
6460,1.0,0.05,0.00011409824804430445,12.209038490269819,0.0070443260986360985,0.13575938320729924,0.0
6461,1.0,0.05,0.00012560774988765782,12.209038490269819,0.0070443260986360985,0.13575938320729924,0.0
6462,1.0,0.05,0.00012560774988765782,12.209038490269819,0.0070443260986360985,0.09283741346946259,0.0
6463,1.0,0.05,0.00012560774988765782,12.209038490269819,0.0070443260986360985,0.12221869036800828,0.0
6464,1.0,0.05,0.00012560774988765782,12.209038490269819,0.0070443260986360985,0.12221869036800828,0.0
6465,1.0,0.05,0.00012516460709134024,12.209038490269819,0.0070443260986360985,0.12221869036800828,0.0
6466,1.0,0.05,0.00012516460709134024,12.209038490269819,0.0070443260986360985,0.12221869036800828,0.0
6467,1.0,0.05,0.00012516460709134024,12.209038490269819,0.0070443260986360985,0.12221869036800828,0.0
6468,1.0,0.05,0.00012516460709134024,12.209038490269819,0.0070443260986360985,0.12221869036800828,0.0
6469,1.0,0.05,0.00012516460709134024,15.786778735700508,0.0070443260986360985,0.0886493060162317,0.0
6470,1.0,0.05,0.00012516460709134024,15.786778735700508,0.0070443260986360985,0.0886493060162317,0.0
6471,1.0,0.05,0.00012516460709134024,15.786778735700508,0.0070443260986360985,0.0886493060162317,0.0
6472,1.0,0.05,0.00012516460709134024,15.786778735700508,0.0070443260986360985,0.0886493060162317,0.0
6473,1.0,0.05,0.00012516460709134024,17.655395983914303,0.0070443260986360985,0.0886493060162317,0.0
6474,1.0,0.05,0.00011661870765467775,17.655395983914303,0.0070443260986360985,0.0886493060162317,0.0
6475,1.0,0.05,0.00012538538021998255,17.655395983914303,0.0070443260986360985,0.0886493060162317,0.0
6476,1.0,0.05,0.00012538538021998255,17.655395983914303,0.0070443260986360985,0.0886493060162317,0.0
6477,1.0,0.05,0.00012538538021998255,17.655395983914303,0.0070443260986360985,0.0721431699671086,0.0
6478,1.0,0.05,0.00012538538021998255,17.655395983914303,0.0070443260986360985,0.0721431699671086,0.0
6479,1.0,0.05,0.00012538538021998255,17.655395983914303,0.007360219640492536,0.0721431699671086,0.0
6480,1.0,0.05,0.00012538538021998255,17.655395983914303,0.005784019698446999,0.0721431699671086,0.0
6481,1.0,0.05,0.00012538538021998255,17.655395983914303,0.005784019698446999,0.0721431699671086,0.0
6482,1.0,0.05,0.00012538538021998255,17.655395983914303,0.005784019698446999,0.0721431699671086,0.0
6483,1.0,0.05,0.00012538538021998255,17.655395983914303,0.005784019698446999,0.0721431699671086,0.0
6484,1.0,0.05,0.00012538538021998255,17.655395983914303,0.005784019698446999,0.0721431699671086,0.0
6485,1.0,0.05,0.00012538538021998255,17.655395983914303,0.00686450362892328,0.0721431699671086,0.0
6486,1.0,0.05,0.00012538538021998255,17.655395983914303,0.00686450362892328,0.0721431699671086,0.0
6487,1.0,0.05,0.00012538538021998255,17.655395983914303,0.00686450362892328,0.0721431699671086,0.0
6488,1.0,0.05,0.00012538538021998255,17.655395983914303,0.00686450362892328,0.0929402004181866,0.0
6489,1.0,0.05,0.00012538538021998255,17.655395983914303,0.00686450362892328,0.0929402004181866,0.0
6490,1.0,0.05,0.0001304316210832518,17.655395983914303,0.00686450362892328,0.0738809850768865,0.0
6491,1.0,0.05,0.0001304316210832518,17.23872611305768,0.00686450362892328,0.0738809850768865,0.0
6492,1.0,0.05,0.0001304316210832518,17.23872611305768,0.00686450362892328,0.09379824767019324,0.0
6493,1.0,0.05,0.0001304316210832518,16.20570742462202,0.00686450362892328,0.09379824767019324,0.0
6494,1.0,0.05,0.00011662970879880196,16.20570742462202,0.00686450362892328,0.09379824767019324,0.0
6495,1.0,0.05,0.00011662970879880196,16.20570742462202,0.00686450362892328,0.09379824767019324,0.0
6496,1.0,0.05,0.00012679602756693797,12.573941296298145,0.00686450362892328,0.09379824767019324,0.0
6497,1.0,0.05,0.00012679602756693797,12.573941296298145,0.00686450362892328,0.09379824767019324,0.0
6498,1.0,0.05,0.00012679602756693797,11.475902622632248,0.00625211147161253,0.09379824767019324,0.0
6499,1.0,0.05,0.00012679602756693797,11.475902622632248,0.00625211147161253,0.09379824767019324,0.0
6500,1.0,0.05,0.00012679602756693797,11.475902622632248,0.00625211147161253,0.09379824767019324,0.0
6501,1.0,0.05,0.00012679602756693797,11.475902622632248,0.00625211147161253,0.09379824767019324,0.0
6502,1.0,0.05,0.00012679602756693797,11.475902622632248,0.00625211147161253,0.10463355541340487,0.0
6503,1.0,0.05,0.00012679602756693797,11.475902622632248,0.00625211147161253,0.10463355541340487,0.0
6504,1.0,0.05,0.00012679602756693797,11.475902622632248,0.006429833459681428,0.10463355541340487,0.0
6505,1.0,0.05,0.00012679602756693797,11.475902622632248,0.006429833459681428,0.10463355541340487,0.0
6506,1.0,0.05,0.00012679602756693797,11.475902622632248,0.0064695480506459105,0.10463355541340487,0.0
6507,1.0,0.05,0.00012679602756693797,11.475902622632248,0.0064695480506459105,0.10463355541340487,0.0
6508,1.0,0.05,0.00012679602756693797,11.475902622632248,0.0064695480506459105,0.10463355541340487,0.0
6509,1.0,0.05,0.00012679602756693797,11.475902622632248,0.0064695480506459105,0.10463355541340487,0.0
6510,1.0,0.05,0.00012679602756693797,11.475902622632248,0.0064695480506459105,0.10463355541340487,0.0
6511,1.0,0.05,0.00012679602756693797,11.475902622632248,0.00621547402746334,0.10463355541340487,0.0
6512,1.0,0.05,0.00012679602756693797,11.475902622632248,0.00621547402746334,0.10463355541340487,0.0
6513,1.0,0.05,0.00012679602756693797,11.475902622632248,0.00621547402746334,0.10463355541340487,0.0
6514,1.0,0.05,0.00012679602756693797,11.475902622632248,0.00621547402746334,0.14142813974644913,0.0
6515,1.0,0.05,0.00012679602756693797,11.475902622632248,0.0062817455325561026,0.14142813974644913,0.0
6516,1.0,0.05,0.00012679602756693797,7.776390637487026,0.0062817455325561026,0.14142813974644913,0.0
6517,1.0,0.05,0.00012679602756693797,7.776390637487026,0.0062817455325561026,0.14142813974644913,0.0
6518,1.0,0.05,0.00012679602756693797,7.776390637487026,0.0062817455325561026,0.14142813974644913,0.0
6519,1.0,0.05,0.00012679602756693797,7.776390637487026,0.0062817455325561026,0.14142813974644913,0.0
6520,1.0,0.05,0.00012679602756693797,7.776390637487026,0.0062817455325561026,0.14142813974644913,0.0
6521,1.0,0.05,0.00012679602756693797,7.776390637487026,0.0062817455325561026,0.14142813974644913,0.0
6522,1.0,0.05,0.00012679602756693797,7.776390637487026,0.0062817455325561026,0.12281840913326639,0.0
6523,1.0,0.05,0.00012679602756693797,10.975887056235393,0.0062817455325561026,0.12281840913326639,0.0
6524,1.0,0.05,0.00012679602756693797,10.975887056235393,0.0062817455325561026,0.12281840913326639,0.0
6525,1.0,0.05,0.00012679602756693797,10.975887056235393,0.00663413534784558,0.12281840913326639,0.0
6526,1.0,0.05,0.00012679602756693797,10.975887056235393,0.00663413534784558,0.12281840913326639,0.0
6527,1.0,0.05,0.00012679602756693797,10.975887056235393,0.006611048388609044,0.12281840913326639,0.0
6528,1.0,0.05,0.00012679602756693797,10.975887056235393,0.006611048388609044,0.12281840913326639,0.0
6529,1.0,0.05,0.00012679602756693797,10.975887056235393,0.006611048388609044,0.12281840913326639,0.0
6530,1.0,0.05,0.00012679602756693797,7.783954384032967,0.006836230956729324,0.12281840913326639,0.0
6531,1.0,0.05,0.0001285541583828339,7.783954384032967,0.006836230956729324,0.12281840913326639,0.0
6532,1.0,0.05,0.0001285541583828339,7.783954384032967,0.006836230956729324,0.12281840913326639,0.0
6533,1.0,0.05,0.0001285541583828339,7.783954384032967,0.006836230956729324,0.12281840913326639,0.0
6534,1.0,0.05,0.0001285541583828339,7.783954384032967,0.006836230956729324,0.12281840913326639,0.0
6535,1.0,0.05,0.0001285541583828339,7.783954384032967,0.006836230956729324,0.12281840913326639,0.0
6536,1.0,0.05,0.0001285541583828339,7.783954384032967,0.006836230956729324,0.12281840913326639,0.0
6537,1.0,0.05,0.0001285541583828339,8.95918076704298,0.006508152531570098,0.12281840913326639,0.0
6538,1.0,0.05,0.0001242069246521759,8.95918076704298,0.006508152531570098,0.12281840913326639,0.0
6539,1.0,0.05,0.0001242069246521759,8.95918076704298,0.006508152531570098,0.12281840913326639,0.0
6540,1.0,0.05,0.00012546401348630242,8.95918076704298,0.006508152531570098,0.12281840913326639,0.0
6541,1.0,0.05,0.00012546401348630242,8.95918076704298,0.006508152531570098,0.12281840913326639,0.0
6542,1.0,0.05,0.00012105802994671171,8.95918076704298,0.006508152531570098,0.12281840913326639,0.0
6543,1.0,0.05,0.00012105802994671171,8.95918076704298,0.006508152531570098,0.12281840913326639,0.0
6544,1.0,0.05,0.00012105802994671171,8.464776180183904,0.006508152531570098,0.12281840913326639,0.0
6545,1.0,0.05,0.0001267955681303797,8.464776180183904,0.006508152531570098,0.12281840913326639,0.0
6546,1.0,0.05,0.0001267955681303797,8.464776180183904,0.006508152531570098,0.12281840913326639,0.0
6547,1.0,0.05,0.0001267955681303797,6.970543390944101,0.006508152531570098,0.12281840913326639,0.0
6548,1.0,0.05,0.0001267955681303797,6.970543390944101,0.006508152531570098,0.12281840913326639,0.0
6549,1.0,0.05,0.0001267955681303797,6.970543390944101,0.006508152531570098,0.12281840913326639,0.0
6550,1.0,0.05,0.0001299953923045373,6.970543390944101,0.006508152531570098,0.12281840913326639,0.0
6551,1.0,0.05,0.0001299953923045373,6.970543390944101,0.005715643352768508,0.12281840913326639,0.0
6552,1.0,0.05,0.0001299953923045373,6.970543390944101,0.005715643352768508,0.12281840913326639,0.0
6553,1.0,0.05,0.0001299953923045373,6.970543390944101,0.0059197315662884095,0.12281840913326639,0.0
6554,1.0,0.05,0.0001299953923045373,6.970543390944101,0.0059197315662884095,0.12281840913326639,0.0
6555,1.0,0.05,0.0001299953923045373,6.970543390944101,0.0059197315662884095,0.12281840913326639,0.0
6556,1.0,0.05,0.0001299953923045373,6.970543390944101,0.0059197315662884095,0.12281840913326639,0.0
6557,1.0,0.05,0.0001299953923045373,6.970543390944101,0.0059197315662884095,0.12281840913326639,0.0
6558,1.0,0.05,0.0001299953923045373,7.114363782018856,0.0059197315662884095,0.10724318640857933,0.0
6559,1.0,0.05,0.0001299953923045373,9.091342437118172,0.0059197315662884095,0.10724318640857933,0.0
6560,1.0,0.05,0.0001299953923045373,9.091342437118172,0.0059197315662884095,0.10724318640857933,0.0
6561,1.0,0.05,0.0001299953923045373,9.091342437118172,0.006068696082019382,0.08962079996420821,0.0
6562,1.0,0.05,0.0001299953923045373,9.091342437118172,0.0055190454998709166,0.08962079996420821,0.0
6563,1.0,0.05,0.0001299953923045373,7.287297891254951,0.0055190454998709166,0.08962079996420821,0.0
6564,1.0,0.05,0.0001299953923045373,7.287297891254951,0.0055190454998709166,0.08962079996420821,0.0
6565,1.0,0.05,0.0001299953923045373,12.547967854658282,0.0055190454998709166,0.09128812629247106,0.0
6566,1.0,0.05,0.0001299953923045373,12.547967854658282,0.0055190454998709166,0.09128812629247106,0.0
6567,1.0,0.05,0.0001299953923045373,12.547967854658282,0.006203888477986925,0.09128812629247106,0.0
6568,1.0,0.05,0.0001299953923045373,12.547967854658282,0.006332034965711614,0.09128812629247106,0.0
6569,1.0,0.05,0.0001299953923045373,12.547967854658282,0.006332034965711614,0.09128812629247106,0.0
6570,1.0,0.05,0.0001299953923045373,12.547967854658282,0.006332034965711614,0.09128812629247106,0.0
6571,1.0,0.05,0.0001299953923045373,12.547967854658282,0.006332034965711614,0.10337197438144255,0.0
6572,1.0,0.05,0.0001299953923045373,12.547967854658282,0.006332034965711614,0.10337197438144255,0.0
6573,1.0,0.05,0.0001299953923045373,12.547967854658282,0.006127579586187111,0.10337197438144255,0.0
6574,1.0,0.05,0.0001299953923045373,12.547967854658282,0.006127579586187111,0.10337197438144255,0.0
6575,1.0,0.05,0.0001299953923045373,10.463884914975964,0.006127579586187111,0.10337197438144255,0.0
6576,1.0,0.05,0.0001299953923045373,10.463884914975964,0.006127579586187111,0.10337197438144255,0.0
6577,1.0,0.05,0.0001299953923045373,10.463884914975964,0.006127579586187111,0.10337197438144255,0.0
6578,1.0,0.05,0.0001299953923045373,9.940045765222251,0.006127579586187111,0.10337197438144255,0.0
6579,1.0,0.05,0.0001299953923045373,9.940045765222251,0.006127579586187111,0.10337197438144255,0.0
6580,1.0,0.05,0.0001332641250180599,9.940045765222251,0.006127579586187111,0.10337197438144255,0.0
6581,1.0,0.05,0.0001332641250180599,9.940045765222251,0.006127579586187111,0.10580100976394555,0.0
6582,1.0,0.05,0.0001332641250180599,9.940045765222251,0.006127579586187111,0.10268612249886593,0.0
6583,1.0,0.05,0.0001332641250180599,9.940045765222251,0.006202426662187342,0.10268612249886593,0.0
6584,1.0,0.05,0.0001332641250180599,9.940045765222251,0.006202426662187342,0.10268612249886593,0.0
6585,1.0,0.05,0.0001332641250180599,9.940045765222251,0.006202426662187342,0.0845119448994703,0.0
6586,1.0,0.05,0.0001332641250180599,9.940045765222251,0.006202426662187342,0.0845119448994703,0.0
6587,1.0,0.05,0.0001332641250180599,9.940045765222251,0.006202426662187342,0.09036906543567895,0.0
6588,1.0,0.05,0.00012243672486778696,9.940045765222251,0.006202426662187342,0.09036906543567895,0.0
6589,1.0,0.05,0.00012243672486778696,9.940045765222251,0.006202426662187342,0.12690195169190938,0.0
6590,1.0,0.05,0.00012243672486778696,9.940045765222251,0.006202426662187342,0.12690195169190938,0.0
6591,1.0,0.05,0.00012243672486778696,9.940045765222251,0.006202426662187342,0.12690195169190938,0.0
6592,1.0,0.05,0.00012243672486778696,9.940045765222251,0.006202426662187342,0.13191312746274866,0.0
6593,1.0,0.05,0.00012243672486778696,9.940045765222251,0.006202426662187342,0.13191312746274866,0.0
6594,1.0,0.05,0.00012243672486778696,12.004134839753917,0.006202426662187342,0.13191312746274866,0.0
6595,1.0,0.05,0.00012243672486778696,12.004134839753917,0.006202426662187342,0.13191312746274866,0.0
6596,1.0,0.05,0.00012243672486778696,12.004134839753917,0.007263664380245311,0.13191312746274866,0.0
6597,1.0,0.05,0.00012243672486778696,12.004134839753917,0.007121602343725,0.13191312746274866,0.0
6598,1.0,0.05,0.00012312119678917517,12.004134839753917,0.007121602343725,0.13191312746274866,0.0
6599,1.0,0.05,0.00012312119678917517,12.004134839753917,0.007121602343725,0.10415010364153536,0.0
6600,1.0,0.05,0.00012312119678917517,12.004134839753917,0.007121602343725,0.10415010364153536,0.0
6601,1.0,0.05,0.00012312119678917517,12.004134839753917,0.006140045874897449,0.10415010364153536,0.0
6602,1.0,0.05,0.00012312119678917517,12.004134839753917,0.006140045874897449,0.10415010364153536,0.0
6603,1.0,0.05,0.00012312119678917517,12.004134839753917,0.006792018793831527,0.10415010364153536,0.0
6604,1.0,0.05,0.00012312119678917517,12.004134839753917,0.006792018793831527,0.10415010364153536,0.0
6605,1.0,0.05,0.00012312119678917517,12.004134839753917,0.006792018793831527,0.10415010364153536,0.0
6606,1.0,0.05,0.00012396694788566898,12.004134839753917,0.006447352107078544,0.08718193068623196,0.0
6607,1.0,0.05,0.00012396694788566898,12.004134839753917,0.006447352107078544,0.08718193068623196,0.0
6608,1.0,0.05,0.00012396694788566898,15.066345721566037,0.006447352107078544,0.08718193068623196,0.0
6609,1.0,0.05,0.00012396694788566898,15.066345721566037,0.006447352107078544,0.1006518177454899,0.0
6610,1.0,0.05,0.00012396694788566898,15.066345721566037,0.006447352107078544,0.1006518177454899,0.0
6611,1.0,0.05,0.00012396694788566898,15.066345721566037,0.006331903966780088,0.1006518177454899,0.0
6612,1.0,0.05,0.00012396694788566898,15.066345721566037,0.006331903966780088,0.1006518177454899,0.0
6613,1.0,0.05,0.00012396694788566898,15.066345721566037,0.006331903966780088,0.0980786030888032,0.0
6614,1.0,0.05,0.00012396694788566898,15.066345721566037,0.006331903966780088,0.0980786030888032,0.0
6615,1.0,0.05,0.00012396694788566898,15.066345721566037,0.006557088007293779,0.0980786030888032,0.0
6616,1.0,0.05,0.00012396694788566898,15.066345721566037,0.0074194605246717974,0.0980786030888032,0.0
6617,1.0,0.05,0.00011755879145688466,14.016268805605065,0.00720697355170686,0.0980786030888032,0.0
6618,1.0,0.05,0.00011755879145688466,14.016268805605065,0.00720697355170686,0.0980786030888032,0.0
6619,1.0,0.05,0.00011755879145688466,14.016268805605065,0.00734882350010936,0.0980786030888032,0.0
6620,1.0,0.05,0.00011755879145688466,14.016268805605065,0.00734882350010936,0.13665187741571094,0.0
6621,1.0,0.05,0.00011755879145688466,14.016268805605065,0.00734882350010936,0.13665187741571094,0.0
6622,1.0,0.05,0.00011755879145688466,10.440101064533565,0.00734882350010936,0.1464064352542715,0.0
6623,1.0,0.05,0.00011755879145688466,10.440101064533565,0.007686640701401788,0.1464064352542715,0.0
6624,1.0,0.05,0.00011755879145688466,10.440101064533565,0.007686640701401788,0.14393249115196205,0.0
6625,1.0,0.05,0.00011755879145688466,10.190216396377807,0.007686640701401788,0.14393249115196205,0.0
6626,1.0,0.05,0.00011755879145688466,10.190216396377807,0.007686640701401788,0.14393249115196205,0.0
6627,1.0,0.05,0.00011755879145688466,10.190216396377807,0.007686640701401788,0.14393249115196205,0.0
6628,1.0,0.05,0.00011755879145688466,10.190216396377807,0.007686640701401788,0.14393249115196205,0.0
6629,1.0,0.05,0.00011755879145688466,10.190216396377807,0.007686640701401788,0.14393249115196205,0.0
6630,1.0,0.05,0.00011755879145688466,10.190216396377807,0.007686640701401788,0.14393249115196205,0.0
6631,1.0,0.05,0.0001158475271208755,10.190216396377807,0.007686640701401788,0.14393249115196205,0.0
6632,1.0,0.05,0.0001158475271208755,10.190216396377807,0.007002991116256658,0.14393249115196205,0.0
6633,1.0,0.05,0.0001158475271208755,10.190216396377807,0.007002991116256658,0.14393249115196205,0.0
6634,1.0,0.05,0.0001158475271208755,10.190216396377807,0.007002991116256658,0.14393249115196205,0.0
6635,1.0,0.05,0.0001158475271208755,10.190216396377807,0.007002991116256658,0.14393249115196205,0.0
6636,1.0,0.05,0.0001158475271208755,10.190216396377807,0.007002991116256658,0.14393249115196205,0.0
6637,1.0,0.05,0.0001158475271208755,10.190216396377807,0.007002991116256658,0.14393249115196205,0.0
6638,1.0,0.05,0.0001158475271208755,10.190216396377807,0.007002991116256658,0.1519243368290657,0.0
6639,1.0,0.05,0.0001158475271208755,10.190216396377807,0.007002991116256658,0.1293556744369007,0.0
6640,1.0,0.05,0.0001158475271208755,10.190216396377807,0.007002991116256658,0.1293556744369007,0.0
6641,1.0,0.05,0.0001158475271208755,10.190216396377807,0.007002991116256658,0.1293556744369007,0.0
6642,1.0,0.05,0.0001158475271208755,10.190216396377807,0.007002991116256658,0.1293556744369007,0.0
6643,1.0,0.05,0.0001158475271208755,13.21486330895354,0.007002991116256658,0.1293556744369007,0.0
6644,1.0,0.05,0.0001158475271208755,13.21486330895354,0.007002991116256658,0.1293556744369007,0.0
6645,1.0,0.05,0.0001158475271208755,13.21486330895354,0.007002991116256658,0.1107691309852035,0.0
6646,1.0,0.05,0.0001158475271208755,13.21486330895354,0.007002991116256658,0.1107691309852035,0.0
6647,1.0,0.05,0.0001158475271208755,13.21486330895354,0.007002991116256658,0.1107691309852035,0.0
6648,1.0,0.05,0.0001158475271208755,14.929882872812513,0.007002991116256658,0.1107691309852035,0.0
6649,1.0,0.05,0.0001158475271208755,14.929882872812513,0.007002991116256658,0.12651741080632692,0.0
6650,1.0,0.05,0.0001158475271208755,14.929882872812513,0.007002991116256658,0.12651741080632692,0.0
6651,1.0,0.05,0.0001158475271208755,14.929882872812513,0.007002991116256658,0.12651741080632692,0.0
6652,1.0,0.05,0.0001158475271208755,14.929882872812513,0.007002991116256658,0.12651741080632692,0.0
6653,1.0,0.05,0.0001158475271208755,14.929882872812513,0.007002991116256658,0.12651741080632692,0.0
6654,1.0,0.05,0.00012247375288664157,14.929882872812513,0.007002991116256658,0.12651741080632692,0.0
6655,1.0,0.05,0.00011972143723406246,14.929882872812513,0.007011739769651162,0.12651741080632692,0.0
6656,1.0,0.05,0.00012492943956599729,7.61928942399301,0.007011739769651162,0.12651741080632692,0.0
6657,1.0,0.05,0.00012492943956599729,7.61928942399301,0.007011739769651162,0.12651741080632692,0.0
6658,1.0,0.05,0.00012492943956599729,7.1010060659315855,0.007011739769651162,0.12651741080632692,0.0
6659,1.0,0.05,0.00012492943956599729,9.867493564448623,0.006257285851591905,0.1323731156450703,0.0
6660,1.0,0.05,0.00012492943956599729,9.867493564448623,0.0065807307033890605,0.12383877478924099,0.0
6661,1.0,0.05,0.00012492943956599729,10.78354960654589,0.006302354232704046,0.12383877478924099,0.0
6662,1.0,0.05,0.00012492943956599729,10.78354960654589,0.006302354232704046,0.12383877478924099,0.0
6663,1.0,0.05,0.00012492943956599729,10.78354960654589,0.006302354232704046,0.12383877478924099,0.0
6664,1.0,0.05,0.00012492943956599729,9.868591597131427,0.006920041805030268,0.12383877478924099,0.0
6665,1.0,0.05,0.00012492943956599729,9.868591597131427,0.006920041805030268,0.12383877478924099,0.0
6666,1.0,0.05,0.00011831446578298096,9.868591597131427,0.006920041805030268,0.12383877478924099,0.0
6667,1.0,0.05,0.00011831446578298096,9.868591597131427,0.006920041805030268,0.12383877478924099,0.0
6668,1.0,0.05,0.00011831446578298096,9.868591597131427,0.006920041805030268,0.12383877478924099,0.0
6669,1.0,0.05,0.00011831446578298096,9.868591597131427,0.006920041805030268,0.12383877478924099,0.0
6670,1.0,0.05,0.00011831446578298096,9.868591597131427,0.006952841724398973,0.12383877478924099,0.0
6671,1.0,0.05,0.00011831446578298096,9.868591597131427,0.006952841724398973,0.12383877478924099,0.0
6672,1.0,0.05,0.00011831446578298096,9.868591597131427,0.006952841724398973,0.12383877478924099,0.0
6673,1.0,0.05,0.00011831446578298096,9.868591597131427,0.006952841724398973,0.15072583528953962,0.0
6674,1.0,0.05,0.00011831446578298096,9.957986111070099,0.006952841724398973,0.15072583528953962,0.0
6675,1.0,0.05,0.00011831446578298096,9.957986111070099,0.006952841724398973,0.15072583528953962,0.0
6676,1.0,0.05,0.00011831446578298096,9.957986111070099,0.006952841724398973,0.15072583528953962,0.0
6677,1.0,0.05,0.00011831446578298096,9.957986111070099,0.006952841724398973,0.15072583528953962,0.0
6678,1.0,0.05,0.00011831446578298096,9.957986111070099,0.006952841724398973,0.15072583528953962,0.0
6679,1.0,0.05,0.00011831446578298096,9.957986111070099,0.007265015307807167,0.15072583528953962,0.0
6680,1.0,0.05,0.00011831446578298096,9.957986111070099,0.007265015307807167,0.15072583528953962,0.0
6681,1.0,0.05,0.00011831446578298096,9.957986111070099,0.007265015307807167,0.12756684704161245,0.0
6682,1.0,0.05,0.00011831446578298096,9.957986111070099,0.007265015307807167,0.12756684704161245,0.0
6683,1.0,0.05,0.00011831446578298096,9.957986111070099,0.007265015307807167,0.12756684704161245,0.0
6684,1.0,0.05,0.00011831446578298096,9.957986111070099,0.007331905353901135,0.12756684704161245,0.0
6685,1.0,0.05,0.00011831446578298096,9.957986111070099,0.007331905353901135,0.12756684704161245,0.0
6686,1.0,0.05,0.0001227413180621171,9.957986111070099,0.007331905353901135,0.12756684704161245,0.0
6687,1.0,0.05,0.0001227413180621171,9.957986111070099,0.007331905353901135,0.1686060722188182,0.0
6688,1.0,0.05,0.0001227413180621171,9.957986111070099,0.007331905353901135,0.1686060722188182,0.0
6689,1.0,0.05,0.0001227413180621171,9.957986111070099,0.007331905353901135,0.1686060722188182,0.0
6690,1.0,0.05,0.0001227413180621171,9.957986111070099,0.007331905353901135,0.1686060722188182,0.0
6691,1.0,0.05,0.0001227413180621171,9.396378897854248,0.007331905353901135,0.1686060722188182,0.0
6692,1.0,0.05,0.0001227413180621171,9.396378897854248,0.007331905353901135,0.17220911303401204,0.0
6693,1.0,0.05,0.0001227413180621171,9.396378897854248,0.007331905353901135,0.14816430897228988,0.0
6694,1.0,0.05,0.0001227413180621171,9.396378897854248,0.007331905353901135,0.14816430897228988,0.0
6695,1.0,0.05,0.0001227413180621171,9.396378897854248,0.007331905353901135,0.14816430897228988,0.0
6696,1.0,0.05,0.0001227413180621171,9.396378897854248,0.007331905353901135,0.14816430897228988,0.0
6697,1.0,0.05,0.0001227413180621171,9.396378897854248,0.007331905353901135,0.14816430897228988,0.0
6698,1.0,0.05,0.00012132959767075523,9.396378897854248,0.007331905353901135,0.14816430897228988,0.0
6699,1.0,0.05,0.00012132959767075523,9.396378897854248,0.007331905353901135,0.14816430897228988,0.0
6700,1.0,0.05,0.00012117131802424409,9.396378897854248,0.007331905353901135,0.14774479426038478,0.0
6701,1.0,0.05,0.00012117131802424409,9.396378897854248,0.007331905353901135,0.14774479426038478,0.0
6702,1.0,0.05,0.00012117131802424409,9.396378897854248,0.007331905353901135,0.14774479426038478,0.0
6703,1.0,0.05,0.00012117131802424409,9.396378897854248,0.007331905353901135,0.14774479426038478,0.0
6704,1.0,0.05,0.00012117131802424409,9.396378897854248,0.006338351364845637,0.11681839144531869,0.0
6705,1.0,0.05,0.00012117131802424409,9.396378897854248,0.006338351364845637,0.11681839144531869,0.0
6706,1.0,0.05,0.00012117131802424409,9.396378897854248,0.006338351364845637,0.11681839144531869,0.0
6707,1.0,0.05,0.00012117131802424409,9.396378897854248,0.006338351364845637,0.11681839144531869,0.0
6708,1.0,0.05,0.00012117131802424409,9.396378897854248,0.006338351364845637,0.11681839144531869,0.0
6709,1.0,0.05,0.00012117131802424409,9.396378897854248,0.006338351364845637,0.11681839144531869,0.0
6710,1.0,0.05,0.00012117131802424409,9.396378897854248,0.006338351364845637,0.11681839144531869,0.0
6711,1.0,0.05,0.00012117131802424409,9.396378897854248,0.006338351364845637,0.11681839144531869,0.0
6712,1.0,0.05,0.00012117131802424409,9.396378897854248,0.006338351364845637,0.11681839144531869,0.0
6713,1.0,0.05,0.00012117131802424409,9.396378897854248,0.006338351364845637,0.1153282578945701,0.0
6714,1.0,0.05,0.00012117131802424409,9.396378897854248,0.006338351364845637,0.1153282578945701,0.0
6715,1.0,0.05,0.00012117131802424409,9.396378897854248,0.006338351364845637,0.11075170217195726,0.0
6716,1.0,0.05,0.00012293421300165673,9.396378897854248,0.006338351364845637,0.11075170217195726,0.0
6717,1.0,0.05,0.00012293421300165673,9.396378897854248,0.006338351364845637,0.11075170217195726,0.0
6718,1.0,0.05,0.00012293421300165673,9.396378897854248,0.006338351364845637,0.11075170217195726,0.0
6719,1.0,0.05,0.00012293421300165673,9.396378897854248,0.006338351364845637,0.11075170217195726,0.0
6720,1.0,0.05,0.00012293421300165673,9.396378897854248,0.00701429061804329,0.11075170217195726,0.0
6721,1.0,0.05,0.00012293421300165673,12.450597689064452,0.00701429061804329,0.11075170217195726,0.0
6722,1.0,0.05,0.00012293421300165673,12.450597689064452,0.007006024084215545,0.11136894942764972,0.0
6723,1.0,0.05,0.00012293421300165673,12.450597689064452,0.007006024084215545,0.1355033103034728,0.0
6724,1.0,0.05,0.00012293421300165673,12.450597689064452,0.007006024084215545,0.1355033103034728,0.0
6725,1.0,0.05,0.00012293421300165673,12.450597689064452,0.007219220225037023,0.1355033103034728,0.0
6726,1.0,0.05,0.00012293421300165673,12.450597689064452,0.007219220225037023,0.1175795553358695,0.0
6727,1.0,0.05,0.00012293421300165673,12.450597689064452,0.007219220225037023,0.1175795553358695,0.0
6728,1.0,0.05,0.00012293421300165673,12.450597689064452,0.006876771003250985,0.11297013259997173,0.0
6729,1.0,0.05,0.00012293421300165673,12.450597689064452,0.006876771003250985,0.10629219926608237,0.0
6730,1.0,0.05,0.00012293421300165673,12.450597689064452,0.006876771003250985,0.10629219926608237,0.0
6731,1.0,0.05,0.00012293421300165673,10.565081171794759,0.0071564441314415994,0.10629219926608237,0.0
6732,1.0,0.05,0.00012293421300165673,10.565081171794759,0.0071564441314415994,0.10629219926608237,0.0
6733,1.0,0.05,0.00012293421300165673,10.822174133812211,0.0071564441314415994,0.10629219926608237,0.0
6734,1.0,0.05,0.00012293421300165673,15.660177505445617,0.0071564441314415994,0.10629219926608237,0.0
6735,1.0,0.05,0.00012293421300165673,15.660177505445617,0.0071564441314415994,0.0955609633854084,0.0
6736,1.0,0.05,0.00011733838846944104,15.660177505445617,0.0071564441314415994,0.10463360618244186,0.0
6737,1.0,0.05,0.00011733838846944104,15.660177505445617,0.0071564441314415994,0.13492729038976758,0.0
6738,1.0,0.05,0.00011733838846944104,15.660177505445617,0.0071564441314415994,0.13492729038976758,0.0
6739,1.0,0.05,0.00011733838846944104,15.660177505445617,0.0071564441314415994,0.13492729038976758,0.0
6740,1.0,0.05,0.00012191511061873946,9.397297615752436,0.0071564441314415994,0.13492729038976758,0.0
6741,1.0,0.05,0.00011856988663152552,9.397297615752436,0.0071564441314415994,0.13492729038976758,0.0
6742,1.0,0.05,0.00011856988663152552,9.397297615752436,0.0071564441314415994,0.13492729038976758,0.0
6743,1.0,0.05,0.00011856988663152552,9.397297615752436,0.0071564441314415994,0.13492729038976758,0.0
6744,1.0,0.05,0.00011856988663152552,9.397297615752436,0.0071564441314415994,0.13492729038976758,0.0
6745,1.0,0.05,0.00011856988663152552,9.397297615752436,0.0071564441314415994,0.13492729038976758,0.0
6746,1.0,0.05,0.00011829198662005594,9.397297615752436,0.0071564441314415994,0.13492729038976758,0.0
6747,1.0,0.05,0.00012481829015377355,9.397297615752436,0.0071564441314415994,0.13492729038976758,0.0
6748,1.0,0.05,0.00012481829015377355,9.397297615752436,0.006745969713485384,0.13492729038976758,0.0
6749,1.0,0.05,0.00012481829015377355,9.397297615752436,0.006745969713485384,0.10425017361754854,0.0
6750,1.0,0.05,0.00012481829015377355,9.397297615752436,0.006745969713485384,0.11720627091260415,0.0
6751,1.0,0.05,0.00012481829015377355,8.298699134483229,0.006745969713485384,0.11720627091260415,0.0
6752,1.0,0.05,0.00012481829015377355,8.298699134483229,0.006745969713485384,0.11720627091260415,0.0
6753,1.0,0.05,0.00012481829015377355,8.298699134483229,0.0070494805760623475,0.11720627091260415,0.0
6754,1.0,0.05,0.00012481829015377355,8.298699134483229,0.0070494805760623475,0.11720627091260415,0.0
6755,1.0,0.05,0.00012481829015377355,8.298699134483229,0.0069956042538352374,0.11720627091260415,0.0
6756,1.0,0.05,0.00012481829015377355,10.431706874104705,0.0069956042538352374,0.11720627091260415,0.0
6757,1.0,0.05,0.00012481829015377355,10.431706874104705,0.007621162083774451,0.11929731575132757,0.0
6758,1.0,0.05,0.00011668062684602377,10.431706874104705,0.007621162083774451,0.11929731575132757,0.0
6759,1.0,0.05,0.00011668062684602377,10.431706874104705,0.007621162083774451,0.11929731575132757,0.0
6760,1.0,0.05,0.00011668062684602377,10.431706874104705,0.007711434318859617,0.11929731575132757,0.0
6761,1.0,0.05,0.00011668062684602377,10.431706874104705,0.007711434318859617,0.1643247083792938,0.0
6762,1.0,0.05,0.00011668062684602377,10.431706874104705,0.007711434318859617,0.14054465025294918,0.0
6763,1.0,0.05,0.00011668062684602377,10.431706874104705,0.007711434318859617,0.14054465025294918,0.0
6764,1.0,0.05,0.00011668062684602377,10.431706874104705,0.007711434318859617,0.14054465025294918,0.0
6765,1.0,0.05,0.00011668062684602377,10.431706874104705,0.007711434318859617,0.14054465025294918,0.0
6766,1.0,0.05,0.00011668062684602377,10.431706874104705,0.007608447478627712,0.14054465025294918,0.0
6767,1.0,0.05,0.00011999924940488059,10.431706874104705,0.007608447478627712,0.14054465025294918,0.0
6768,1.0,0.05,0.00011999924940488059,10.431706874104705,0.007608447478627712,0.14054465025294918,0.0
6769,1.0,0.05,0.00011999924940488059,10.431706874104705,0.007159980014540598,0.14054465025294918,0.0
6770,1.0,0.05,0.00011999924940488059,10.431706874104705,0.007159980014540598,0.14054465025294918,0.0
6771,1.0,0.05,0.00011657268902529208,10.431706874104705,0.007159980014540598,0.14054465025294918,0.0
6772,1.0,0.05,0.00011657268902529208,10.431706874104705,0.007159980014540598,0.14054465025294918,0.0
6773,1.0,0.05,0.00011657268902529208,10.431706874104705,0.007159980014540598,0.14054465025294918,0.0
6774,1.0,0.05,0.00011657268902529208,10.431706874104705,0.007159980014540598,0.14054465025294918,0.0
6775,1.0,0.05,0.00011657268902529208,10.431706874104705,0.007159980014540598,0.14054465025294918,0.0
6776,1.0,0.05,0.00011657268902529208,10.431706874104705,0.007159980014540598,0.13841483407194122,0.0
6777,1.0,0.05,0.00011657268902529208,10.431706874104705,0.007159980014540598,0.13841483407194122,0.0
6778,1.0,0.05,0.00011657268902529208,10.431706874104705,0.006807360575299221,0.13841483407194122,0.0
6779,1.0,0.05,0.00011657268902529208,11.709295215954654,0.006807360575299221,0.13841483407194122,0.0
6780,1.0,0.05,0.00011657268902529208,11.99208116914943,0.006807360575299221,0.13841483407194122,0.0
6781,1.0,0.05,0.00011657268902529208,11.99208116914943,0.007263858129945078,0.13841483407194122,0.0
6782,1.0,0.05,0.00011657268902529208,11.99208116914943,0.007263858129945078,0.13841483407194122,0.0
6783,1.0,0.05,0.00011081663436592496,11.99208116914943,0.007345777259518991,0.13841483407194122,0.0
6784,1.0,0.05,0.00011081663436592496,11.43510813955018,0.007345777259518991,0.13160614860134343,0.0
6785,1.0,0.05,0.00011081663436592496,11.43510813955018,0.007345777259518991,0.13160614860134343,0.0
6786,1.0,0.05,0.00011081663436592496,11.43510813955018,0.007345777259518991,0.13160614860134343,0.0
6787,1.0,0.05,0.00011081663436592496,11.731982140911555,0.007345777259518991,0.13160614860134343,0.0
6788,1.0,0.05,0.00011081663436592496,11.731982140911555,0.007345777259518991,0.13160614860134343,0.0
6789,1.0,0.05,0.00011081663436592496,11.731982140911555,0.007345777259518991,0.13160614860134343,0.0
6790,1.0,0.05,0.0001124334040823453,6.1454988833636435,0.007345777259518991,0.2051436109414129,0.0
6791,1.0,0.05,0.0001124334040823453,6.1454988833636435,0.007345777259518991,0.2051436109414129,0.0
6792,1.0,0.05,0.0001124334040823453,6.1454988833636435,0.007345777259518991,0.2051436109414129,0.0
6793,1.0,0.05,0.0001124334040823453,6.1454988833636435,0.007345777259518991,0.2051436109414129,0.0
6794,1.0,0.05,0.0001124334040823453,6.1454988833636435,0.0071686088464946035,0.2051436109414129,0.0
6795,1.0,0.05,0.00011890520002739181,6.1454988833636435,0.00758072735665171,0.226758078556956,0.0
6796,1.0,0.05,0.00011890520002739181,6.1454988833636435,0.00758072735665171,0.15636783908276317,0.0
6797,1.0,0.05,0.00011890520002739181,6.1454988833636435,0.00758072735665171,0.16799410599702258,0.0
6798,1.0,0.05,0.00011890520002739181,8.74681649624904,0.00758072735665171,0.16799410599702258,0.0
6799,1.0,0.05,0.00011890520002739181,8.74681649624904,0.00758072735665171,0.16799410599702258,0.0
6800,1.0,0.05,0.00011890520002739181,8.74681649624904,0.00758072735665171,0.16799410599702258,0.0
6801,1.0,0.05,0.00011890520002739181,8.74681649624904,0.00758072735665171,0.16799410599702258,0.0
6802,1.0,0.05,0.00011890520002739181,8.74681649624904,0.00758072735665171,0.16799410599702258,0.0
6803,1.0,0.05,0.00011890520002739181,8.74681649624904,0.007418685257626568,0.16799410599702258,0.0
6804,1.0,0.05,0.00011890520002739181,8.74681649624904,0.007418685257626568,0.16799410599702258,0.0
6805,1.0,0.05,0.00011890520002739181,8.74681649624904,0.007418685257626568,0.16799410599702258,0.0
6806,1.0,0.05,0.00011890520002739181,8.74681649624904,0.007418685257626568,0.16799410599702258,0.0
6807,1.0,0.05,0.00011890520002739181,8.74681649624904,0.007418685257626568,0.16799410599702258,0.0
6808,1.0,0.05,0.00011890520002739181,8.74681649624904,0.007418685257626568,0.17807031280943716,0.0
6809,1.0,0.05,0.00011890520002739181,8.74681649624904,0.007418685257626568,0.17807031280943716,0.0
6810,1.0,0.05,0.00011890520002739181,8.74681649624904,0.007418685257626568,0.17807031280943716,0.0
6811,1.0,0.05,0.00010763003215813634,8.74681649624904,0.007418685257626568,0.17807031280943716,0.0
6812,1.0,0.05,0.0001246920175020113,8.74681649624904,0.007418685257626568,0.17807031280943716,0.0
6813,1.0,0.05,0.0001246920175020113,8.74681649624904,0.006731239004738206,0.17807031280943716,0.0
6814,1.0,0.05,0.0001246920175020113,8.74681649624904,0.006731239004738206,0.17807031280943716,0.0
6815,1.0,0.05,0.0001246920175020113,8.74681649624904,0.006731239004738206,0.1533115582677298,0.0
6816,1.0,0.05,0.0001246920175020113,8.74681649624904,0.006731239004738206,0.1533115582677298,0.0
6817,1.0,0.05,0.0001246920175020113,8.74681649624904,0.006731239004738206,0.1533115582677298,0.0
6818,1.0,0.05,0.0001246920175020113,8.74681649624904,0.006731239004738206,0.1533115582677298,0.0
6819,1.0,0.05,0.0001246920175020113,8.74681649624904,0.006731239004738206,0.1533115582677298,0.0
6820,1.0,0.05,0.0001246920175020113,8.74681649624904,0.006731239004738206,0.1533115582677298,0.0
6821,1.0,0.05,0.0001246920175020113,8.74681649624904,0.006731239004738206,0.1533115582677298,0.0
6822,1.0,0.05,0.0001246920175020113,8.74681649624904,0.006731239004738206,0.1533115582677298,0.0
6823,1.0,0.05,0.0001246920175020113,6.9327811203409055,0.006731239004738206,0.1533115582677298,0.0
6824,1.0,0.05,0.0001246920175020113,6.9327811203409055,0.006361749072369619,0.1533115582677298,0.0
6825,1.0,0.05,0.00012356959744468953,6.9327811203409055,0.006361749072369619,0.1533115582677298,0.0
6826,1.0,0.05,0.00012356959744468953,6.9327811203409055,0.006361749072369619,0.1533115582677298,0.0
6827,1.0,0.05,0.00012356959744468953,9.909279607285313,0.00722825153375517,0.1533115582677298,0.0
6828,1.0,0.05,0.00012356959744468953,9.909279607285313,0.00722825153375517,0.12446926894944621,0.0
6829,1.0,0.05,0.00012356959744468953,9.909279607285313,0.00722825153375517,0.10015029072308447,0.0
6830,1.0,0.05,0.00012356959744468953,9.909279607285313,0.00722825153375517,0.10015029072308447,0.0
6831,1.0,0.05,0.00012356959744468953,9.909279607285313,0.00722825153375517,0.10015029072308447,0.0
6832,1.0,0.05,0.00012356959744468953,9.909279607285313,0.00722825153375517,0.10015029072308447,0.0
6833,1.0,0.05,0.00012356959744468953,14.4603290535604,0.00722825153375517,0.10015029072308447,0.0
6834,1.0,0.05,0.00012356959744468953,14.4603290535604,0.00722825153375517,0.10015029072308447,0.0
6835,1.0,0.05,0.00012356959744468953,14.4603290535604,0.00722825153375517,0.10015029072308447,0.0
6836,1.0,0.05,0.00012356959744468953,16.579567263127416,0.00722825153375517,0.09119627775596575,0.0
6837,1.0,0.05,0.00012356959744468953,13.180526090521582,0.0067872300909692694,0.09119627775596575,0.0
6838,1.0,0.05,0.00012356959744468953,13.180526090521582,0.0067872300909692694,0.09119627775596575,0.0
6839,1.0,0.05,0.00012356959744468953,13.180526090521582,0.007192681724705302,0.09119627775596575,0.0
6840,1.0,0.05,0.00012356959744468953,13.180526090521582,0.007192681724705302,0.09119627775596575,0.0
6841,1.0,0.05,0.00012356959744468953,13.180526090521582,0.007192681724705302,0.10432537460937392,0.0
6842,1.0,0.05,0.00012356959744468953,13.180526090521582,0.007192681724705302,0.10432537460937392,0.0
6843,1.0,0.05,0.00012356959744468953,13.180526090521582,0.007192681724705302,0.11087506165541106,0.0
6844,1.0,0.05,0.00012356959744468953,13.180526090521582,0.007192681724705302,0.11087506165541106,0.0
6845,1.0,0.05,0.00012356959744468953,13.180526090521582,0.007192681724705302,0.11087506165541106,0.0
6846,1.0,0.05,0.00012356959744468953,13.180526090521582,0.00641124405858919,0.11087506165541106,0.0
6847,1.0,0.05,0.00012356959744468953,12.699619295463151,0.00641124405858919,0.11087506165541106,0.0
6848,1.0,0.05,0.00012356959744468953,12.699619295463151,0.00641124405858919,0.11087506165541106,0.0
6849,1.0,0.05,0.00012356959744468953,12.699619295463151,0.006740626659791232,0.11087506165541106,0.0
6850,1.0,0.05,0.00012356959744468953,12.699619295463151,0.006170621536973347,0.11087506165541106,0.0
6851,1.0,0.05,0.00012356959744468953,12.699619295463151,0.006170621536973347,0.11087506165541106,0.0
6852,1.0,0.05,0.00012356959744468953,12.699619295463151,0.006063485076216407,0.11510717063461137,0.0
6853,1.0,0.05,0.00012356959744468953,7.898408791188103,0.006168468899655963,0.11510717063461137,0.0
6854,1.0,0.05,0.00012356959744468953,7.898408791188103,0.006168468899655963,0.11510717063461137,0.0
6855,1.0,0.05,0.00012356959744468953,7.898408791188103,0.007325279020206244,0.14527170576616394,0.0
6856,1.0,0.05,0.00012356959744468953,7.898408791188103,0.007325279020206244,0.14527170576616394,0.0
6857,1.0,0.05,0.00012356959744468953,7.898408791188103,0.007325279020206244,0.14527170576616394,0.0
6858,1.0,0.05,0.00012356959744468953,7.898408791188103,0.007325279020206244,0.14527170576616394,0.0
6859,1.0,0.05,0.00012356959744468953,7.898408791188103,0.007325279020206244,0.09839456403711519,0.0
6860,1.0,0.05,0.00012356959744468953,7.898408791188103,0.007325279020206244,0.09839456403711519,0.0
6861,1.0,0.05,0.00012356959744468953,7.898408791188103,0.007325279020206244,0.14795034287693343,0.0
6862,1.0,0.05,0.00012356959744468953,10.401326223354275,0.007325279020206244,0.14795034287693343,0.0
6863,1.0,0.05,0.00012356959744468953,10.401326223354275,0.006765462169682032,0.11673273680500637,0.0
6864,1.0,0.05,0.00012356959744468953,10.401326223354275,0.006765462169682032,0.11673273680500637,0.0
6865,1.0,0.05,0.0001207900320710813,10.401326223354275,0.006765462169682032,0.09133320098905917,0.0
6866,1.0,0.05,0.0001207900320710813,10.401326223354275,0.006765462169682032,0.11322562030043934,0.0
6867,1.0,0.05,0.0001207900320710813,10.401326223354275,0.006765462169682032,0.11322562030043934,0.0
6868,1.0,0.05,0.0001207900320710813,10.401326223354275,0.006765462169682032,0.11322562030043934,0.0
6869,1.0,0.05,0.0001207900320710813,10.401326223354275,0.006765462169682032,0.11322562030043934,0.0
6870,1.0,0.05,0.0001207900320710813,10.401326223354275,0.005882052698301049,0.11322562030043934,0.0
6871,1.0,0.05,0.0001207900320710813,10.401326223354275,0.007272842722568984,0.11322562030043934,0.0
6872,1.0,0.05,0.0001207900320710813,10.401326223354275,0.007272842722568984,0.11322562030043934,0.0
6873,1.0,0.05,0.0001207900320710813,10.401326223354275,0.006371180040344376,0.11322562030043934,0.0
6874,1.0,0.05,0.0001207900320710813,10.401326223354275,0.0073677133550703105,0.11322562030043934,0.0
6875,1.0,0.05,0.0001207900320710813,10.401326223354275,0.0073677133550703105,0.11322562030043934,0.0
6876,1.0,0.05,0.00012697549575551895,10.401326223354275,0.0073677133550703105,0.11322562030043934,0.0
6877,1.0,0.05,0.00012697549575551895,10.401326223354275,0.007703518638381969,0.11322562030043934,0.0
6878,1.0,0.05,0.00012697549575551895,10.401326223354275,0.007703518638381969,0.11322562030043934,0.0
6879,1.0,0.05,0.00012055671658584126,10.401326223354275,0.007703518638381969,0.11322562030043934,0.0
6880,1.0,0.05,0.00012055671658584126,10.401326223354275,0.007703518638381969,0.11322562030043934,0.0
6881,1.0,0.05,0.00012055671658584126,10.401326223354275,0.007703518638381969,0.11322562030043934,0.0
6882,1.0,0.05,0.00012055671658584126,12.271638759364322,0.007703518638381969,0.11322562030043934,0.0
6883,1.0,0.05,0.00012055671658584126,12.271638759364322,0.007703518638381969,0.11322562030043934,0.0
6884,1.0,0.05,0.00012055671658584126,12.271638759364322,0.007703518638381969,0.11322562030043934,0.0
6885,1.0,0.05,0.00012055671658584126,12.271638759364322,0.007703518638381969,0.11322562030043934,0.0
6886,1.0,0.05,0.00012055671658584126,12.271638759364322,0.007703518638381969,0.11322562030043934,0.0
6887,1.0,0.05,0.00012055671658584126,12.271638759364322,0.007703518638381969,0.11322562030043934,0.0
6888,1.0,0.05,0.00012055671658584126,11.154964854564625,0.007703518638381969,0.1360035194764969,0.0
6889,1.0,0.05,0.00012055671658584126,11.154964854564625,0.007703518638381969,0.1360035194764969,0.0
6890,1.0,0.05,0.00012055671658584126,8.656826283782323,0.007703518638381969,0.1360035194764969,0.0
6891,1.0,0.05,0.00012055671658584126,10.341221250767305,0.006561846457194484,0.1360035194764969,0.0
6892,1.0,0.05,0.00012055671658584126,10.341221250767305,0.006561846457194484,0.1360035194764969,0.0
6893,1.0,0.05,0.00012055671658584126,10.341221250767305,0.006561846457194484,0.1360035194764969,0.0
6894,1.0,0.05,0.00012055671658584126,12.952186118503107,0.006561846457194484,0.09082214278107155,0.0
6895,1.0,0.05,0.00012055671658584126,12.952186118503107,0.00830995764692349,0.14116040052300405,0.0
6896,1.0,0.05,0.00012055671658584126,12.952186118503107,0.00830995764692349,0.14116040052300405,0.0
6897,1.0,0.05,0.00011107522621640141,12.952186118503107,0.00830995764692349,0.14116040052300405,0.0
6898,1.0,0.05,0.00011107522621640141,12.952186118503107,0.008970834796905526,0.14116040052300405,0.0
6899,1.0,0.05,0.00011107522621640141,12.952186118503107,0.008970834796905526,0.14116040052300405,0.0
6900,1.0,0.05,0.00011107522621640141,12.952186118503107,0.008970834796905526,0.14116040052300405,0.0
6901,1.0,0.05,0.00011107522621640141,12.952186118503107,0.008970834796905526,0.14116040052300405,0.0
6902,1.0,0.05,0.00011107522621640141,12.952186118503107,0.008970834796905526,0.14116040052300405,0.0
6903,1.0,0.05,0.00011107522621640141,12.952186118503107,0.008970834796905526,0.14116040052300405,0.0
6904,1.0,0.05,0.00011107522621640141,12.952186118503107,0.008970834796905526,0.14116040052300405,0.0
6905,1.0,0.05,0.00011107522621640141,12.952186118503107,0.008970834796905526,0.14116040052300405,0.0
6906,1.0,0.05,0.00011107522621640141,12.952186118503107,0.008970834796905526,0.14116040052300405,0.0
6907,1.0,0.05,0.00011107522621640141,12.952186118503107,0.008970834796905526,0.14116040052300405,0.0
6908,1.0,0.05,0.00011107522621640141,12.952186118503107,0.008970834796905526,0.14116040052300405,0.0
6909,1.0,0.05,0.00011107522621640141,12.952186118503107,0.008676194096265705,0.14116040052300405,0.0
6910,1.0,0.05,0.00011107522621640141,12.952186118503107,0.006689775904249738,0.14116040052300405,0.0
6911,1.0,0.05,0.00011107522621640141,12.952186118503107,0.006689775904249738,0.13003475895482805,0.0
6912,1.0,0.05,0.00011107522621640141,12.952186118503107,0.006689775904249738,0.13003475895482805,0.0
6913,1.0,0.05,0.00011107522621640141,12.952186118503107,0.006689775904249738,0.13003475895482805,0.0
6914,1.0,0.05,0.00011107522621640141,12.952186118503107,0.006689775904249738,0.13003475895482805,0.0
6915,1.0,0.05,0.00011107522621640141,12.952186118503107,0.008983954128061787,0.15991968998989417,0.0
6916,1.0,0.05,0.00011107522621640141,12.952186118503107,0.007179855942600847,0.15991968998989417,0.0
6917,1.0,0.05,0.00011711387515362738,12.952186118503107,0.007989847621850132,0.15991968998989417,0.0
6918,1.0,0.05,0.00011711387515362738,12.952186118503107,0.007911283364528178,0.15991968998989417,0.0
6919,1.0,0.05,0.00011711387515362738,14.053112562669682,0.007349869141626306,0.15991968998989417,0.0
6920,1.0,0.05,0.00011711387515362738,14.053112562669682,0.007349869141626306,0.09185729327808825,0.0
6921,1.0,0.05,0.00011711387515362738,14.053112562669682,0.007349869141626306,0.09185729327808825,0.0
6922,1.0,0.05,0.00012564817723247036,14.053112562669682,0.007722582470854774,0.09185729327808825,0.0
6923,1.0,0.05,0.00012564817723247036,14.053112562669682,0.007722582470854774,0.09185729327808825,0.0
6924,1.0,0.05,0.00012564817723247036,14.053112562669682,0.006259599773338147,0.09185729327808825,0.0
6925,1.0,0.05,0.00012564817723247036,14.053112562669682,0.006259599773338147,0.09185729327808825,0.0
6926,1.0,0.05,0.00012564817723247036,14.053112562669682,0.006259599773338147,0.09185729327808825,0.0
6927,1.0,0.05,0.00012564817723247036,13.913403505303478,0.006259599773338147,0.09185729327808825,0.0
6928,1.0,0.05,0.00012564817723247036,13.913403505303478,0.0058205715404024555,0.09185729327808825,0.0
6929,1.0,0.05,0.00012564817723247036,13.913403505303478,0.005600992109115362,0.09185729327808825,0.0
6930,1.0,0.05,0.00012564817723247036,7.902815331107746,0.005600992109115362,0.09185729327808825,0.0
6931,1.0,0.05,0.00012564817723247036,7.902815331107746,0.005600992109115362,0.11957885360449635,0.0
6932,1.0,0.05,0.00012564817723247036,7.902815331107746,0.005600992109115362,0.11606574479692552,0.0
6933,1.0,0.05,0.00012473768651846627,7.902815331107746,0.005600992109115362,0.11606574479692552,0.0
6934,1.0,0.05,0.00012473768651846627,7.902815331107746,0.005672457825027869,0.11606574479692552,0.0
6935,1.0,0.05,0.00012473768651846627,7.902815331107746,0.006954685602018625,0.11606574479692552,0.0
6936,1.0,0.05,0.00012473768651846627,7.902815331107746,0.006954685602018625,0.11606574479692552,0.0
6937,1.0,0.05,0.00012473768651846627,7.902815331107746,0.006954685602018625,0.11606574479692552,0.0
6938,1.0,0.05,0.00012013266575160449,7.902815331107746,0.006954685602018625,0.11606574479692552,0.0
6939,1.0,0.05,0.00012204276132533277,7.902815331107746,0.006954685602018625,0.11606574479692552,0.0
6940,1.0,0.05,0.00012204276132533277,7.902815331107746,0.006954685602018625,0.11606574479692552,0.0
6941,1.0,0.05,0.00012204276132533277,12.586550834431407,0.006993977805300071,0.11606574479692552,0.0
6942,1.0,0.05,0.00012204276132533277,12.586550834431407,0.006993977805300071,0.11606574479692552,0.0
6943,1.0,0.05,0.00012204276132533277,10.781747197924489,0.006993977805300071,0.11606574479692552,0.0
6944,1.0,0.05,0.00012149710622456648,10.781747197924489,0.006993977805300071,0.11606574479692552,0.0
6945,1.0,0.05,0.00012149710622456648,10.781747197924489,0.006993977805300071,0.09937846183097501,0.0
6946,1.0,0.05,0.00012149710622456648,10.781747197924489,0.006993977805300071,0.1590080227699503,0.0
6947,1.0,0.05,0.00012149710622456648,10.781747197924489,0.006993977805300071,0.1590080227699503,0.0
6948,1.0,0.05,0.00012149710622456648,10.781747197924489,0.006993977805300071,0.14053014553898352,0.0
6949,1.0,0.05,0.00012149710622456648,10.781747197924489,0.006993977805300071,0.14053014553898352,0.0
6950,1.0,0.05,0.00012149710622456648,10.781747197924489,0.006993977805300071,0.14053014553898352,0.0
6951,1.0,0.05,0.00012149710622456648,10.781747197924489,0.006993977805300071,0.14053014553898352,0.0
6952,1.0,0.05,0.00012149710622456648,11.231448073780754,0.006993977805300071,0.14053014553898352,0.0
6953,1.0,0.05,0.00012149710622456648,8.176638005360857,0.006993977805300071,0.14053014553898352,0.0
6954,1.0,0.05,0.00011799231391145968,8.176638005360857,0.006993977805300071,0.14053014553898352,0.0
6955,1.0,0.05,0.00011799231391145968,8.176638005360857,0.006684064191666001,0.14053014553898352,0.0
6956,1.0,0.05,0.00011799231391145968,8.176638005360857,0.006684064191666001,0.14053014553898352,0.0
6957,1.0,0.05,0.00011799231391145968,8.176638005360857,0.0067735654346879155,0.14053014553898352,0.0
6958,1.0,0.05,0.00011799231391145968,8.176638005360857,0.0067735654346879155,0.14053014553898352,0.0
6959,1.0,0.05,0.00011799231391145968,8.176638005360857,0.0067735654346879155,0.1614778139780706,0.0
6960,1.0,0.05,0.00011799231391145968,8.176638005360857,0.0067735654346879155,0.1614778139780706,0.0
6961,1.0,0.05,0.00011799231391145968,8.176638005360857,0.007081772896170657,0.1614778139780706,0.0
6962,1.0,0.05,0.00011799231391145968,8.176638005360857,0.007081772896170657,0.1614778139780706,0.0
6963,1.0,0.05,0.00011799231391145968,8.176638005360857,0.007081772896170657,0.1614778139780706,0.0
6964,1.0,0.05,0.00011799231391145968,8.176638005360857,0.007081772896170657,0.1614778139780706,0.0
6965,1.0,0.05,0.00011799231391145968,8.176638005360857,0.007081772896170657,0.1614778139780706,0.0
6966,1.0,0.05,0.00011799231391145968,8.176638005360857,0.007081772896170657,0.16894670675826473,0.0
6967,1.0,0.05,0.00011799231391145968,8.176638005360857,0.007081772896170657,0.16894670675826473,0.0
6968,1.0,0.05,0.00011799231391145968,8.176638005360857,0.007081772896170657,0.16894670675826473,0.0
6969,1.0,0.05,0.00011799231391145968,8.176638005360857,0.007081772896170657,0.15488465056059,0.0
6970,1.0,0.05,0.00011799231391145968,8.176638005360857,0.007081772896170657,0.15488465056059,0.0
6971,1.0,0.05,0.00011767047203070255,8.176638005360857,0.007081772896170657,0.15488465056059,0.0
6972,1.0,0.05,0.00011767047203070255,8.176638005360857,0.00727466906276926,0.15488465056059,0.0
6973,1.0,0.05,0.00011767047203070255,8.176638005360857,0.00727466906276926,0.15488465056059,0.0
6974,1.0,0.05,0.00011767047203070255,8.176638005360857,0.00727466906276926,0.15488465056059,0.0
6975,1.0,0.05,0.00011767047203070255,8.176638005360857,0.007157736412325298,0.15488465056059,0.0
6976,1.0,0.05,0.00011767047203070255,8.176638005360857,0.007157736412325298,0.15488465056059,0.0
6977,1.0,0.05,0.00011767047203070255,8.176638005360857,0.007157736412325298,0.15488465056059,0.0
6978,1.0,0.05,0.00011767047203070255,8.176638005360857,0.007157736412325298,0.15488465056059,0.0
6979,1.0,0.05,0.00011767047203070255,8.176638005360857,0.007157736412325298,0.15488465056059,0.0
6980,1.0,0.05,0.00011767047203070255,8.176638005360857,0.007157736412325298,0.15488465056059,0.0
6981,1.0,0.05,0.00011767047203070255,8.176638005360857,0.007157736412325298,0.15488465056059,0.0
6982,1.0,0.05,0.00011767047203070255,8.176638005360857,0.007157736412325298,0.15488465056059,0.0
6983,1.0,0.05,0.00011767047203070255,8.176638005360857,0.007157736412325298,0.17020712360012624,0.0
6984,1.0,0.05,0.00011767047203070255,8.176638005360857,0.007157736412325298,0.17020712360012624,0.0
6985,1.0,0.05,0.00011767047203070255,8.176638005360857,0.007157736412325298,0.17020712360012624,0.0
6986,1.0,0.05,0.00011767047203070255,8.176638005360857,0.007157736412325298,0.17020712360012624,0.0
6987,1.0,0.05,0.00011767047203070255,8.176638005360857,0.007157736412325298,0.17020712360012624,0.0
6988,1.0,0.05,0.00011767047203070255,8.176638005360857,0.007157736412325298,0.17020712360012624,0.0
6989,1.0,0.05,0.00011767047203070255,8.176638005360857,0.007157736412325298,0.17020712360012624,0.0
6990,1.0,0.05,0.00011767047203070255,8.176638005360857,0.007157736412325298,0.17020712360012624,0.0
6991,1.0,0.05,0.00011767047203070255,8.176638005360857,0.007157736412325298,0.17020712360012624,0.0
6992,1.0,0.05,0.00011767047203070255,8.176638005360857,0.007157736412325298,0.17020712360012624,0.0
6993,1.0,0.05,0.00011767047203070255,8.176638005360857,0.007157736412325298,0.14559271891013723,0.0
6994,1.0,0.05,0.00011767047203070255,8.176638005360857,0.007157736412325298,0.12818597108980434,0.0
6995,1.0,0.05,0.00011767047203070255,8.176638005360857,0.007157736412325298,0.1635920940993924,0.0
6996,1.0,0.05,0.00011767047203070255,8.176638005360857,0.007157736412325298,0.1635920940993924,0.0
6997,1.0,0.05,0.00011767047203070255,8.176638005360857,0.006732145731639524,0.20139746043243148,0.0
6998,1.0,0.05,0.00011767047203070255,8.176638005360857,0.006732145731639524,0.16035572795824282,0.0
6999,1.0,0.05,0.0001225840104868204,8.176638005360857,0.006732145731639524,0.16035572795824282,0.0
7000,1.0,0.05,0.0001225840104868204,8.176638005360857,0.0068293673702711985,0.16035572795824282,0.0
7001,1.0,0.05,0.0001225840104868204,8.176638005360857,0.0068293673702711985,0.16035572795824282,0.0
7002,1.0,0.05,0.0001225840104868204,8.176638005360857,0.0068293673702711985,0.16035572795824282,0.0
7003,1.0,0.05,0.0001225840104868204,8.176638005360857,0.0068293673702711985,0.16035572795824282,0.0
7004,1.0,0.05,0.0001225840104868204,8.176638005360857,0.006828495200950741,0.16035572795824282,0.0
7005,1.0,0.05,0.0001225840104868204,8.176638005360857,0.006828495200950741,0.16035572795824282,0.0
7006,1.0,0.05,0.0001225840104868204,8.176638005360857,0.006828495200950741,0.16035572795824282,0.0
7007,1.0,0.05,0.0001225840104868204,8.176638005360857,0.006924307756828581,0.16035572795824282,0.0
7008,1.0,0.05,0.0001225840104868204,8.176638005360857,0.006924307756828581,0.16035572795824282,0.0
7009,1.0,0.05,0.0001225840104868204,8.176638005360857,0.006924307756828581,0.1366834508681884,0.0
7010,1.0,0.05,0.0001225840104868204,8.176638005360857,0.006924307756828581,0.1366834508681884,0.0
7011,1.0,0.05,0.0001225840104868204,8.176638005360857,0.006924307756828581,0.13400592484563126,0.0
7012,1.0,0.05,0.0001225840104868204,8.176638005360857,0.006924307756828581,0.13400592484563126,0.0
7013,1.0,0.05,0.0001225840104868204,8.176638005360857,0.006924307756828581,0.13400592484563126,0.0
7014,1.0,0.05,0.0001225840104868204,8.176638005360857,0.006462737555871047,0.13110426124099447,0.0
7015,1.0,0.05,0.0001225840104868204,8.176638005360857,0.006462737555871047,0.13110426124099447,0.0
7016,1.0,0.05,0.0001225840104868204,8.176638005360857,0.006462737555871047,0.13110426124099447,0.0
7017,1.0,0.05,0.0001225840104868204,8.176638005360857,0.006462737555871047,0.13110426124099447,0.0
7018,1.0,0.05,0.0001225840104868204,8.176638005360857,0.006462737555871047,0.13110426124099447,0.0
7019,1.0,0.05,0.0001225840104868204,8.176638005360857,0.006462737555871047,0.13110426124099447,0.0
7020,1.0,0.05,0.0001225840104868204,8.176638005360857,0.006462737555871047,0.13110426124099447,0.0
7021,1.0,0.05,0.0001225840104868204,8.176638005360857,0.006462737555871047,0.13110426124099447,0.0
7022,1.0,0.05,0.0001225840104868204,8.176638005360857,0.006462737555871047,0.1122427314246003,0.0
7023,1.0,0.05,0.0001225840104868204,8.176638005360857,0.006462737555871047,0.1122427314246003,0.0
7024,1.0,0.05,0.0001232374312026226,8.176638005360857,0.006462737555871047,0.158725059928328,0.0
7025,1.0,0.05,0.0001232374312026226,8.176638005360857,0.00655809022235514,0.158725059928328,0.0
7026,1.0,0.05,0.0001232374312026226,4.962416550022027,0.00655809022235514,0.158725059928328,0.0
7027,1.0,0.05,0.0001232374312026226,4.962416550022027,0.00655809022235514,0.1551191260651622,0.0
7028,1.0,0.05,0.0001232374312026226,4.962416550022027,0.00655809022235514,0.1551191260651622,0.0
7029,1.0,0.05,0.0001232374312026226,4.962416550022027,0.00655809022235514,0.1551191260651622,0.0
7030,1.0,0.05,0.0001232374312026226,4.962416550022027,0.00655809022235514,0.1551191260651622,0.0
7031,1.0,0.05,0.0001232374312026226,4.962416550022027,0.00655809022235514,0.1551191260651622,0.0
7032,1.0,0.05,0.0001232374312026226,4.962416550022027,0.00655809022235514,0.1551191260651622,0.0
7033,1.0,0.05,0.00012568169015254857,4.962416550022027,0.006976296288784036,0.1551191260651622,0.0
7034,1.0,0.05,0.00012568169015254857,4.962416550022027,0.006976296288784036,0.1551191260651622,0.0
7035,1.0,0.05,0.00012568169015254857,7.359300213138283,0.006068625072201758,0.1551191260651622,0.0
7036,1.0,0.05,0.00012568169015254857,7.359300213138283,0.006237579476742379,0.1551191260651622,0.0
7037,1.0,0.05,0.00012568169015254857,7.359300213138283,0.00648431856980001,0.1551191260651622,0.0
7038,1.0,0.05,0.00012568169015254857,7.359300213138283,0.0060201935313652635,0.12264840706534882,0.0
7039,1.0,0.05,0.00012568169015254857,7.359300213138283,0.0060201935313652635,0.12451402124108356,0.0
7040,1.0,0.05,0.00012568169015254857,7.359300213138283,0.0060201935313652635,0.12451402124108356,0.0
7041,1.0,0.05,0.00012568169015254857,8.12927396526257,0.0060201935313652635,0.12451402124108356,0.0
7042,1.0,0.05,0.00012568169015254857,8.12927396526257,0.0060201935313652635,0.12451402124108356,0.0
7043,1.0,0.05,0.00012568169015254857,8.12927396526257,0.0060201935313652635,0.12451402124108356,0.0
7044,1.0,0.05,0.00012568169015254857,8.12927396526257,0.0060201935313652635,0.12451402124108356,0.0
7045,1.0,0.05,0.00012568169015254857,8.12927396526257,0.0060201935313652635,0.12451402124108356,0.0
7046,1.0,0.05,0.00012568169015254857,10.389618895413363,0.0060201935313652635,0.12451402124108356,0.0
7047,1.0,0.05,0.00012568169015254857,10.389618895413363,0.0060201935313652635,0.12451402124108356,0.0
7048,1.0,0.05,0.00012568169015254857,10.389618895413363,0.006221445101039264,0.12451402124108356,0.0
7049,1.0,0.05,0.00012568169015254857,10.389618895413363,0.006221445101039264,0.12451402124108356,0.0
7050,1.0,0.05,0.00012568169015254857,10.389618895413363,0.006588207607102101,0.12451402124108356,0.0
7051,1.0,0.05,0.00012568169015254857,10.389618895413363,0.006588207607102101,0.12451402124108356,0.0
7052,1.0,0.05,0.00012568169015254857,10.389618895413363,0.006588207607102101,0.12451402124108356,0.0
7053,1.0,0.05,0.00012568169015254857,10.389618895413363,0.006588207607102101,0.12451402124108356,0.0
7054,1.0,0.05,0.00012568169015254857,10.389618895413363,0.006314124744403341,0.12451402124108356,0.0
7055,1.0,0.05,0.00012568169015254857,10.389618895413363,0.006569846347741351,0.12451402124108356,0.0
7056,1.0,0.05,0.00012568169015254857,10.389618895413363,0.006569846347741351,0.12451402124108356,0.0
7057,1.0,0.05,0.00012568169015254857,10.389618895413363,0.006569846347741351,0.12170794864748818,0.0
7058,1.0,0.05,0.00012568169015254857,10.389618895413363,0.006569846347741351,0.12170794864748818,0.0
7059,1.0,0.05,0.00012568169015254857,10.389618895413363,0.006569846347741351,0.12170794864748818,0.0
7060,1.0,0.05,0.00012568169015254857,10.389618895413363,0.006569846347741351,0.12170794864748818,0.0
7061,1.0,0.05,0.00012568169015254857,10.389618895413363,0.006569846347741351,0.12170794864748818,0.0
7062,1.0,0.05,0.00012568169015254857,10.389618895413363,0.006326933811034148,0.12170794864748818,0.0
7063,1.0,0.05,0.00012568169015254857,10.389618895413363,0.006326933811034148,0.12170794864748818,0.0
7064,1.0,0.05,0.00012568169015254857,10.389618895413363,0.006326933811034148,0.12170794864748818,0.0
7065,1.0,0.05,0.00012568169015254857,10.389618895413363,0.006326933811034148,0.12170794864748818,0.0
7066,1.0,0.05,0.00012568169015254857,6.583434591560305,0.006326933811034148,0.12170794864748818,0.0
7067,1.0,0.05,0.00012568169015254857,6.583434591560305,0.006326933811034148,0.12170794864748818,0.0
7068,1.0,0.05,0.00012568169015254857,6.583434591560305,0.006326933811034148,0.1258028935606126,0.0
7069,1.0,0.05,0.00012568169015254857,6.583434591560305,0.006326933811034148,0.1258028935606126,0.0
7070,1.0,0.05,0.00012568169015254857,5.449179263753649,0.006326933811034148,0.1258028935606126,0.0
7071,1.0,0.05,0.00012568169015254857,5.449179263753649,0.006326933811034148,0.1258028935606126,0.0
7072,1.0,0.05,0.00012568169015254857,5.449179263753649,0.006326933811034148,0.1258028935606126,0.0
7073,1.0,0.05,0.00012568169015254857,5.449179263753649,0.006326933811034148,0.15110475914184873,0.0
7074,1.0,0.05,0.00012568169015254857,5.449179263753649,0.006326933811034148,0.15235015393439116,0.0
7075,1.0,0.05,0.00012568169015254857,5.449179263753649,0.006326933811034148,0.15235015393439116,0.0
7076,1.0,0.05,0.00012568169015254857,5.449179263753649,0.006326933811034148,0.21665859715151367,0.0
7077,1.0,0.05,0.00012568169015254857,5.449179263753649,0.006326933811034148,0.18940953002253183,0.0
7078,1.0,0.05,0.00012568169015254857,5.449179263753649,0.006326933811034148,0.18940953002253183,0.0
7079,1.0,0.05,0.00012568169015254857,5.449179263753649,0.006326933811034148,0.18940953002253183,0.0
7080,1.0,0.05,0.000115344659554217,5.449179263753649,0.006326933811034148,0.18940953002253183,0.0
7081,1.0,0.05,0.000115344659554217,5.449179263753649,0.00819299985647093,0.18940953002253183,0.0
7082,1.0,0.05,0.000115344659554217,5.449179263753649,0.00819299985647093,0.18940953002253183,0.0
7083,1.0,0.05,0.000115344659554217,5.449179263753649,0.00819299985647093,0.18940953002253183,0.0
7084,1.0,0.05,0.000115344659554217,5.449179263753649,0.00819299985647093,0.18940953002253183,0.0
7085,1.0,0.05,0.000115344659554217,5.449179263753649,0.00819299985647093,0.18940953002253183,0.0
7086,1.0,0.05,0.000115344659554217,5.449179263753649,0.00819299985647093,0.18940953002253183,0.0
7087,1.0,0.05,0.000115344659554217,5.449179263753649,0.00819299985647093,0.18940953002253183,0.0
7088,1.0,0.05,0.000115344659554217,5.449179263753649,0.00819299985647093,0.18940953002253183,0.0
7089,1.0,0.05,0.000115344659554217,5.449179263753649,0.008137399035169026,0.18940953002253183,0.0
7090,1.0,0.05,0.000115344659554217,5.449179263753649,0.008137399035169026,0.18940953002253183,0.0
7091,1.0,0.05,0.000115344659554217,5.449179263753649,0.008137399035169026,0.18940953002253183,0.0
7092,1.0,0.05,0.000115344659554217,5.449179263753649,0.006968850880706744,0.18940953002253183,0.0
7093,1.0,0.05,0.000115344659554217,9.438343233728503,0.006968850880706744,0.18940953002253183,0.0
7094,1.0,0.05,0.000115344659554217,9.438343233728503,0.006968850880706744,0.18940953002253183,0.0
7095,1.0,0.05,0.000115344659554217,11.995825479069993,0.006968850880706744,0.14226645878095207,0.0
7096,1.0,0.05,0.000115344659554217,11.995825479069993,0.006968850880706744,0.14226645878095207,0.0
7097,1.0,0.05,0.000115344659554217,11.995825479069993,0.006968850880706744,0.14226645878095207,0.0
7098,1.0,0.05,0.000115344659554217,11.995825479069993,0.006968850880706744,0.14226645878095207,0.0
7099,1.0,0.05,0.000115344659554217,11.995825479069993,0.006830367966834355,0.14226645878095207,0.0
7100,1.0,0.05,0.000115344659554217,11.995825479069993,0.006830367966834355,0.14226645878095207,0.0
7101,1.0,0.05,0.000115344659554217,6.406046379323271,0.006830367966834355,0.1754654450182949,0.0
7102,1.0,0.05,0.000115344659554217,6.406046379323271,0.006830367966834355,0.1754654450182949,0.0
7103,1.0,0.05,0.000115344659554217,6.406046379323271,0.006830367966834355,0.20111156366014196,0.0
7104,1.0,0.05,0.000115344659554217,6.406046379323271,0.006830367966834355,0.20111156366014196,0.0
7105,1.0,0.05,0.000115344659554217,6.406046379323271,0.006830367966834355,0.20111156366014196,0.0
7106,1.0,0.05,0.000115344659554217,6.406046379323271,0.006830367966834355,0.20111156366014196,0.0
7107,1.0,0.05,0.00011510141565551311,6.406046379323271,0.006830367966834355,0.20111156366014196,0.0
7108,1.0,0.05,0.00011510141565551311,6.406046379323271,0.006830367966834355,0.16365514662255753,0.0
7109,1.0,0.05,0.00011510141565551311,6.406046379323271,0.007029645673225699,0.16365514662255753,0.0
7110,1.0,0.05,0.00011992554177865466,6.406046379323271,0.007029645673225699,0.16365514662255753,0.0
7111,1.0,0.05,0.00011992554177865466,9.400196157952806,0.006956051660780515,0.16365514662255753,0.0
7112,1.0,0.05,0.00011992554177865466,9.400196157952806,0.006956051660780515,0.15095156585432354,0.0
7113,1.0,0.05,0.00011992554177865466,9.400196157952806,0.006956051660780515,0.11383352111069266,0.0
7114,1.0,0.05,0.00012433475316723196,9.400196157952806,0.006956051660780515,0.14180655232793843,0.0
7115,1.0,0.05,0.00012433475316723196,9.400196157952806,0.006956051660780515,0.14180655232793843,0.0
7116,1.0,0.05,0.00012433475316723196,9.400196157952806,0.006252590231961686,0.14180655232793843,0.0
7117,1.0,0.05,0.00012433475316723196,9.400196157952806,0.00650424901372446,0.14180655232793843,0.0
7118,1.0,0.05,0.00012433475316723196,9.400196157952806,0.00650424901372446,0.14180655232793843,0.0
7119,1.0,0.05,0.00012433475316723196,9.400196157952806,0.00650424901372446,0.09720164810245048,0.0
7120,1.0,0.05,0.00012433475316723196,9.400196157952806,0.00650424901372446,0.09720164810245048,0.0
7121,1.0,0.05,0.00012433475316723196,9.400196157952806,0.00650424901372446,0.09720164810245048,0.0
7122,1.0,0.05,0.00012433475316723196,9.400196157952806,0.00650424901372446,0.09720164810245048,0.0
7123,1.0,0.05,0.00012433475316723196,12.180590523200749,0.00650424901372446,0.09720164810245048,0.0
7124,1.0,0.05,0.00012433475316723196,15.876748882508323,0.00650424901372446,0.09720164810245048,0.0
7125,1.0,0.05,0.00012433475316723196,15.876748882508323,0.00650424901372446,0.09720164810245048,0.0
7126,1.0,0.05,0.00012433475316723196,15.876748882508323,0.00650424901372446,0.09720164810245048,0.0
7127,1.0,0.05,0.00012433475316723196,15.876748882508323,0.00650424901372446,0.09720164810245048,0.0
7128,1.0,0.05,0.00012433475316723196,15.876748882508323,0.00650424901372446,0.09720164810245048,0.0
7129,1.0,0.05,0.00012433475316723196,15.876748882508323,0.00650424901372446,0.09720164810245048,0.0
7130,1.0,0.05,0.00012433475316723196,15.876748882508323,0.00650424901372446,0.09720164810245048,0.0
7131,1.0,0.05,0.00012433475316723196,15.876748882508323,0.00650424901372446,0.09720164810245048,0.0
7132,1.0,0.05,0.00012433475316723196,15.876748882508323,0.00650424901372446,0.08989563315021855,0.0
7133,1.0,0.05,0.00012433475316723196,15.876748882508323,0.00669961908502484,0.08989563315021855,0.0
7134,1.0,0.05,0.00012433475316723196,15.876748882508323,0.00669961908502484,0.11374064996079997,0.0
7135,1.0,0.05,0.00012433475316723196,6.324526175337851,0.007305173931055181,0.11374064996079997,0.0
7136,1.0,0.05,0.00012433475316723196,6.324526175337851,0.007305173931055181,0.11374064996079997,0.0
7137,1.0,0.05,0.00012433475316723196,6.324526175337851,0.007305173931055181,0.11374064996079997,0.0
7138,1.0,0.05,0.00012433475316723196,6.324526175337851,0.007256105707889163,0.1339828944517623,0.0
7139,1.0,0.05,0.00012433475316723196,6.324526175337851,0.007256105707889163,0.1339828944517623,0.0
7140,1.0,0.05,0.00012433475316723196,6.324526175337851,0.006578738958599819,0.15398312712784137,0.0
7141,1.0,0.05,0.00012013662179036958,6.324526175337851,0.006578738958599819,0.15398312712784137,0.0
7142,1.0,0.05,0.00012013662179036958,6.324526175337851,0.006578738958599819,0.15398312712784137,0.0
7143,1.0,0.05,0.00012013662179036958,6.324526175337851,0.006578738958599819,0.15398312712784137,0.0
7144,1.0,0.05,0.00012013662179036958,6.324526175337851,0.00719354500900416,0.15398312712784137,0.0
7145,1.0,0.05,0.00012013662179036958,6.324526175337851,0.007165315327847806,0.15398312712784137,0.0
7146,1.0,0.05,0.00012013662179036958,6.324526175337851,0.007165315327847806,0.15398312712784137,0.0
7147,1.0,0.05,0.00012013662179036958,6.324526175337851,0.007165315327847806,0.15398312712784137,0.0
7148,1.0,0.05,0.00012013662179036958,5.952923182141447,0.007165315327847806,0.15398312712784137,0.0
7149,1.0,0.05,0.00012013662179036958,13.6512736459282,0.007165315327847806,0.15398312712784137,0.0
7150,1.0,0.05,0.00012013662179036958,14.899713259730476,0.007165315327847806,0.10902933398115638,0.0
7151,1.0,0.05,0.00012013662179036958,14.899713259730476,0.007165315327847806,0.10902933398115638,0.0
7152,1.0,0.05,0.00012013662179036958,14.899713259730476,0.007165315327847806,0.10902933398115638,0.0
7153,1.0,0.05,0.00012013662179036958,14.899713259730476,0.007165315327847806,0.10902933398115638,0.0
7154,1.0,0.05,0.00012013662179036958,14.899713259730476,0.007165315327847806,0.10902933398115638,0.0
7155,1.0,0.05,0.00012013662179036958,9.211174809101635,0.007165315327847806,0.12122760346309207,0.0
7156,1.0,0.05,0.00012013662179036958,11.352391180018984,0.007165315327847806,0.12122760346309207,0.0
7157,1.0,0.05,0.00012013662179036958,8.511706450432172,0.007165315327847806,0.14278980913411007,0.0
7158,1.0,0.05,0.00012013662179036958,8.511706450432172,0.007165315327847806,0.14278980913411007,0.0
7159,1.0,0.05,0.00012013662179036958,8.511706450432172,0.007165315327847806,0.14278980913411007,0.0
7160,1.0,0.05,0.00012013662179036958,8.511706450432172,0.007165315327847806,0.14278980913411007,0.0
7161,1.0,0.05,0.00012013662179036958,8.511706450432172,0.007165315327847806,0.14278980913411007,0.0
7162,1.0,0.05,0.00011824934936380255,8.511706450432172,0.007165315327847806,0.14278980913411007,0.0
7163,1.0,0.05,0.00011824934936380255,9.638926322922913,0.007165315327847806,0.14278980913411007,0.0
7164,1.0,0.05,0.00011824934936380255,6.320552428101948,0.007165315327847806,0.14278980913411007,0.0
7165,1.0,0.05,0.00011824934936380255,6.320552428101948,0.007165315327847806,0.14278980913411007,0.0
7166,1.0,0.05,0.00011824934936380255,6.320552428101948,0.007165315327847806,0.14278980913411007,0.0
7167,1.0,0.05,0.00011824934936380255,6.320552428101948,0.007165315327847806,0.14278980913411007,0.0
7168,1.0,0.05,0.00011824934936380255,6.320552428101948,0.007165315327847806,0.14278980913411007,0.0
7169,1.0,0.05,0.00011824934936380255,6.320552428101948,0.007165315327847806,0.14278980913411007,0.0
7170,1.0,0.05,0.00011824934936380255,6.320552428101948,0.007165315327847806,0.14278980913411007,0.0
7171,1.0,0.05,0.00011878545126824712,6.320552428101948,0.007165315327847806,0.1449426201497461,0.0
7172,1.0,0.05,0.00011878545126824712,6.320552428101948,0.007165315327847806,0.1449426201497461,0.0
7173,1.0,0.05,0.00011878545126824712,14.467476735752058,0.007165315327847806,0.138566380801376,0.0
7174,1.0,0.05,0.00011878545126824712,13.473086857718215,0.007165315327847806,0.138566380801376,0.0
7175,1.0,0.05,0.00011878545126824712,13.473086857718215,0.007165315327847806,0.11603219260933585,0.0
7176,1.0,0.05,0.00011878545126824712,9.172128126467356,0.007165315327847806,0.11603219260933585,0.0
7177,1.0,0.05,0.00011878545126824712,9.172128126467356,0.007165315327847806,0.11603219260933585,0.0
7178,1.0,0.05,0.00011878545126824712,9.172128126467356,0.007165315327847806,0.11603219260933585,0.0
7179,1.0,0.05,0.00012016689691009304,9.172128126467356,0.007165315327847806,0.11603219260933585,0.0
7180,1.0,0.05,0.00012300905011151424,9.172128126467356,0.007165315327847806,0.11603219260933585,0.0
7181,1.0,0.05,0.00012248955024436923,9.172128126467356,0.007165315327847806,0.11603219260933585,0.0
7182,1.0,0.05,0.00012248955024436923,9.172128126467356,0.007165315327847806,0.11603219260933585,0.0
7183,1.0,0.05,0.00012248955024436923,9.172128126467356,0.006930031674711913,0.11603219260933585,0.0
7184,1.0,0.05,0.00012248955024436923,9.172128126467356,0.007190185603114375,0.11603219260933585,0.0
7185,1.0,0.05,0.00012248955024436923,9.172128126467356,0.006919772628913964,0.11603219260933585,0.0
7186,1.0,0.05,0.00012248955024436923,9.172128126467356,0.006919772628913964,0.11603219260933585,0.0
7187,1.0,0.05,0.00012248955024436923,9.172128126467356,0.006919772628913964,0.11603219260933585,0.0
7188,1.0,0.05,0.00012248955024436923,9.172128126467356,0.006919772628913964,0.11603219260933585,0.0
7189,1.0,0.05,0.00012248955024436923,9.172128126467356,0.006919772628913964,0.11603219260933585,0.0
7190,1.0,0.05,0.00012248955024436923,5.936252700395144,0.006919772628913964,0.1490496226750603,0.0
7191,1.0,0.05,0.00012248955024436923,8.629956409293342,0.006581247187818487,0.1490496226750603,0.0
7192,1.0,0.05,0.00012248955024436923,8.629956409293342,0.006581247187818487,0.1490496226750603,0.0
7193,1.0,0.05,0.00012248955024436923,8.629956409293342,0.0069848437546217125,0.1490496226750603,0.0
7194,1.0,0.05,0.00012248955024436923,8.629956409293342,0.0069848437546217125,0.1356038995777864,0.0
7195,1.0,0.05,0.00012248955024436923,8.629956409293342,0.0069848437546217125,0.1356038995777864,0.0
7196,1.0,0.05,0.00012248955024436923,8.629956409293342,0.0069848437546217125,0.1356038995777864,0.0
7197,1.0,0.05,0.00012248955024436923,11.79940382943579,0.0069848437546217125,0.1356038995777864,0.0
7198,1.0,0.05,0.00012248955024436923,11.79940382943579,0.0069848437546217125,0.1356038995777864,0.0
7199,1.0,0.05,0.00012248955024436923,11.79940382943579,0.0069848437546217125,0.1356038995777864,0.0
7200,1.0,0.05,0.00012248955024436923,11.79940382943579,0.0069848437546217125,0.1356038995777864,0.0
7201,1.0,0.05,0.00012276472502431677,11.79940382943579,0.0069848437546217125,0.12743282108330262,0.0
7202,1.0,0.05,0.00012276472502431677,11.79940382943579,0.0069848437546217125,0.12743282108330262,0.0
7203,1.0,0.05,0.00012276472502431677,11.79940382943579,0.007145808428902339,0.12743282108330262,0.0
7204,1.0,0.05,0.00012276472502431677,11.79940382943579,0.007145808428902339,0.12743282108330262,0.0
7205,1.0,0.05,0.00012276472502431677,11.79940382943579,0.007145808428902339,0.12743282108330262,0.0
7206,1.0,0.05,0.00012276472502431677,11.79940382943579,0.007145808428902339,0.12743282108330262,0.0
7207,1.0,0.05,0.00012276472502431677,11.79940382943579,0.007145808428902339,0.12743282108330262,0.0
7208,1.0,0.05,0.00012276472502431677,11.79940382943579,0.007145808428902339,0.12743282108330262,0.0
7209,1.0,0.05,0.00012276472502431677,11.79940382943579,0.005941206763848833,0.1354395476176233,0.0
7210,1.0,0.05,0.00012276472502431677,11.79940382943579,0.005941206763848833,0.09974438818850351,0.0
7211,1.0,0.05,0.00012344229473170486,11.79940382943579,0.005941206763848833,0.09974438818850351,0.0
7212,1.0,0.05,0.00012344229473170486,11.291190126729617,0.007310482878356635,0.09974438818850351,0.0
7213,1.0,0.05,0.00012344229473170486,11.291190126729617,0.007236889931709244,0.09748118687864565,0.0
7214,1.0,0.05,0.00012344229473170486,11.291190126729617,0.007236889931709244,0.09748118687864565,0.0
7215,1.0,0.05,0.00012344229473170486,11.291190126729617,0.006181818636680142,0.09748118687864565,0.0
7216,1.0,0.05,0.00012344229473170486,11.291190126729617,0.006181818636680142,0.09900648668329688,0.0
7217,1.0,0.05,0.00012344229473170486,11.291190126729617,0.006181818636680142,0.10178366074578567,0.0
7218,1.0,0.05,0.00012488768185241284,11.291190126729617,0.006181818636680142,0.10178366074578567,0.0
7219,1.0,0.05,0.00012488768185241284,11.291190126729617,0.006181818636680142,0.10178366074578567,0.0
7220,1.0,0.05,0.00012488768185241284,11.291190126729617,0.006181818636680142,0.10178366074578567,0.0
7221,1.0,0.05,0.00012271204883805518,11.291190126729617,0.006181818636680142,0.10178366074578567,0.0
7222,1.0,0.05,0.00012271204883805518,11.291190126729617,0.006181818636680142,0.10178366074578567,0.0
7223,1.0,0.05,0.00012271204883805518,11.291190126729617,0.006015138043969324,0.10178366074578567,0.0
7224,1.0,0.05,0.00012271204883805518,11.291190126729617,0.006884873021835563,0.10178366074578567,0.0
7225,1.0,0.05,0.00012271204883805518,11.291190126729617,0.006884873021835563,0.11173157904566275,0.0
7226,1.0,0.05,0.00012271204883805518,11.291190126729617,0.006884873021835563,0.11173157904566275,0.0
7227,1.0,0.05,0.00012271204883805518,11.291190126729617,0.006884873021835563,0.12765265945640197,0.0
7228,1.0,0.05,0.00012271204883805518,9.91771353712221,0.006884873021835563,0.12765265945640197,0.0
7229,1.0,0.05,0.00012271204883805518,9.91771353712221,0.006884873021835563,0.12765265945640197,0.0
7230,1.0,0.05,0.00012271204883805518,9.91771353712221,0.006884873021835563,0.12765265945640197,0.0
7231,1.0,0.05,0.00012271204883805518,9.91771353712221,0.0069211268571099565,0.12765265945640197,0.0
7232,1.0,0.05,0.00012271204883805518,13.181882700937607,0.0069211268571099565,0.13906847457487245,0.0
7233,1.0,0.05,0.00012271204883805518,12.31839382581282,0.0069211268571099565,0.10672030905770041,0.0
7234,1.0,0.05,0.00012271204883805518,12.31839382581282,0.0069211268571099565,0.10672030905770041,0.0
7235,1.0,0.05,0.00012271204883805518,12.31839382581282,0.0069211268571099565,0.10672030905770041,0.0
7236,1.0,0.05,0.00012271204883805518,12.31839382581282,0.0069211268571099565,0.10672030905770041,0.0
7237,1.0,0.05,0.00012271204883805518,12.31839382581282,0.0069211268571099565,0.10672030905770041,0.0
7238,1.0,0.05,0.00012271204883805518,12.31839382581282,0.0069211268571099565,0.10672030905770041,0.0
7239,1.0,0.05,0.00011740191402851512,12.31839382581282,0.007510891884484537,0.1295530662322013,0.0
7240,1.0,0.05,0.00011740191402851512,12.31839382581282,0.007510891884484537,0.1295530662322013,0.0
7241,1.0,0.05,0.00011740191402851512,12.31839382581282,0.007510891884484537,0.1295530662322013,0.0
7242,1.0,0.05,0.00011740191402851512,12.31839382581282,0.007011752362585564,0.1295530662322013,0.0
7243,1.0,0.05,0.00011740191402851512,12.31839382581282,0.007011752362585564,0.1295530662322013,0.0
7244,1.0,0.05,0.00011740191402851512,12.31839382581282,0.007011752362585564,0.1295530662322013,0.0
7245,1.0,0.05,0.00011740191402851512,12.31839382581282,0.007061573425623263,0.1295530662322013,0.0
7246,1.0,0.05,0.00011740191402851512,10.790658413505554,0.006829904109927955,0.1295530662322013,0.0
7247,1.0,0.05,0.00011740191402851512,10.790658413505554,0.006829904109927955,0.1295530662322013,0.0
7248,1.0,0.05,0.00011740191402851512,10.790658413505554,0.00710685373570236,0.14336127105481145,0.0
7249,1.0,0.05,0.00011740191402851512,10.790658413505554,0.00710685373570236,0.14336127105481145,0.0
7250,1.0,0.05,0.00011740191402851512,10.790658413505554,0.006504143801540233,0.14336127105481145,0.0
7251,1.0,0.05,0.00011740191402851512,10.790658413505554,0.006504143801540233,0.14336127105481145,0.0
7252,1.0,0.05,0.00011740191402851512,10.790658413505554,0.006967016395737775,0.14336127105481145,0.0
7253,1.0,0.05,0.00011740191402851512,10.790658413505554,0.006967016395737775,0.11685304128775847,0.0
7254,1.0,0.05,0.00011740191402851512,10.790658413505554,0.006967016395737775,0.11685304128775847,0.0
7255,1.0,0.05,0.00011740191402851512,10.790658413505554,0.006967016395737775,0.11685304128775847,0.0
7256,1.0,0.05,0.00011740191402851512,10.790658413505554,0.006967016395737775,0.11685304128775847,0.0
7257,1.0,0.05,0.00011740191402851512,10.790658413505554,0.006967016395737775,0.13557303051297198,0.0
7258,1.0,0.05,0.00011740191402851512,10.790658413505554,0.0072501145291781356,0.13557303051297198,0.0
7259,1.0,0.05,0.00011740191402851512,10.790658413505554,0.006614660516778397,0.11428797025761618,0.0
7260,1.0,0.05,0.00011740191402851512,10.790658413505554,0.006614660516778397,0.11428797025761618,0.0
7261,1.0,0.05,0.00011740191402851512,10.790658413505554,0.006614660516778397,0.12109958903863656,0.0
7262,1.0,0.05,0.00011740191402851512,10.790658413505554,0.006614660516778397,0.12109958903863656,0.0
7263,1.0,0.05,0.00012242389907440854,10.790658413505554,0.00752085084127554,0.1428021026881971,0.0
7264,1.0,0.05,0.00012242389907440854,8.275145705064219,0.00752085084127554,0.1428021026881971,0.0
7265,1.0,0.05,0.00012242389907440854,8.275145705064219,0.00752085084127554,0.1428021026881971,0.0
7266,1.0,0.05,0.00012242389907440854,8.275145705064219,0.00752085084127554,0.1428021026881971,0.0
7267,1.0,0.05,0.00012242389907440854,8.275145705064219,0.00752085084127554,0.1428021026881971,0.0
7268,1.0,0.05,0.00012242389907440854,8.275145705064219,0.00752085084127554,0.1428021026881971,0.0
7269,1.0,0.05,0.00012242389907440854,8.275145705064219,0.00752085084127554,0.13283614020915321,0.0
7270,1.0,0.05,0.00012125323046290241,8.275145705064219,0.00752085084127554,0.15405039246184912,0.0
7271,1.0,0.05,0.0001191510585640378,8.275145705064219,0.007273087222282903,0.15405039246184912,0.0
7272,1.0,0.05,0.0001191510585640378,8.275145705064219,0.007273087222282903,0.15405039246184912,0.0
7273,1.0,0.05,0.0001191510585640378,8.275145705064219,0.007273087222282903,0.15405039246184912,0.0
7274,1.0,0.05,0.0001191510585640378,8.275145705064219,0.007273087222282903,0.15405039246184912,0.0
7275,1.0,0.05,0.0001191510585640378,8.275145705064219,0.007273087222282903,0.15405039246184912,0.0
7276,1.0,0.05,0.0001191510585640378,8.275145705064219,0.006747071530114198,0.15025447537598963,0.0
7277,1.0,0.05,0.0001191510585640378,10.016274139801112,0.006747071530114198,0.15025447537598963,0.0
7278,1.0,0.05,0.0001191510585640378,10.016274139801112,0.006747071530114198,0.15025447537598963,0.0
7279,1.0,0.05,0.0001191510585640378,13.799769971359453,0.006747071530114198,0.11800725787466429,0.0
7280,1.0,0.05,0.0001262853636522905,8.648480763121952,0.006747071530114198,0.11800725787466429,0.0
7281,1.0,0.05,0.0001262853636522905,8.648480763121952,0.0063541930027897695,0.1047986255401704,0.0
7282,1.0,0.05,0.0001262853636522905,8.648480763121952,0.0063541930027897695,0.1047986255401704,0.0
7283,1.0,0.05,0.0001262853636522905,8.648480763121952,0.0063541930027897695,0.1047986255401704,0.0
7284,1.0,0.05,0.0001262853636522905,8.648480763121952,0.0063541930027897695,0.1047986255401704,0.0
7285,1.0,0.05,0.0001262853636522905,8.648480763121952,0.0063541930027897695,0.1047986255401704,0.0
7286,1.0,0.05,0.0001262853636522905,13.00421344679063,0.0063541930027897695,0.1047986255401704,0.0
7287,1.0,0.05,0.0001262853636522905,13.00421344679063,0.0063541930027897695,0.1047986255401704,0.0
7288,1.0,0.05,0.0001262853636522905,13.00421344679063,0.0063541930027897695,0.1047986255401704,0.0
7289,1.0,0.05,0.00012640625731026722,13.00421344679063,0.006320345473431419,0.1047986255401704,0.0
7290,1.0,0.05,0.00012640625731026722,13.00421344679063,0.006043576352778819,0.1047986255401704,0.0
7291,1.0,0.05,0.00012640625731026722,12.226513269386416,0.006043576352778819,0.09185750276699238,0.0
7292,1.0,0.05,0.00012640625731026722,12.226513269386416,0.00524211155748212,0.09185750276699238,0.0
7293,1.0,0.05,0.00012640625731026722,15.344926241404025,0.0072042717176826285,0.09185750276699238,0.0
7294,1.0,0.05,0.00012640625731026722,15.344926241404025,0.0072042717176826285,0.09185750276699238,0.0
7295,1.0,0.05,0.00012640625731026722,15.344926241404025,0.0072042717176826285,0.09185750276699238,0.0
7296,1.0,0.05,0.00012640625731026722,13.36848020360479,0.0072042717176826285,0.08570303428765425,0.0
7297,1.0,0.05,0.00012130730089222228,13.36848020360479,0.0072042717176826285,0.089875842411276,0.0
7298,1.0,0.05,0.00012130730089222228,13.36848020360479,0.0072042717176826285,0.10257018430720502,0.0
7299,1.0,0.05,0.00012130730089222228,13.36848020360479,0.0072042717176826285,0.09460148754877067,0.0
7300,1.0,0.05,0.00012130730089222228,13.36848020360479,0.006560358059694997,0.09460148754877067,0.0
7301,1.0,0.05,0.00012130730089222228,13.36848020360479,0.006560358059694997,0.09460148754877067,0.0
7302,1.0,0.05,0.00012130730089222228,15.634888955279067,0.006560358059694997,0.090638557628547,0.0
7303,1.0,0.05,0.00012130730089222228,15.634888955279067,0.006560358059694997,0.11597614911753504,0.0
7304,1.0,0.05,0.00012130730089222228,15.634888955279067,0.006560358059694997,0.11597614911753504,0.0
7305,1.0,0.05,0.00012130730089222228,6.885469314251253,0.006560358059694997,0.11597614911753504,0.0
7306,1.0,0.05,0.00012130730089222228,6.885469314251253,0.006560358059694997,0.13580673882038066,0.0
7307,1.0,0.05,0.00012219976304841577,6.885469314251253,0.006560358059694997,0.13580673882038066,0.0
7308,1.0,0.05,0.00012219976304841577,6.885469314251253,0.006560358059694997,0.13580673882038066,0.0
7309,1.0,0.05,0.00012219976304841577,6.885469314251253,0.006560358059694997,0.13580673882038066,0.0
7310,1.0,0.05,0.00012779825984973457,6.885469314251253,0.006067393632207842,0.11297354650140938,0.0
7311,1.0,0.05,0.00012779825984973457,6.885469314251253,0.006067393632207842,0.11297354650140938,0.0
7312,1.0,0.05,0.00012779825984973457,6.885469314251253,0.006067393632207842,0.11297354650140938,0.0
7313,1.0,0.05,0.00012779825984973457,6.885469314251253,0.006067393632207842,0.11297354650140938,0.0
7314,1.0,0.05,0.00012779825984973457,6.885469314251253,0.006050816826722612,0.11297354650140938,0.0
7315,1.0,0.05,0.00012779825984973457,6.885469314251253,0.006161874497930761,0.11297354650140938,0.0
7316,1.0,0.05,0.00012779825984973457,6.885469314251253,0.006083889238390349,0.11297354650140938,0.0
7317,1.0,0.05,0.00012779825984973457,6.885469314251253,0.006083889238390349,0.11297354650140938,0.0
7318,1.0,0.05,0.00012779825984973457,6.885469314251253,0.006083889238390349,0.11979860541701728,0.0
7319,1.0,0.05,0.00012779825984973457,6.885469314251253,0.006083889238390349,0.11979860541701728,0.0
7320,1.0,0.05,0.00012779825984973457,6.885469314251253,0.006083889238390349,0.11979860541701728,0.0
7321,1.0,0.05,0.00012779825984973457,6.885469314251253,0.00588297426177671,0.11979860541701728,0.0
7322,1.0,0.05,0.00012779825984973457,6.885469314251253,0.00588297426177671,0.11979860541701728,0.0
7323,1.0,0.05,0.00012779825984973457,6.885469314251253,0.00588297426177671,0.11979860541701728,0.0
7324,1.0,0.05,0.0001252688564930976,6.885469314251253,0.00588297426177671,0.11979860541701728,0.0
7325,1.0,0.05,0.0001252688564930976,6.885469314251253,0.00588297426177671,0.11979860541701728,0.0
7326,1.0,0.05,0.0001252688564930976,6.885469314251253,0.00588297426177671,0.11979860541701728,0.0
7327,1.0,0.05,0.0001252688564930976,6.885469314251253,0.00588297426177671,0.11979860541701728,0.0
7328,1.0,0.05,0.0001252688564930976,6.885469314251253,0.00588297426177671,0.11979860541701728,0.0
7329,1.0,0.05,0.0001252688564930976,6.885469314251253,0.00588297426177671,0.11979860541701728,0.0
7330,1.0,0.05,0.00012594436181209286,6.929541894817959,0.00588297426177671,0.11979860541701728,0.0
7331,1.0,0.05,0.00012594436181209286,6.929541894817959,0.006455299680057679,0.11979860541701728,0.0
7332,1.0,0.05,0.00012594436181209286,6.929541894817959,0.006455299680057679,0.11979860541701728,0.0
7333,1.0,0.05,0.00012594436181209286,6.929541894817959,0.006455299680057679,0.11979860541701728,0.0
7334,1.0,0.05,0.00012594436181209286,6.929541894817959,0.006455299680057679,0.11979860541701728,0.0
7335,1.0,0.05,0.00012594436181209286,6.929541894817959,0.006455299680057679,0.11979860541701728,0.0
7336,1.0,0.05,0.00012594436181209286,6.929541894817959,0.006455299680057679,0.11979860541701728,0.0
7337,1.0,0.05,0.00012594436181209286,6.929541894817959,0.006455299680057679,0.11979860541701728,0.0
7338,1.0,0.05,0.00012594436181209286,6.929541894817959,0.006455299680057679,0.11979860541701728,0.0
7339,1.0,0.05,0.00012594436181209286,6.929541894817959,0.005671845703634641,0.11979860541701728,0.0
7340,1.0,0.05,0.00012594436181209286,6.929541894817959,0.005671845703634641,0.11979860541701728,0.0
7341,1.0,0.05,0.00012594436181209286,6.929541894817959,0.005671845703634641,0.11979860541701728,0.0
7342,1.0,0.05,0.00012594436181209286,7.6799268888809,0.005671845703634641,0.11979860541701728,0.0
7343,1.0,0.05,0.00012594436181209286,7.6799268888809,0.005671845703634641,0.11979860541701728,0.0
7344,1.0,0.05,0.00013183695684705905,7.6799268888809,0.005671845703634641,0.11979860541701728,0.0
7345,1.0,0.05,0.00013183695684705905,7.6799268888809,0.005576237881494581,0.11979860541701728,0.0
7346,1.0,0.05,0.00013183695684705905,7.6799268888809,0.005576237881494581,0.11979860541701728,0.0
7347,1.0,0.05,0.00013183695684705905,7.6799268888809,0.005576237881494581,0.11979860541701728,0.0
7348,1.0,0.05,0.00013183695684705905,7.6799268888809,0.005576237881494581,0.11979860541701728,0.0
7349,1.0,0.05,0.0001289162680598039,5.583318882209937,0.005576237881494581,0.11979860541701728,0.0
7350,1.0,0.05,0.00013751138790190045,5.583318882209937,0.005576237881494581,0.09809030387547779,0.0
7351,1.0,0.05,0.00013751138790190045,5.583318882209937,0.005576237881494581,0.11319047525426157,0.0
7352,1.0,0.05,0.00013751138790190045,5.583318882209937,0.005576237881494581,0.11319047525426157,0.0
7353,1.0,0.05,0.00013751138790190045,5.583318882209937,0.005576237881494581,0.11319047525426157,0.0
7354,1.0,0.05,0.00013751138790190045,5.583318882209937,0.005576237881494581,0.11319047525426157,0.0
7355,1.0,0.05,0.00013751138790190045,5.583318882209937,0.005911004215149336,0.12410880578501618,0.0
7356,1.0,0.05,0.00013751138790190045,5.583318882209937,0.005911004215149336,0.12410880578501618,0.0
7357,1.0,0.05,0.00013751138790190045,5.583318882209937,0.005911004215149336,0.12410880578501618,0.0
7358,1.0,0.05,0.00013751138790190045,5.583318882209937,0.005911004215149336,0.12410880578501618,0.0
7359,1.0,0.05,0.00013751138790190045,5.583318882209937,0.005911004215149336,0.10558309852638165,0.0
7360,1.0,0.05,0.00013751138790190045,5.583318882209937,0.005911004215149336,0.10558309852638165,0.0
7361,1.0,0.05,0.00013751138790190045,5.583318882209937,0.005911004215149336,0.10558309852638165,0.0
7362,1.0,0.05,0.00013751138790190045,7.593386600299937,0.005911004215149336,0.10558309852638165,0.0
7363,1.0,0.05,0.00013751138790190045,7.593386600299937,0.005911004215149336,0.10558309852638165,0.0
7364,1.0,0.05,0.00013751138790190045,7.593386600299937,0.005911004215149336,0.10558309852638165,0.0
7365,1.0,0.05,0.00013751138790190045,7.593386600299937,0.005911004215149336,0.10558309852638165,0.0
7366,1.0,0.05,0.0001255613888330828,7.593386600299937,0.005911004215149336,0.10558309852638165,0.0
7367,1.0,0.05,0.0001255613888330828,7.593386600299937,0.005911004215149336,0.10558309852638165,0.0
7368,1.0,0.05,0.0001255613888330828,7.593386600299937,0.005911004215149336,0.10558309852638165,0.0
7369,1.0,0.05,0.0001255613888330828,8.09034486201115,0.005911004215149336,0.10558309852638165,0.0
7370,1.0,0.05,0.0001255613888330828,8.09034486201115,0.0065213725640565975,0.1563117336200148,0.0
7371,1.0,0.05,0.0001255613888330828,8.09034486201115,0.0065213725640565975,0.1563117336200148,0.0
7372,1.0,0.05,0.0001255613888330828,8.09034486201115,0.0065213725640565975,0.1420819920519369,0.0
7373,1.0,0.05,0.0001255613888330828,8.09034486201115,0.0065213725640565975,0.1420819920519369,0.0
7374,1.0,0.05,0.0001255613888330828,8.09034486201115,0.0065213725640565975,0.1420819920519369,0.0
7375,1.0,0.05,0.0001255613888330828,8.09034486201115,0.0065213725640565975,0.1420819920519369,0.0
7376,1.0,0.05,0.0001255613888330828,8.09034486201115,0.0065213725640565975,0.1420819920519369,0.0
7377,1.0,0.05,0.00012381690680708554,6.2709710976493795,0.0065213725640565975,0.1420819920519369,0.0
7378,1.0,0.05,0.00011878485821755169,6.2709710976493795,0.0065213725640565975,0.1420819920519369,0.0
7379,1.0,0.05,0.00011878485821755169,6.2709710976493795,0.0065213725640565975,0.1420819920519369,0.0
7380,1.0,0.05,0.00012169843039917988,6.2709710976493795,0.0065213725640565975,0.1420819920519369,0.0
7381,1.0,0.05,0.00012169843039917988,6.2709710976493795,0.0065213725640565975,0.1420819920519369,0.0
7382,1.0,0.05,0.00012169843039917988,6.2709710976493795,0.0065213725640565975,0.1420819920519369,0.0
7383,1.0,0.05,0.00012169843039917988,6.2709710976493795,0.0065213725640565975,0.17993693940035355,0.0
7384,1.0,0.05,0.00012169843039917988,6.2709710976493795,0.0065213725640565975,0.17993693940035355,0.0
7385,1.0,0.05,0.00012169843039917988,6.2709710976493795,0.0065213725640565975,0.17993693940035355,0.0
7386,1.0,0.05,0.00012169843039917988,6.2709710976493795,0.0065213725640565975,0.17993693940035355,0.0
7387,1.0,0.05,0.00012169843039917988,6.2709710976493795,0.0065213725640565975,0.17993693940035355,0.0
7388,1.0,0.05,0.00012169843039917988,6.2709710976493795,0.0070813970762229304,0.17807317122222172,0.0
7389,1.0,0.05,0.00012169843039917988,6.2709710976493795,0.0070813970762229304,0.17807317122222172,0.0
7390,1.0,0.05,0.00012169843039917988,6.2709710976493795,0.0070813970762229304,0.17807317122222172,0.0
7391,1.0,0.05,0.00012169843039917988,6.2709710976493795,0.0070813970762229304,0.17807317122222172,0.0
7392,1.0,0.05,0.00012169843039917988,6.2709710976493795,0.0070813970762229304,0.17460105396796688,0.0
7393,1.0,0.05,0.00012169843039917988,6.2709710976493795,0.0070813970762229304,0.17460105396796688,0.0
7394,1.0,0.05,0.00012169843039917988,6.2709710976493795,0.0070813970762229304,0.17460105396796688,0.0
7395,1.0,0.05,0.00012169843039917988,6.2709710976493795,0.006344341848319632,0.17460105396796688,0.0
7396,1.0,0.05,0.00012169843039917988,6.2709710976493795,0.006344341848319632,0.17460105396796688,0.0
7397,1.0,0.05,0.00012169843039917988,6.2709710976493795,0.006344341848319632,0.17460105396796688,0.0
7398,1.0,0.05,0.00012169843039917988,6.2709710976493795,0.006344341848319632,0.17460105396796688,0.0
7399,1.0,0.05,0.00012169843039917988,6.2709710976493795,0.006344341848319632,0.17460105396796688,0.0
7400,1.0,0.05,0.00012169843039917988,4.411867251244544,0.006344341848319632,0.17460105396796688,0.0
7401,1.0,0.05,0.00012169843039917988,4.411867251244544,0.006344341848319632,0.15558362977303636,0.0
7402,1.0,0.05,0.00012169843039917988,6.840252539807821,0.006344341848319632,0.12366632372149501,0.0
7403,1.0,0.05,0.00012169843039917988,9.69896073988133,0.006344341848319632,0.12366632372149501,0.0
7404,1.0,0.05,0.00012169843039917988,9.69896073988133,0.006344341848319632,0.12366632372149501,0.0
7405,1.0,0.05,0.00012767477363107908,9.69896073988133,0.006193983573548658,0.12366632372149501,0.0
7406,1.0,0.05,0.00012767477363107908,9.69896073988133,0.006193983573548658,0.10137562168890084,0.0
7407,1.0,0.05,0.00012767477363107908,9.934955309347089,0.006193983573548658,0.10137562168890084,0.0
7408,1.0,0.05,0.00012767477363107908,9.934955309347089,0.005662394259926416,0.10137562168890084,0.0
7409,1.0,0.05,0.00012767477363107908,9.934955309347089,0.005662394259926416,0.10137562168890084,0.0
7410,1.0,0.05,0.00012767477363107908,9.934955309347089,0.005662394259926416,0.10137562168890084,0.0
7411,1.0,0.05,0.00012767477363107908,9.934955309347089,0.005662394259926416,0.10137562168890084,0.0
7412,1.0,0.05,0.00012767477363107908,9.677402842118624,0.005676836339979646,0.10137562168890084,0.0
7413,1.0,0.05,0.00012767477363107908,12.811970102739025,0.005676836339979646,0.10137562168890084,0.0
7414,1.0,0.05,0.00012767477363107908,13.432754189917944,0.005676836339979646,0.10137562168890084,0.0
7415,1.0,0.05,0.00012767477363107908,10.163250090010663,0.005676836339979646,0.10137562168890084,0.0
7416,1.0,0.05,0.00012767477363107908,9.029967846703627,0.005676836339979646,0.10137562168890084,0.0
7417,1.0,0.05,0.00012767477363107908,9.029967846703627,0.005676836339979646,0.10137562168890084,0.0
7418,1.0,0.05,0.00012767477363107908,9.029967846703627,0.005676836339979646,0.10137562168890084,0.0
7419,1.0,0.05,0.00012767477363107908,9.029967846703627,0.005676836339979646,0.10137562168890084,0.0
7420,1.0,0.05,0.00012767477363107908,9.029967846703627,0.005676836339979646,0.10137562168890084,0.0
7421,1.0,0.05,0.00012767477363107908,9.029967846703627,0.005676836339979646,0.10137562168890084,0.0
7422,1.0,0.05,0.00012767477363107908,9.029967846703627,0.00610392187289779,0.10137562168890084,0.0
7423,1.0,0.05,0.00012767477363107908,9.029967846703627,0.00610392187289779,0.10137562168890084,0.0
7424,1.0,0.05,0.00012767477363107908,9.029967846703627,0.00610392187289779,0.10137562168890084,0.0
7425,1.0,0.05,0.00012767477363107908,9.029967846703627,0.00610392187289779,0.10137562168890084,0.0
7426,1.0,0.05,0.00012767477363107908,9.029967846703627,0.005875743652222699,0.10137562168890084,0.0
7427,1.0,0.05,0.00012767477363107908,9.029967846703627,0.005875743652222699,0.10137562168890084,0.0
7428,1.0,0.05,0.00012767477363107908,9.029967846703627,0.005875743652222699,0.10137562168890084,0.0
7429,1.0,0.05,0.00012767477363107908,9.152657343205092,0.005792011106932479,0.12329970325954136,0.0
7430,1.0,0.05,0.00012767477363107908,9.152657343205092,0.005792011106932479,0.12329970325954136,0.0
7431,1.0,0.05,0.00012767477363107908,9.152657343205092,0.005792011106932479,0.12329970325954136,0.0
7432,1.0,0.05,0.00012889519113242374,9.152657343205092,0.005792011106932479,0.1398897397205468,0.0
7433,1.0,0.05,0.00012889519113242374,9.152657343205092,0.005874421688899065,0.1434246303591651,0.0
7434,1.0,0.05,0.00012046078048940818,9.152657343205092,0.005874421688899065,0.1434246303591651,0.0
7435,1.0,0.05,0.00012046078048940818,9.152657343205092,0.005874421688899065,0.1434246303591651,0.0
7436,1.0,0.05,0.00012046078048940818,9.152657343205092,0.005861190725870536,0.1434246303591651,0.0
7437,1.0,0.05,0.00012046078048940818,9.152657343205092,0.005861190725870536,0.1434246303591651,0.0
7438,1.0,0.05,0.00012046078048940818,9.152657343205092,0.005861190725870536,0.1434246303591651,0.0
7439,1.0,0.05,0.00012046078048940818,9.152657343205092,0.005861190725870536,0.1434246303591651,0.0
7440,1.0,0.05,0.00012046078048940818,9.152657343205092,0.007244167634246998,0.1434246303591651,0.0
7441,1.0,0.05,0.00012046078048940818,9.152657343205092,0.007244167634246998,0.13032388479154966,0.0
7442,1.0,0.05,0.00012046078048940818,9.152657343205092,0.007244167634246998,0.13032388479154966,0.0
7443,1.0,0.05,0.00011269373374374312,9.201409502934823,0.007244167634246998,0.13032388479154966,0.0
7444,1.0,0.05,0.00011269373374374312,9.201409502934823,0.007244167634246998,0.19867365472025236,0.0
7445,1.0,0.05,0.00011269373374374312,9.201409502934823,0.007244427243337069,0.19867365472025236,0.0
7446,1.0,0.05,0.00011269373374374312,9.201409502934823,0.007244427243337069,0.19867365472025236,0.0
7447,1.0,0.05,0.00011269373374374312,9.201409502934823,0.007244427243337069,0.19867365472025236,0.0
7448,1.0,0.05,0.00011269373374374312,9.201409502934823,0.007244427243337069,0.19867365472025236,0.0
7449,1.0,0.05,0.00011269373374374312,9.201409502934823,0.007244427243337069,0.19867365472025236,0.0
7450,1.0,0.05,0.00011269373374374312,9.201409502934823,0.008271484040535815,0.19867365472025236,0.0
7451,1.0,0.05,0.00011269373374374312,9.201409502934823,0.008271484040535815,0.19867365472025236,0.0
7452,1.0,0.05,0.00011269373374374312,9.201409502934823,0.008271484040535815,0.23319980016961758,0.0
7453,1.0,0.05,0.00011269373374374312,9.201409502934823,0.0076431772748244,0.23319980016961758,0.0
7454,1.0,0.05,0.00011269373374374312,9.201409502934823,0.0076431772748244,0.23319980016961758,0.0
7455,1.0,0.05,0.00011269373374374312,9.201409502934823,0.0076431772748244,0.23319980016961758,0.0
7456,1.0,0.05,0.00011269373374374312,9.201409502934823,0.007794229896942985,0.23319980016961758,0.0
7457,1.0,0.05,0.00011269373374374312,5.402459307413167,0.007794229896942985,0.23319980016961758,0.0
7458,1.0,0.05,0.000112218425489724,7.385994865584465,0.007794229896942985,0.23319980016961758,0.0
7459,1.0,0.05,0.000112218425489724,7.385994865584465,0.0076802611209110146,0.23319980016961758,0.0
7460,1.0,0.05,0.000112218425489724,7.385994865584465,0.0076802611209110146,0.23319980016961758,0.0
7461,1.0,0.05,0.00011103587448997945,7.385994865584465,0.0076802611209110146,0.23319980016961758,0.0
7462,1.0,0.05,0.00011103587448997945,7.385994865584465,0.0076802611209110146,0.23319980016961758,0.0
7463,1.0,0.05,0.00011103587448997945,7.385994865584465,0.0076802611209110146,0.21582891150913772,0.0
7464,1.0,0.05,0.00011103587448997945,7.385994865584465,0.0076802611209110146,0.21582891150913772,0.0
7465,1.0,0.05,0.00011103587448997945,7.385994865584465,0.007526402936625866,0.21582891150913772,0.0
7466,1.0,0.05,0.00011103587448997945,7.385994865584465,0.007833424356964613,0.21582891150913772,0.0
7467,1.0,0.05,0.00011103587448997945,7.385994865584465,0.007833424356964613,0.21582891150913772,0.0
7468,1.0,0.05,0.00011103587448997945,7.385994865584465,0.007833424356964613,0.21582891150913772,0.0
7469,1.0,0.05,0.00011103587448997945,7.385994865584465,0.007833424356964613,0.21582891150913772,0.0
7470,1.0,0.05,0.00011103587448997945,7.385994865584465,0.007833424356964613,0.21582891150913772,0.0
7471,1.0,0.05,0.00011103587448997945,7.385994865584465,0.007833424356964613,0.21582891150913772,0.0
7472,1.0,0.05,0.00011103587448997945,7.385994865584465,0.007833424356964613,0.20475765005362878,0.0
7473,1.0,0.05,0.00011103587448997945,7.385994865584465,0.007833424356964613,0.18905808701746396,0.0
7474,1.0,0.05,0.00011103587448997945,7.385994865584465,0.007833424356964613,0.18905808701746396,0.0
7475,1.0,0.05,0.00011103587448997945,7.385994865584465,0.007833424356964613,0.18905808701746396,0.0
7476,1.0,0.05,0.00011103587448997945,12.456558807275925,0.007833424356964613,0.18905808701746396,0.0
7477,1.0,0.05,0.00011103587448997945,12.456558807275925,0.007833424356964613,0.18905808701746396,0.0
7478,1.0,0.05,0.00011103587448997945,11.890284315883676,0.008021246999650485,0.13313325853612018,0.0
7479,1.0,0.05,0.00011103587448997945,11.890284315883676,0.008021246999650485,0.13313325853612018,0.0
7480,1.0,0.05,0.00011103587448997945,11.890284315883676,0.008021246999650485,0.16364847811255734,0.0
7481,1.0,0.05,0.00010790405857953874,11.890284315883676,0.008021246999650485,0.16364847811255734,0.0
7482,1.0,0.05,0.00010790405857953874,10.628942597780451,0.008021246999650485,0.16364847811255734,0.0
7483,1.0,0.05,0.00010790405857953874,10.628942597780451,0.008021246999650485,0.1585415934287528,0.0
7484,1.0,0.05,0.00011179825391550306,10.628942597780451,0.008021246999650485,0.1585415934287528,0.0
7485,1.0,0.05,0.00011179825391550306,10.628942597780451,0.008021246999650485,0.1585415934287528,0.0
7486,1.0,0.05,0.00011179825391550306,10.628942597780451,0.008021246999650485,0.1585415934287528,0.0
7487,1.0,0.05,0.00011179825391550306,10.628942597780451,0.008021246999650485,0.1585415934287528,0.0
7488,1.0,0.05,0.00011179825391550306,10.628942597780451,0.008021246999650485,0.1585415934287528,0.0
7489,1.0,0.05,0.00011179825391550306,10.628942597780451,0.008021246999650485,0.1585415934287528,0.0
7490,1.0,0.05,0.00011179825391550306,10.628942597780451,0.008021246999650485,0.1585415934287528,0.0
7491,1.0,0.05,0.00011179825391550306,10.628942597780451,0.008021246999650485,0.1585415934287528,0.0
7492,1.0,0.05,0.00011179825391550306,10.628942597780451,0.008021246999650485,0.1585415934287528,0.0
7493,1.0,0.05,0.00011179825391550306,10.628942597780451,0.008021246999650485,0.1585415934287528,0.0
7494,1.0,0.05,0.00011179825391550306,10.628942597780451,0.008581652050780337,0.1585415934287528,0.0
7495,1.0,0.05,0.00011580804903657915,10.628942597780451,0.008581652050780337,0.1585415934287528,0.0
7496,1.0,0.05,0.00011580804903657915,10.628942597780451,0.007833152202549706,0.1585415934287528,0.0
7497,1.0,0.05,0.00011580804903657915,12.374367764103653,0.007833152202549706,0.1585415934287528,0.0
7498,1.0,0.05,0.00011580804903657915,12.374367764103653,0.007833152202549706,0.1313033035499568,0.0
7499,1.0,0.05,0.00011580804903657915,12.374367764103653,0.007833152202549706,0.1479056721792537,0.0
7500,1.0,0.05,0.00011580804903657915,6.18457319969221,0.0072494730604601735,0.16301773112244128,0.0
7501,1.0,0.05,0.00011580804903657915,6.18457319969221,0.0072494730604601735,0.16301773112244128,0.0
7502,1.0,0.05,0.00011580804903657915,6.18457319969221,0.0072494730604601735,0.16301773112244128,0.0
7503,1.0,0.05,0.00011580804903657915,11.665052097862755,0.0072494730604601735,0.16301773112244128,0.0
7504,1.0,0.05,0.00011580804903657915,11.665052097862755,0.0072494730604601735,0.16301773112244128,0.0
7505,1.0,0.05,0.00011580804903657915,11.665052097862755,0.0072494730604601735,0.14700358231006314,0.0
7506,1.0,0.05,0.00011580804903657915,11.665052097862755,0.0072494730604601735,0.14700358231006314,0.0
7507,1.0,0.05,0.00011580804903657915,11.665052097862755,0.0072494730604601735,0.14700358231006314,0.0
7508,1.0,0.05,0.00011580804903657915,11.665052097862755,0.0072494730604601735,0.14700358231006314,0.0
7509,1.0,0.05,0.00011580804903657915,11.665052097862755,0.0072494730604601735,0.14700358231006314,0.0
7510,1.0,0.05,0.00011580804903657915,11.665052097862755,0.0072494730604601735,0.14700358231006314,0.0
7511,1.0,0.05,0.00011580804903657915,11.665052097862755,0.0072494730604601735,0.14700358231006314,0.0
7512,1.0,0.05,0.00011580804903657915,11.665052097862755,0.008392512004523655,0.14700358231006314,0.0
7513,1.0,0.05,0.00011625083414957157,11.665052097862755,0.008392512004523655,0.14700358231006314,0.0
7514,1.0,0.05,0.00011625083414957157,11.665052097862755,0.008392512004523655,0.14700358231006314,0.0
7515,1.0,0.05,0.00011625083414957157,11.665052097862755,0.008392512004523655,0.14700358231006314,0.0
7516,1.0,0.05,0.00011625083414957157,11.665052097862755,0.008392512004523655,0.14700358231006314,0.0
7517,1.0,0.05,0.00011341235918951655,11.665052097862755,0.008392512004523655,0.14700358231006314,0.0
7518,1.0,0.05,0.00011341235918951655,11.665052097862755,0.008392512004523655,0.14700358231006314,0.0
7519,1.0,0.05,0.00011341235918951655,11.665052097862755,0.006961840201082156,0.14700358231006314,0.0
7520,1.0,0.05,0.00011341235918951655,11.665052097862755,0.007332787635208911,0.14700358231006314,0.0
7521,1.0,0.05,0.00011341235918951655,11.665052097862755,0.007332787635208911,0.13012919324181638,0.0
7522,1.0,0.05,0.00011341235918951655,11.665052097862755,0.007332787635208911,0.13012919324181638,0.0
7523,1.0,0.05,0.00011341235918951655,11.665052097862755,0.007332787635208911,0.14722616664788207,0.0
7524,1.0,0.05,0.00011341235918951655,11.665052097862755,0.007332787635208911,0.14722616664788207,0.0
7525,1.0,0.05,0.00011341235918951655,11.665052097862755,0.007332787635208911,0.14722616664788207,0.0
7526,1.0,0.05,0.00012340438492076925,6.513186415753253,0.007088527047578291,0.1587273955704738,0.0
7527,1.0,0.05,0.00012340438492076925,6.513186415753253,0.007088527047578291,0.1587273955704738,0.0
7528,1.0,0.05,0.00012340438492076925,6.513186415753253,0.007088527047578291,0.1587273955704738,0.0
7529,1.0,0.05,0.00012340438492076925,6.513186415753253,0.007088527047578291,0.1587273955704738,0.0
7530,1.0,0.05,0.00012340438492076925,6.513186415753253,0.007088527047578291,0.120690369199195,0.0
7531,1.0,0.05,0.00012340438492076925,6.513186415753253,0.005885579753016724,0.120690369199195,0.0
7532,1.0,0.05,0.00012340438492076925,6.513186415753253,0.005885579753016724,0.120690369199195,0.0
7533,1.0,0.05,0.00012340438492076925,6.513186415753253,0.005885579753016724,0.120690369199195,0.0
7534,1.0,0.05,0.00012340438492076925,6.513186415753253,0.005885579753016724,0.120690369199195,0.0
7535,1.0,0.05,0.00012340438492076925,6.513186415753253,0.006488517937102709,0.120690369199195,0.0
7536,1.0,0.05,0.00012453568885038139,6.513186415753253,0.006488517937102709,0.120690369199195,0.0
7537,1.0,0.05,0.00012453568885038139,7.442446108639572,0.006489994018568297,0.15640797122491107,0.0
7538,1.0,0.05,0.00012453568885038139,4.33142304550131,0.006489994018568297,0.17396644958876406,0.0
7539,1.0,0.05,0.00012453568885038139,4.33142304550131,0.006489994018568297,0.17396644958876406,0.0
7540,1.0,0.05,0.00012453568885038139,4.33142304550131,0.006489994018568297,0.17024039650546732,0.0
7541,1.0,0.05,0.00012453568885038139,4.33142304550131,0.006489994018568297,0.17024039650546732,0.0
7542,1.0,0.05,0.00012453568885038139,4.33142304550131,0.006489994018568297,0.17024039650546732,0.0
7543,1.0,0.05,0.00012453568885038139,4.33142304550131,0.006489994018568297,0.17024039650546732,0.0
7544,1.0,0.05,0.00012453568885038139,4.33142304550131,0.006489994018568297,0.16315732825270782,0.0
7545,1.0,0.05,0.00012453568885038139,4.33142304550131,0.006489994018568297,0.16315732825270782,0.0
7546,1.0,0.05,0.00012453568885038139,4.33142304550131,0.006489994018568297,0.16315732825270782,0.0
7547,1.0,0.05,0.00012453568885038139,7.8714776319857265,0.006489994018568297,0.16315732825270782,0.0
7548,1.0,0.05,0.00012453568885038139,7.8714776319857265,0.006489994018568297,0.16315732825270782,0.0
7549,1.0,0.05,0.00012453568885038139,7.8714776319857265,0.006489994018568297,0.16315732825270782,0.0
7550,1.0,0.05,0.00012453568885038139,7.8714776319857265,0.006489994018568297,0.16138675616130632,0.0
7551,1.0,0.05,0.00012453568885038139,7.8714776319857265,0.006489994018568297,0.16138675616130632,0.0
7552,1.0,0.05,0.00012453568885038139,7.8714776319857265,0.006489994018568297,0.1308456847784264,0.0
7553,1.0,0.05,0.00012453568885038139,7.8714776319857265,0.006489994018568297,0.1308456847784264,0.0
7554,1.0,0.05,0.00012453568885038139,7.8714776319857265,0.006489994018568297,0.10683438337604372,0.0
7555,1.0,0.05,0.00012453568885038139,7.8714776319857265,0.006489994018568297,0.10683438337604372,0.0
7556,1.0,0.05,0.00012453568885038139,7.8714776319857265,0.006354586742322361,0.10683438337604372,0.0
7557,1.0,0.05,0.00012453568885038139,7.8714776319857265,0.006260481136033974,0.10683438337604372,0.0
7558,1.0,0.05,0.00012453568885038139,7.8714776319857265,0.006260481136033974,0.10683438337604372,0.0
7559,1.0,0.05,0.00012453568885038139,7.8714776319857265,0.006260481136033974,0.10683438337604372,0.0
7560,1.0,0.05,0.00012453568885038139,7.8714776319857265,0.006521081743657738,0.10683438337604372,0.0
7561,1.0,0.05,0.00012453568885038139,7.8714776319857265,0.006521081743657738,0.10683438337604372,0.0
7562,1.0,0.05,0.00012453568885038139,7.8714776319857265,0.006521081743657738,0.10683438337604372,0.0
7563,1.0,0.05,0.00012453568885038139,7.8714776319857265,0.006521081743657738,0.10683438337604372,0.0
7564,1.0,0.05,0.00012453568885038139,7.8714776319857265,0.006521081743657738,0.10683438337604372,0.0
7565,1.0,0.05,0.00012453568885038139,7.8714776319857265,0.006521081743657738,0.11310882207952802,0.0
7566,1.0,0.05,0.00012453568885038139,8.613894541708888,0.006521081743657738,0.1562293334297846,0.0
7567,1.0,0.05,0.00012453568885038139,8.613894541708888,0.00696829039830532,0.14336431639083957,0.0
7568,1.0,0.05,0.00012453568885038139,8.613894541708888,0.00696829039830532,0.14336431639083957,0.0
7569,1.0,0.05,0.00012453568885038139,8.613894541708888,0.00696829039830532,0.14336431639083957,0.0
7570,1.0,0.05,0.00012453568885038139,8.613894541708888,0.006229049164290093,0.14336431639083957,0.0
7571,1.0,0.05,0.00012453568885038139,8.613894541708888,0.006229049164290093,0.11456996288118208,0.0
7572,1.0,0.05,0.00012453568885038139,8.613894541708888,0.005845286073442467,0.11456996288118208,0.0
7573,1.0,0.05,0.00012453568885038139,8.613894541708888,0.006770179843640472,0.11456996288118208,0.0
7574,1.0,0.05,0.00012453568885038139,8.613894541708888,0.006770179843640472,0.11456996288118208,0.0
7575,1.0,0.05,0.00012453568885038139,8.613894541708888,0.006770179843640472,0.11456996288118208,0.0
7576,1.0,0.05,0.00012453568885038139,8.613894541708888,0.006770179843640472,0.13322306800577977,0.0
7577,1.0,0.05,0.00012453568885038139,8.613894541708888,0.006770179843640472,0.13322306800577977,0.0
7578,1.0,0.05,0.00012453568885038139,8.613894541708888,0.006569920438347594,0.13322306800577977,0.0
7579,1.0,0.05,0.00012453568885038139,8.613894541708888,0.0062956746740886966,0.13322306800577977,0.0
7580,1.0,0.05,0.00012453568885038139,8.613894541708888,0.0062956746740886966,0.13322306800577977,0.0
7581,1.0,0.05,0.00012453568885038139,7.5537188992338145,0.0062956746740886966,0.13322306800577977,0.0
7582,1.0,0.05,0.00012453568885038139,7.5537188992338145,0.0062956746740886966,0.14059778121950714,0.0
7583,1.0,0.05,0.0001311380913733168,7.5537188992338145,0.0062956746740886966,0.11663398984195654,0.0
7584,1.0,0.05,0.0001311380913733168,7.5537188992338145,0.0062956746740886966,0.11663398984195654,0.0
7585,1.0,0.05,0.0001311380913733168,7.5537188992338145,0.0062956746740886966,0.11663398984195654,0.0
7586,1.0,0.05,0.0001311380913733168,7.5537188992338145,0.005911316109932513,0.11663398984195654,0.0
7587,1.0,0.05,0.0001311380913733168,7.5537188992338145,0.005911316109932513,0.11663398984195654,0.0
7588,1.0,0.05,0.0001311380913733168,7.5537188992338145,0.005911316109932513,0.12049290578862316,0.0
7589,1.0,0.05,0.0001311380913733168,7.5537188992338145,0.005911316109932513,0.12049290578862316,0.0
7590,1.0,0.05,0.0001311380913733168,7.5537188992338145,0.005911316109932513,0.12049290578862316,0.0
7591,1.0,0.05,0.0001311380913733168,7.5537188992338145,0.005911316109932513,0.12049290578862316,0.0
7592,1.0,0.05,0.0001311380913733168,7.5537188992338145,0.005911316109932513,0.12049290578862316,0.0
7593,1.0,0.05,0.0001311380913733168,7.5537188992338145,0.005911316109932513,0.12049290578862316,0.0
7594,1.0,0.05,0.0001311380913733168,8.62401017463408,0.0060754513161261,0.12049290578862316,0.0
7595,1.0,0.05,0.0001311380913733168,8.62401017463408,0.0060754513161261,0.12049290578862316,0.0
7596,1.0,0.05,0.0001311380913733168,8.62401017463408,0.0060754513161261,0.12049290578862316,0.0
7597,1.0,0.05,0.0001311380913733168,8.62401017463408,0.0060754513161261,0.11917345690311892,0.0
7598,1.0,0.05,0.0001311380913733168,8.62401017463408,0.0060754513161261,0.11917345690311892,0.0
7599,1.0,0.05,0.0001311380913733168,8.62401017463408,0.006440450503407022,0.11917345690311892,0.0
7600,1.0,0.05,0.0001311380913733168,8.62401017463408,0.006440450503407022,0.11917345690311892,0.0
7601,1.0,0.05,0.0001311380913733168,8.62401017463408,0.006440450503407022,0.11917345690311892,0.0
7602,1.0,0.05,0.0001311380913733168,8.62401017463408,0.006440450503407022,0.11917345690311892,0.0
7603,1.0,0.05,0.00011956686436054202,8.62401017463408,0.006440450503407022,0.11917345690311892,0.0
7604,1.0,0.05,0.00011956686436054202,8.62401017463408,0.007297992507464262,0.11917345690311892,0.0
7605,1.0,0.05,0.00011956686436054202,9.394232475404678,0.007297992507464262,0.1277355413371506,0.0
7606,1.0,0.05,0.00011757517943706122,9.394232475404678,0.007539470877320159,0.1277355413371506,0.0
7607,1.0,0.05,0.00011757517943706122,9.394232475404678,0.007539470877320159,0.1277355413371506,0.0
7608,1.0,0.05,0.00011757517943706122,9.394232475404678,0.007539470877320159,0.1277355413371506,0.0
7609,1.0,0.05,0.00011757517943706122,9.394232475404678,0.007539470877320159,0.10872594702219367,0.0
7610,1.0,0.05,0.00011757517943706122,9.394232475404678,0.007539470877320159,0.10872594702219367,0.0
7611,1.0,0.05,0.00011757517943706122,9.394232475404678,0.007539470877320159,0.1310813269071102,0.0
7612,1.0,0.05,0.00011757517943706122,9.394232475404678,0.007539470877320159,0.1310813269071102,0.0
7613,1.0,0.05,0.00011757517943706122,9.394232475404678,0.007539470877320159,0.1310813269071102,0.0
7614,1.0,0.05,0.00011757517943706122,9.394232475404678,0.007539470877320159,0.1310813269071102,0.0
7615,1.0,0.05,0.00011401300656937015,9.394232475404678,0.007539470877320159,0.1310813269071102,0.0
7616,1.0,0.05,0.00011401300656937015,9.394232475404678,0.007539470877320159,0.1310813269071102,0.0
7617,1.0,0.05,0.00011401300656937015,9.394232475404678,0.007539470877320159,0.16544817704604525,0.0
7618,1.0,0.05,0.00011401300656937015,10.096660628028985,0.007539470877320159,0.16544817704604525,0.0
7619,1.0,0.05,0.00011401300656937015,10.096660628028985,0.007539470877320159,0.16544817704604525,0.0
7620,1.0,0.05,0.00011401300656937015,10.096660628028985,0.007235633240871168,0.16544817704604525,0.0
7621,1.0,0.05,0.00011401300656937015,10.096660628028985,0.007235633240871168,0.16544817704604525,0.0
7622,1.0,0.05,0.00011401300656937015,10.096660628028985,0.007235633240871168,0.16544817704604525,0.0
7623,1.0,0.05,0.00011401300656937015,10.096660628028985,0.007235633240871168,0.16544817704604525,0.0
7624,1.0,0.05,0.00011401300656937015,10.096660628028985,0.007235633240871168,0.16544817704604525,0.0
7625,1.0,0.05,0.00011401300656937015,10.745121691442677,0.007757409005477582,0.16544817704604525,0.0
7626,1.0,0.05,0.00011401300656937015,10.745121691442677,0.007757409005477582,0.15899634842571983,0.0
7627,1.0,0.05,0.00011401300656937015,7.961914086158316,0.007757409005477582,0.15899634842571983,0.0
7628,1.0,0.05,0.00011401300656937015,7.961914086158316,0.007190595781746441,0.15899634842571983,0.0
7629,1.0,0.05,0.00011401300656937015,7.961914086158316,0.007190595781746441,0.15899634842571983,0.0
7630,1.0,0.05,0.00011401300656937015,7.961914086158316,0.0072134962797361845,0.15899634842571983,0.0
7631,1.0,0.05,0.00011401300656937015,7.961914086158316,0.0072134962797361845,0.15899634842571983,0.0
7632,1.0,0.05,0.00011401300656937015,7.961914086158316,0.0072134962797361845,0.15899634842571983,0.0
7633,1.0,0.05,0.00011401300656937015,11.201750291799172,0.0072134962797361845,0.15899634842571983,0.0
7634,1.0,0.05,0.00011401300656937015,11.201750291799172,0.0072134962797361845,0.15899634842571983,0.0
7635,1.0,0.05,0.00011401300656937015,11.201750291799172,0.0072134962797361845,0.15899634842571983,0.0
7636,1.0,0.05,0.00011670672591568342,11.201750291799172,0.0072134962797361845,0.15899634842571983,0.0
7637,1.0,0.05,0.00011670672591568342,11.201750291799172,0.0072134962797361845,0.15899634842571983,0.0
7638,1.0,0.05,0.00011670672591568342,11.201750291799172,0.0072134962797361845,0.15899634842571983,0.0
7639,1.0,0.05,0.00011670672591568342,11.201750291799172,0.0072134962797361845,0.15899634842571983,0.0
7640,1.0,0.05,0.00011670672591568342,11.201750291799172,0.0072134962797361845,0.15899634842571983,0.0
7641,1.0,0.05,0.00011670672591568342,11.201750291799172,0.0072134962797361845,0.1362725804100055,0.0
7642,1.0,0.05,0.00011670672591568342,11.201750291799172,0.0072134962797361845,0.1362725804100055,0.0
7643,1.0,0.05,0.00011670672591568342,11.201750291799172,0.0072134962797361845,0.1362725804100055,0.0
7644,1.0,0.05,0.00011670672591568342,11.201750291799172,0.0072134962797361845,0.1362725804100055,0.0
7645,1.0,0.05,0.00011670672591568342,11.201750291799172,0.0072134962797361845,0.1362725804100055,0.0
7646,1.0,0.05,0.00011670672591568342,9.227431767706534,0.0072134962797361845,0.1362725804100055,0.0
7647,1.0,0.05,0.00011670672591568342,9.227431767706534,0.006601784220416324,0.1362725804100055,0.0
7648,1.0,0.05,0.00011670672591568342,9.227431767706534,0.006601784220416324,0.1362725804100055,0.0
7649,1.0,0.05,0.00011670672591568342,9.227431767706534,0.006601784220416324,0.1362725804100055,0.0
7650,1.0,0.05,0.00011670672591568342,9.227431767706534,0.006601784220416324,0.1362725804100055,0.0
7651,1.0,0.05,0.00011670672591568342,9.227431767706534,0.006601784220416324,0.1362725804100055,0.0
7652,1.0,0.05,0.00011670672591568342,9.227431767706534,0.006601784220416324,0.1362725804100055,0.0
7653,1.0,0.05,0.00011670672591568342,9.227431767706534,0.006601784220416324,0.1362725804100055,0.0
7654,1.0,0.05,0.00011670672591568342,9.227431767706534,0.006601784220416324,0.17927536166940758,0.0
7655,1.0,0.05,0.00011670672591568342,9.227431767706534,0.006601784220416324,0.17927536166940758,0.0
7656,1.0,0.05,0.00012038703145590427,9.227431767706534,0.006926415724795419,0.15397011880318665,0.0
7657,1.0,0.05,0.00012038703145590427,9.77010873717066,0.006926415724795419,0.1361785942468708,0.0
7658,1.0,0.05,0.00011996936142353113,9.77010873717066,0.006926415724795419,0.1361785942468708,0.0
7659,1.0,0.05,0.00011996936142353113,9.77010873717066,0.006926415724795419,0.1361785942468708,0.0
7660,1.0,0.05,0.00011996936142353113,9.77010873717066,0.006926415724795419,0.1361785942468708,0.0
7661,1.0,0.05,0.00011996936142353113,9.77010873717066,0.006926415724795419,0.1361785942468708,0.0
7662,1.0,0.05,0.00011996936142353113,9.872352798010283,0.006926415724795419,0.1361785942468708,0.0
7663,1.0,0.05,0.00011996936142353113,9.872352798010283,0.006926415724795419,0.1361785942468708,0.0
7664,1.0,0.05,0.00011996936142353113,9.872352798010283,0.006926415724795419,0.1361785942468708,0.0
7665,1.0,0.05,0.00011996936142353113,9.872352798010283,0.006926415724795419,0.1361785942468708,0.0
7666,1.0,0.05,0.00011996936142353113,9.872352798010283,0.0068228191982166305,0.1361785942468708,0.0
7667,1.0,0.05,0.00011996936142353113,9.478772297434588,0.0068228191982166305,0.1361785942468708,0.0
7668,1.0,0.05,0.00012168723304450037,9.478772297434588,0.0068228191982166305,0.1361785942468708,0.0
7669,1.0,0.05,0.00012168723304450037,9.648636279753518,0.007635962486600373,0.1361785942468708,0.0
7670,1.0,0.05,0.00012168723304450037,9.648636279753518,0.007635962486600373,0.1361785942468708,0.0
7671,1.0,0.05,0.00012168723304450037,9.648636279753518,0.007635962486600373,0.1361785942468708,0.0
7672,1.0,0.05,0.00012168723304450037,9.648636279753518,0.007635962486600373,0.1361785942468708,0.0
7673,1.0,0.05,0.00012168723304450037,9.648636279753518,0.007635962486600373,0.1361785942468708,0.0
7674,1.0,0.05,0.00012168723304450037,9.648636279753518,0.007635962486600373,0.1361785942468708,0.0
7675,1.0,0.05,0.00012168723304450037,9.648636279753518,0.007635962486600373,0.1361785942468708,0.0
7676,1.0,0.05,0.00012168723304450037,9.648636279753518,0.008098834893494241,0.1361785942468708,0.0
7677,1.0,0.05,0.00012168723304450037,9.648636279753518,0.008098834893494241,0.1361785942468708,0.0
7678,1.0,0.05,0.00012168723304450037,9.648636279753518,0.005904734187245261,0.1361785942468708,0.0
7679,1.0,0.05,0.00012168723304450037,9.648636279753518,0.00797146593960283,0.1361785942468708,0.0
7680,1.0,0.05,0.00012182621373638126,9.648636279753518,0.00797146593960283,0.1361785942468708,0.0
7681,1.0,0.05,0.00012182621373638126,9.648636279753518,0.006019179110187504,0.1361785942468708,0.0
7682,1.0,0.05,0.00012182621373638126,9.648636279753518,0.006019179110187504,0.1361785942468708,0.0
7683,1.0,0.05,0.00012182621373638126,9.648636279753518,0.006019179110187504,0.12047325145238838,0.0
7684,1.0,0.05,0.00012182621373638126,9.648636279753518,0.006019179110187504,0.12047325145238838,0.0
7685,1.0,0.05,0.00012182621373638126,9.648636279753518,0.006019179110187504,0.12284097624847573,0.0
7686,1.0,0.05,0.00012182621373638126,9.648636279753518,0.006019179110187504,0.12284097624847573,0.0
7687,1.0,0.05,0.00012182621373638126,9.648636279753518,0.006019179110187504,0.1374526869652812,0.0
7688,1.0,0.05,0.00012182621373638126,9.648636279753518,0.006019179110187504,0.120475368665532,0.0
7689,1.0,0.05,0.00012182621373638126,9.648636279753518,0.006019179110187504,0.11524977842418538,0.0
7690,1.0,0.05,0.00012182621373638126,9.648636279753518,0.006019179110187504,0.11524977842418538,0.0
7691,1.0,0.05,0.00012182621373638126,9.648636279753518,0.007206307319753541,0.11524977842418538,0.0
7692,1.0,0.05,0.00012182621373638126,13.091678919216548,0.007206307319753541,0.11524977842418538,0.0
7693,1.0,0.05,0.00012182621373638126,13.091678919216548,0.007206307319753541,0.11524977842418538,0.0
7694,1.0,0.05,0.00012182621373638126,13.091678919216548,0.007206307319753541,0.11524977842418538,0.0
7695,1.0,0.05,0.00012182621373638126,13.091678919216548,0.007324466546614636,0.11524977842418538,0.0
7696,1.0,0.05,0.00012182621373638126,13.091678919216548,0.007324466546614636,0.11524977842418538,0.0
7697,1.0,0.05,0.00012182621373638126,13.091678919216548,0.007324466546614636,0.11524977842418538,0.0
7698,1.0,0.05,0.00012182621373638126,13.091678919216548,0.007324466546614636,0.11524977842418538,0.0
7699,1.0,0.05,0.00012182621373638126,13.091678919216548,0.007324466546614636,0.11524977842418538,0.0
7700,1.0,0.05,0.00012182621373638126,4.648484960565469,0.007324466546614636,0.1510239912722058,0.0
7701,1.0,0.05,0.00012182621373638126,6.53940913496433,0.007324466546614636,0.1510239912722058,0.0
7702,1.0,0.05,0.00012182621373638126,6.53940913496433,0.007292984804163734,0.15003740235214635,0.0
7703,1.0,0.05,0.00012182621373638126,6.53940913496433,0.007292984804163734,0.15003740235214635,0.0
7704,1.0,0.05,0.00012182621373638126,6.53940913496433,0.007292984804163734,0.15003740235214635,0.0
7705,1.0,0.05,0.00012182621373638126,6.53940913496433,0.007292984804163734,0.15003740235214635,0.0
7706,1.0,0.05,0.00012182621373638126,6.53940913496433,0.007132466613215559,0.15003740235214635,0.0
7707,1.0,0.05,0.00012182621373638126,6.53940913496433,0.007132466613215559,0.15003740235214635,0.0
7708,1.0,0.05,0.00012008009421069753,6.53940913496433,0.007132466613215559,0.15003740235214635,0.0
7709,1.0,0.05,0.00012008009421069753,6.53940913496433,0.007132466613215559,0.15003740235214635,0.0
7710,1.0,0.05,0.00012008009421069753,6.53940913496433,0.007132466613215559,0.15003740235214635,0.0
7711,1.0,0.05,0.00012008009421069753,11.409280259541688,0.007132466613215559,0.15003740235214635,0.0
7712,1.0,0.05,0.00012008009421069753,11.409280259541688,0.007132466613215559,0.15003740235214635,0.0
7713,1.0,0.05,0.00012008009421069753,11.409280259541688,0.0072565221931390825,0.15003740235214635,0.0
7714,1.0,0.05,0.00012008009421069753,7.558507589393756,0.0072565221931390825,0.15003740235214635,0.0
7715,1.0,0.05,0.00012008009421069753,7.558507589393756,0.0072565221931390825,0.15003740235214635,0.0
7716,1.0,0.05,0.00012008009421069753,7.558507589393756,0.0072565221931390825,0.15003740235214635,0.0
7717,1.0,0.05,0.00012008009421069753,7.558507589393756,0.0072565221931390825,0.15003740235214635,0.0
7718,1.0,0.05,0.00012008009421069753,7.558507589393756,0.0072565221931390825,0.15003740235214635,0.0
7719,1.0,0.05,0.00012008009421069753,7.558507589393756,0.0072565221931390825,0.15003740235214635,0.0
7720,1.0,0.05,0.00012008009421069753,11.581165447488601,0.0072565221931390825,0.15003740235214635,0.0
7721,1.0,0.05,0.00012008009421069753,11.581165447488601,0.0072565221931390825,0.15003740235214635,0.0
7722,1.0,0.05,0.00012008009421069753,11.581165447488601,0.0072565221931390825,0.12634157150617617,0.0
7723,1.0,0.05,0.00012008009421069753,8.447807207353236,0.0072565221931390825,0.1495300822065717,0.0
7724,1.0,0.05,0.00012008009421069753,8.370908930622335,0.0072565221931390825,0.1495300822065717,0.0
7725,1.0,0.05,0.00012008009421069753,8.370908930622335,0.0068721323020640235,0.1495300822065717,0.0
7726,1.0,0.05,0.00011551130282824744,8.370908930622335,0.0068721323020640235,0.1495300822065717,0.0
7727,1.0,0.05,0.00011551130282824744,8.370908930622335,0.0068721323020640235,0.1495300822065717,0.0
7728,1.0,0.05,0.00011551130282824744,8.370908930622335,0.00755371596048502,0.1495300822065717,0.0
7729,1.0,0.05,0.00011551130282824744,8.370908930622335,0.008170912407880395,0.1495300822065717,0.0
7730,1.0,0.05,0.00011551130282824744,8.370908930622335,0.006557883217356845,0.1495300822065717,0.0
7731,1.0,0.05,0.00011551130282824744,8.370908930622335,0.006557883217356845,0.1495300822065717,0.0
7732,1.0,0.05,0.00011551130282824744,8.370908930622335,0.006557883217356845,0.1495300822065717,0.0
7733,1.0,0.05,0.00011551130282824744,8.370908930622335,0.006557883217356845,0.1495300822065717,0.0
7734,1.0,0.05,0.00011551130282824744,8.370908930622335,0.006557883217356845,0.1495300822065717,0.0
7735,1.0,0.05,0.00011551130282824744,8.370908930622335,0.006802697105376961,0.1495300822065717,0.0
7736,1.0,0.05,0.00011551130282824744,8.370908930622335,0.006802697105376961,0.1495300822065717,0.0
7737,1.0,0.05,0.00011551130282824744,11.401631196551037,0.006802697105376961,0.1495300822065717,0.0
7738,1.0,0.05,0.00011551130282824744,11.401631196551037,0.007912716681120658,0.1495300822065717,0.0
7739,1.0,0.05,0.00011551130282824744,11.401631196551037,0.007912716681120658,0.1495300822065717,0.0
7740,1.0,0.05,0.00011551130282824744,11.401631196551037,0.007912716681120658,0.1495300822065717,0.0
7741,1.0,0.05,0.00011551130282824744,11.401631196551037,0.007912716681120658,0.1495300822065717,0.0
7742,1.0,0.05,0.00011551130282824744,11.401631196551037,0.00628221276635768,0.1393632347427219,0.0
7743,1.0,0.05,0.00012175951914306248,11.401631196551037,0.006547877364423566,0.1393632347427219,0.0
7744,1.0,0.05,0.00012175951914306248,7.873426080170788,0.006547877364423566,0.1393632347427219,0.0
7745,1.0,0.05,0.00012175951914306248,7.873426080170788,0.006547877364423566,0.1393632347427219,0.0
7746,1.0,0.05,0.00012175951914306248,7.873426080170788,0.006547877364423566,0.1393632347427219,0.0
7747,1.0,0.05,0.00012175951914306248,7.873426080170788,0.006547877364423566,0.1600579542347867,0.0
7748,1.0,0.05,0.00012175951914306248,7.873426080170788,0.006547877364423566,0.1600579542347867,0.0
7749,1.0,0.05,0.00012175951914306248,7.873426080170788,0.006547877364423566,0.1600579542347867,0.0
7750,1.0,0.05,0.00012175951914306248,7.873426080170788,0.006547877364423566,0.1600579542347867,0.0
7751,1.0,0.05,0.00012175951914306248,7.873426080170788,0.006200381755750286,0.15659166279945072,0.0
7752,1.0,0.05,0.00012175951914306248,6.792099398405213,0.0066007791087464435,0.15659166279945072,0.0
7753,1.0,0.05,0.00012175951914306248,6.792099398405213,0.0066007791087464435,0.15659166279945072,0.0
7754,1.0,0.05,0.00012175951914306248,6.792099398405213,0.0067953596768680945,0.15659166279945072,0.0
7755,1.0,0.05,0.00012175951914306248,6.792099398405213,0.0067953596768680945,0.15659166279945072,0.0
7756,1.0,0.05,0.00012175951914306248,6.792099398405213,0.0067953596768680945,0.15659166279945072,0.0
7757,1.0,0.05,0.00012175951914306248,6.792099398405213,0.0067953596768680945,0.15659166279945072,0.0
7758,1.0,0.05,0.0001196128806174911,6.792099398405213,0.0067953596768680945,0.15659166279945072,0.0
7759,1.0,0.05,0.0001196128806174911,6.792099398405213,0.0067953596768680945,0.15659166279945072,0.0
7760,1.0,0.05,0.0001196128806174911,6.792099398405213,0.006554921462691572,0.15659166279945072,0.0
7761,1.0,0.05,0.0001196128806174911,6.792099398405213,0.006554921462691572,0.15659166279945072,0.0
7762,1.0,0.05,0.0001196128806174911,8.663335593836848,0.006554921462691572,0.12739598029026683,0.0
7763,1.0,0.05,0.0001196128806174911,8.663335593836848,0.006554921462691572,0.16517571389653302,0.0
7764,1.0,0.05,0.0001196128806174911,6.03738541575305,0.006554921462691572,0.16517571389653302,0.0
7765,1.0,0.05,0.0001196128806174911,6.03738541575305,0.006554921462691572,0.16517571389653302,0.0
7766,1.0,0.05,0.0001196128806174911,6.03738541575305,0.006554921462691572,0.16517571389653302,0.0
7767,1.0,0.05,0.0001196128806174911,6.03738541575305,0.007880906911791205,0.16517571389653302,0.0
7768,1.0,0.05,0.0001196128806174911,6.03738541575305,0.007880906911791205,0.16517571389653302,0.0
7769,1.0,0.05,0.0001196128806174911,6.03738541575305,0.007880906911791205,0.16517571389653302,0.0
7770,1.0,0.05,0.0001196128806174911,6.03738541575305,0.007880906911791205,0.16517571389653302,0.0
7771,1.0,0.05,0.0001196128806174911,6.03738541575305,0.007880906911791205,0.16517571389653302,0.0
7772,1.0,0.05,0.0001196128806174911,6.03738541575305,0.007880906911791205,0.2172911679313165,0.0
7773,1.0,0.05,0.0001196128806174911,6.03738541575305,0.007880906911791205,0.14567007186906494,0.0
7774,1.0,0.05,0.0001196128806174911,13.305045141816521,0.007880906911791205,0.14567007186906494,0.0
7775,1.0,0.05,0.0001196128806174911,13.305045141816521,0.007880906911791205,0.14567007186906494,0.0
7776,1.0,0.05,0.00011898041414038188,13.305045141816521,0.007937545787298708,0.14567007186906494,0.0
7777,1.0,0.05,0.00011898041414038188,12.525333631296647,0.007937545787298708,0.14567007186906494,0.0
7778,1.0,0.05,0.00011898041414038188,12.525333631296647,0.007937545787298708,0.14567007186906494,0.0
7779,1.0,0.05,0.00011898041414038188,12.525333631296647,0.007937545787298708,0.14567007186906494,0.0
7780,1.0,0.05,0.00011643676277866625,12.525333631296647,0.007937545787298708,0.14567007186906494,0.0
7781,1.0,0.05,0.00011643676277866625,12.525333631296647,0.007937545787298708,0.14567007186906494,0.0
7782,1.0,0.05,0.00011643676277866625,12.525333631296647,0.007937545787298708,0.14567007186906494,0.0
7783,1.0,0.05,0.00011643676277866625,12.525333631296647,0.007937545787298708,0.14567007186906494,0.0
7784,1.0,0.05,0.00011643676277866625,6.266845036667107,0.006588585781085355,0.14567007186906494,0.0
7785,1.0,0.05,0.00011643676277866625,6.266845036667107,0.007465979938427557,0.14567007186906494,0.0
7786,1.0,0.05,0.00011643676277866625,6.266845036667107,0.007465979938427557,0.1711245123014324,0.0
7787,1.0,0.05,0.00011643676277866625,6.266845036667107,0.007953934830168067,0.1711245123014324,0.0
7788,1.0,0.05,0.00011643676277866625,6.266845036667107,0.007953934830168067,0.140554149651377,0.0
7789,1.0,0.05,0.00011643676277866625,6.266845036667107,0.007953934830168067,0.140554149651377,0.0
7790,1.0,0.05,0.00011643676277866625,6.266845036667107,0.00745016591880067,0.140554149651377,0.0
7791,1.0,0.05,0.00011643676277866625,6.266845036667107,0.00745016591880067,0.140554149651377,0.0
7792,1.0,0.05,0.00011643676277866625,6.266845036667107,0.007441936440158943,0.17157630154440628,0.0
7793,1.0,0.05,0.00011643676277866625,6.266845036667107,0.007441936440158943,0.17157630154440628,0.0
7794,1.0,0.05,0.00011643676277866625,6.266845036667107,0.007441936440158943,0.17157630154440628,0.0
7795,1.0,0.05,0.00011643676277866625,6.266845036667107,0.007441936440158943,0.17157630154440628,0.0
7796,1.0,0.05,0.00011643676277866625,6.266845036667107,0.006753000667276111,0.17157630154440628,0.0
7797,1.0,0.05,0.00011643676277866625,6.266845036667107,0.006753000667276111,0.17157630154440628,0.0
7798,1.0,0.05,0.00011643676277866625,6.266845036667107,0.006753000667276111,0.17157630154440628,0.0
7799,1.0,0.05,0.00011643676277866625,6.266845036667107,0.007855451408066299,0.17157630154440628,0.0
7800,1.0,0.05,0.00011643676277866625,6.266845036667107,0.007855451408066299,0.17157630154440628,0.0
7801,1.0,0.05,0.00011643676277866625,10.204152815600594,0.007855451408066299,0.17157630154440628,0.0
7802,1.0,0.05,0.00011643676277866625,10.204152815600594,0.007855451408066299,0.1339253849019863,0.0
7803,1.0,0.05,0.00011643676277866625,10.204152815600594,0.006727398171975227,0.1339253849019863,0.0
7804,1.0,0.05,0.00011643676277866625,10.204152815600594,0.006727398171975227,0.1339253849019863,0.0
7805,1.0,0.05,0.00011643676277866625,9.260360902669191,0.007757366322614138,0.1339253849019863,0.0
7806,1.0,0.05,0.00011643676277866625,9.260360902669191,0.007445502156541491,0.1339253849019863,0.0
7807,1.0,0.05,0.00011643676277866625,9.260360902669191,0.007078491880142722,0.1339253849019863,0.0
7808,1.0,0.05,0.00011643676277866625,9.260360902669191,0.007078491880142722,0.1339253849019863,0.0
7809,1.0,0.05,0.00011643676277866625,9.260360902669191,0.007063961627175303,0.1339253849019863,0.0
7810,1.0,0.05,0.00011643676277866625,9.260360902669191,0.007063961627175303,0.1364656893001781,0.0
7811,1.0,0.05,0.00011643676277866625,9.260360902669191,0.007063961627175303,0.1364656893001781,0.0
7812,1.0,0.05,0.00011643676277866625,9.260360902669191,0.007063961627175303,0.1364656893001781,0.0
7813,1.0,0.05,0.00011643676277866625,9.260360902669191,0.007063961627175303,0.1364656893001781,0.0
7814,1.0,0.05,0.00011643676277866625,9.260360902669191,0.007063961627175303,0.1364656893001781,0.0
7815,1.0,0.05,0.00011643676277866625,9.260360902669191,0.007234201618427898,0.14195917488621443,0.0
7816,1.0,0.05,0.00011643676277866625,9.260360902669191,0.007234201618427898,0.14195917488621443,0.0
7817,1.0,0.05,0.00011643676277866625,9.260360902669191,0.007234201618427898,0.14195917488621443,0.0
7818,1.0,0.05,0.00011643676277866625,9.260360902669191,0.007234201618427898,0.14195917488621443,0.0
7819,1.0,0.05,0.00011643676277866625,9.260360902669191,0.007234201618427898,0.14195917488621443,0.0
7820,1.0,0.05,0.00011643676277866625,9.260360902669191,0.007234201618427898,0.1359582443335474,0.0
7821,1.0,0.05,0.00011643676277866625,9.260360902669191,0.007234201618427898,0.1359582443335474,0.0
7822,1.0,0.05,0.00011643676277866625,9.260360902669191,0.0068404572094260905,0.1359582443335474,0.0
7823,1.0,0.05,0.00011643676277866625,9.260360902669191,0.0068404572094260905,0.1359582443335474,0.0
7824,1.0,0.05,0.00011643676277866625,9.260360902669191,0.007247918405268268,0.1359582443335474,0.0
7825,1.0,0.05,0.00011643676277866625,9.260360902669191,0.007247918405268268,0.1359582443335474,0.0
7826,1.0,0.05,0.00012091151578652759,9.260360902669191,0.007247918405268268,0.14520200148252294,0.0
7827,1.0,0.05,0.00011752706158975184,9.260360902669191,0.007247918405268268,0.14520200148252294,0.0
7828,1.0,0.05,0.00011752706158975184,9.260360902669191,0.006746717478940522,0.15868393133024306,0.0
7829,1.0,0.05,0.00011920001664352924,9.260360902669191,0.006746717478940522,0.15868393133024306,0.0
7830,1.0,0.05,0.00011920001664352924,9.260360902669191,0.006746717478940522,0.15868393133024306,0.0
7831,1.0,0.05,0.00011920001664352924,9.260360902669191,0.006746717478940522,0.15868393133024306,0.0
7832,1.0,0.05,0.00011920001664352924,9.260360902669191,0.006746717478940522,0.1550461599833741,0.0
7833,1.0,0.05,0.00011920001664352924,9.260360902669191,0.006746717478940522,0.1550461599833741,0.0
7834,1.0,0.05,0.00011920001664352924,9.260360902669191,0.006746717478940522,0.1550461599833741,0.0
7835,1.0,0.05,0.00011920001664352924,9.260360902669191,0.0072307316062962855,0.1550461599833741,0.0
7836,1.0,0.05,0.00011920001664352924,9.260360902669191,0.0072307316062962855,0.1550461599833741,0.0
7837,1.0,0.05,0.00011569906911990102,9.260360902669191,0.007109060142872176,0.1550461599833741,0.0
7838,1.0,0.05,0.00011569906911990102,9.260360902669191,0.007109060142872176,0.1550461599833741,0.0
7839,1.0,0.05,0.00011569906911990102,9.260360902669191,0.007368662890959012,0.1550461599833741,0.0
7840,1.0,0.05,0.00011569906911990102,9.260360902669191,0.007368662890959012,0.1550461599833741,0.0
7841,1.0,0.05,0.00011569906911990102,9.260360902669191,0.007368662890959012,0.1550461599833741,0.0
7842,1.0,0.05,0.00011569906911990102,9.260360902669191,0.007368662890959012,0.1550461599833741,0.0
7843,1.0,0.05,0.00011569906911990102,10.402354003724156,0.007368662890959012,0.1550461599833741,0.0
7844,1.0,0.05,0.00011569906911990102,10.402354003724156,0.007368662890959012,0.1550461599833741,0.0
7845,1.0,0.05,0.00011569906911990102,10.402354003724156,0.0072467617924764005,0.1550461599833741,0.0
7846,1.0,0.05,0.00011569906911990102,10.402354003724156,0.0072467617924764005,0.1550461599833741,0.0
7847,1.0,0.05,0.00011569906911990102,10.402354003724156,0.0072467617924764005,0.1550461599833741,0.0
7848,1.0,0.05,0.00011351331467329188,10.402354003724156,0.0072467617924764005,0.1550461599833741,0.0
7849,1.0,0.05,0.00011351331467329188,10.402354003724156,0.0072467617924764005,0.1550461599833741,0.0
7850,1.0,0.05,0.00011351331467329188,10.402354003724156,0.007650136255252954,0.1550461599833741,0.0
7851,1.0,0.05,0.00011351331467329188,10.402354003724156,0.007650136255252954,0.1550461599833741,0.0
7852,1.0,0.05,0.00011351331467329188,10.402354003724156,0.007650136255252954,0.1550461599833741,0.0
7853,1.0,0.05,0.00011351331467329188,10.402354003724156,0.007650136255252954,0.1550461599833741,0.0
7854,1.0,0.05,0.00011351331467329188,10.402354003724156,0.007650136255252954,0.1550461599833741,0.0
7855,1.0,0.05,0.00011351331467329188,12.536298445733962,0.007650136255252954,0.1550461599833741,0.0
7856,1.0,0.05,0.00011351331467329188,12.536298445733962,0.007650136255252954,0.1550461599833741,0.0
7857,1.0,0.05,0.00011351331467329188,12.536298445733962,0.007650136255252954,0.1550461599833741,0.0
7858,1.0,0.05,0.00011351331467329188,12.536298445733962,0.007650136255252954,0.13992359614822844,0.0
7859,1.0,0.05,0.00011351331467329188,12.536298445733962,0.007650136255252954,0.13992359614822844,0.0
7860,1.0,0.05,0.00011351331467329188,12.536298445733962,0.007650136255252954,0.13992359614822844,0.0
7861,1.0,0.05,0.00011351331467329188,12.536298445733962,0.006790687371573374,0.13992359614822844,0.0
7862,1.0,0.05,0.00011351331467329188,6.89279757927352,0.006947772347490567,0.13992359614822844,0.0
7863,1.0,0.05,0.00011351331467329188,6.89279757927352,0.006947772347490567,0.13992359614822844,0.0
7864,1.0,0.05,0.00011351331467329188,6.89279757927352,0.006947772347490567,0.13992359614822844,0.0
7865,1.0,0.05,0.00011351331467329188,6.89279757927352,0.006947772347490567,0.23144493585333406,0.0
7866,1.0,0.05,0.00011351331467329188,6.89279757927352,0.006947772347490567,0.23051406799168203,0.0
7867,1.0,0.05,0.00011351331467329188,6.89279757927352,0.008002251366013458,0.23051406799168203,0.0
7868,1.0,0.05,0.00011351331467329188,6.89279757927352,0.008002251366013458,0.23051406799168203,0.0
7869,1.0,0.05,0.00011351331467329188,6.89279757927352,0.008002251366013458,0.19938582580113795,0.0
7870,1.0,0.05,0.00011351331467329188,6.89279757927352,0.008002251366013458,0.19938582580113795,0.0
7871,1.0,0.05,0.00012162823453459679,6.89279757927352,0.008002251366013458,0.152926992015387,0.0
7872,1.0,0.05,0.00012162823453459679,6.89279757927352,0.008002251366013458,0.152926992015387,0.0
7873,1.0,0.05,0.00012162823453459679,7.3556975898712835,0.006187649708843578,0.152926992015387,0.0
7874,1.0,0.05,0.00012162823453459679,7.3556975898712835,0.006187649708843578,0.152926992015387,0.0
7875,1.0,0.05,0.00012162823453459679,7.3556975898712835,0.006187649708843578,0.152926992015387,0.0
7876,1.0,0.05,0.00012162823453459679,7.3556975898712835,0.0066927343584140065,0.13223802109988742,0.0
7877,1.0,0.05,0.00011956166594210371,7.3556975898712835,0.0066927343584140065,0.13223802109988742,0.0
7878,1.0,0.05,0.00011956166594210371,7.3556975898712835,0.0066927343584140065,0.13223802109988742,0.0
7879,1.0,0.05,0.00011956166594210371,7.913166190555529,0.0066927343584140065,0.13223802109988742,0.0
7880,1.0,0.05,0.00011956166594210371,7.913166190555529,0.0066927343584140065,0.13223802109988742,0.0
7881,1.0,0.05,0.00011956166594210371,7.913166190555529,0.0066927343584140065,0.13223802109988742,0.0
7882,1.0,0.05,0.00011956166594210371,7.913166190555529,0.007472820310433825,0.12609287702933705,0.0
7883,1.0,0.05,0.00011956166594210371,7.913166190555529,0.007472820310433825,0.12757503456454222,0.0
7884,1.0,0.05,0.00011956166594210371,7.913166190555529,0.007472820310433825,0.12757503456454222,0.0
7885,1.0,0.05,0.00011956166594210371,13.365703791975818,0.007472820310433825,0.13240194654382803,0.0
7886,1.0,0.05,0.00011956166594210371,13.365703791975818,0.007472820310433825,0.13240194654382803,0.0
7887,1.0,0.05,0.00011956166594210371,13.365703791975818,0.007472820310433825,0.14394020450331046,0.0
7888,1.0,0.05,0.00011956166594210371,13.365703791975818,0.007472820310433825,0.14394020450331046,0.0
7889,1.0,0.05,0.00011956166594210371,13.365703791975818,0.007472820310433825,0.14394020450331046,0.0
7890,1.0,0.05,0.0001149255660360561,13.365703791975818,0.007472820310433825,0.14394020450331046,0.0
7891,1.0,0.05,0.0001149255660360561,10.1164510161951,0.007472820310433825,0.16957533659791374,0.0
7892,1.0,0.05,0.0001149255660360561,10.1164510161951,0.007972302627831239,0.16957533659791374,0.0
7893,1.0,0.05,0.0001149255660360561,10.1164510161951,0.007972302627831239,0.16957533659791374,0.0
7894,1.0,0.05,0.0001149255660360561,10.1164510161951,0.007972302627831239,0.16957533659791374,0.0
7895,1.0,0.05,0.0001149255660360561,10.1164510161951,0.007972302627831239,0.16957533659791374,0.0
7896,1.0,0.05,0.0001149255660360561,10.1164510161951,0.007972302627831239,0.16957533659791374,0.0
7897,1.0,0.05,0.0001149255660360561,10.1164510161951,0.007972302627831239,0.16957533659791374,0.0
7898,1.0,0.05,0.0001149255660360561,10.1164510161951,0.007418007126253068,0.16957533659791374,0.0
7899,1.0,0.05,0.0001149255660360561,10.1164510161951,0.007418007126253068,0.16957533659791374,0.0
7900,1.0,0.05,0.0001149255660360561,10.1164510161951,0.007418007126253068,0.16957533659791374,0.0
7901,1.0,0.05,0.0001149255660360561,10.1164510161951,0.007418007126253068,0.16957533659791374,0.0
7902,1.0,0.05,0.0001149255660360561,10.1164510161951,0.007214322242192305,0.16957533659791374,0.0
7903,1.0,0.05,0.0001149255660360561,9.106261599405656,0.007214322242192305,0.16957533659791374,0.0
7904,1.0,0.05,0.0001149255660360561,9.106261599405656,0.007214322242192305,0.16957533659791374,0.0
7905,1.0,0.05,0.0001149255660360561,9.106261599405656,0.007324483851617554,0.16957533659791374,0.0
7906,1.0,0.05,0.0001149255660360561,9.106261599405656,0.007324483851617554,0.16957533659791374,0.0
7907,1.0,0.05,0.0001149255660360561,9.106261599405656,0.007324483851617554,0.16957533659791374,0.0
7908,1.0,0.05,0.0001149255660360561,9.106261599405656,0.007324483851617554,0.16957533659791374,0.0
7909,1.0,0.05,0.0001149255660360561,9.106261599405656,0.007324483851617554,0.16957533659791374,0.0
7910,1.0,0.05,0.0001149255660360561,9.106261599405656,0.007324483851617554,0.16957533659791374,0.0
7911,1.0,0.05,0.0001149255660360561,9.106261599405656,0.007244917866675201,0.15726261251765516,0.0
7912,1.0,0.05,0.0001149255660360561,9.106261599405656,0.007218217955773608,0.15726261251765516,0.0
7913,1.0,0.05,0.0001149255660360561,9.106261599405656,0.007218217955773608,0.15726261251765516,0.0
7914,1.0,0.05,0.0001149255660360561,9.106261599405656,0.007218217955773608,0.15726261251765516,0.0
7915,1.0,0.05,0.0001149255660360561,9.106261599405656,0.007721689689398796,0.15726261251765516,0.0
7916,1.0,0.05,0.0001149255660360561,9.106261599405656,0.007721689689398796,0.15726261251765516,0.0
7917,1.0,0.05,0.0001149255660360561,9.106261599405656,0.007721689689398796,0.15726261251765516,0.0
7918,1.0,0.05,0.0001149255660360561,9.106261599405656,0.006783472745202888,0.15021192603722996,0.0
7919,1.0,0.05,0.0001149255660360561,9.106261599405656,0.006783472745202888,0.15021192603722996,0.0
7920,1.0,0.05,0.0001149255660360561,9.106261599405656,0.006783472745202888,0.15021192603722996,0.0
7921,1.0,0.05,0.0001149255660360561,9.106261599405656,0.006783472745202888,0.15021192603722996,0.0
7922,1.0,0.05,0.0001149255660360561,8.893598971846984,0.006783472745202888,0.15021192603722996,0.0
7923,1.0,0.05,0.00010998372658921915,8.893598971846984,0.008538758718704582,0.16828395954856512,0.0
7924,1.0,0.05,0.00010998372658921915,8.893598971846984,0.008538758718704582,0.16828395954856512,0.0
7925,1.0,0.05,0.00010998372658921915,8.893598971846984,0.00758967970718582,0.16828395954856512,0.0
7926,1.0,0.05,0.00010998372658921915,8.893598971846984,0.007472566783058434,0.16828395954856512,0.0
7927,1.0,0.05,0.00010998372658921915,11.243380503211029,0.007472566783058434,0.17167403649998483,0.0
7928,1.0,0.05,0.00010998372658921915,11.243380503211029,0.007472566783058434,0.17167403649998483,0.0
7929,1.0,0.05,0.00010998372658921915,11.243380503211029,0.007588680482757868,0.17167403649998483,0.0
7930,1.0,0.05,0.00010998372658921915,11.243380503211029,0.007588680482757868,0.17167403649998483,0.0
7931,1.0,0.05,0.00010998372658921915,11.243380503211029,0.007588680482757868,0.17167403649998483,0.0
7932,1.0,0.05,0.00010998372658921915,11.243380503211029,0.007588680482757868,0.13701648802058203,0.0
7933,1.0,0.05,0.00010931792417932116,13.20206464064168,0.007588680482757868,0.13701648802058203,0.0
7934,1.0,0.05,0.00010931792417932116,13.20206464064168,0.007588680482757868,0.13701648802058203,0.0
7935,1.0,0.05,0.00010931792417932116,13.20206464064168,0.008178710116520561,0.13701648802058203,0.0
7936,1.0,0.05,0.00010931792417932116,13.20206464064168,0.008178710116520561,0.13701648802058203,0.0
7937,1.0,0.05,0.00010931792417932116,13.20206464064168,0.008178710116520561,0.13701648802058203,0.0
7938,1.0,0.05,0.00010931792417932116,13.20206464064168,0.008178710116520561,0.13203376112892404,0.0
7939,1.0,0.05,0.00010931792417932116,13.20206464064168,0.008178710116520561,0.13203376112892404,0.0
7940,1.0,0.05,0.00010931792417932116,14.426936654332849,0.008178710116520561,0.1702579065492802,0.0
7941,1.0,0.05,0.00010931792417932116,14.426936654332849,0.008178710116520561,0.1702579065492802,0.0
7942,1.0,0.05,0.00010931792417932116,14.426936654332849,0.008178710116520561,0.1702579065492802,0.0
7943,1.0,0.05,0.00010931792417932116,14.426936654332849,0.008178710116520561,0.1702579065492802,0.0
7944,1.0,0.05,0.00010931792417932116,14.426936654332849,0.008178710116520561,0.15260661826433813,0.0
7945,1.0,0.05,0.00010931792417932116,14.426936654332849,0.008178710116520561,0.15260661826433813,0.0
7946,1.0,0.05,0.00010931792417932116,14.426936654332849,0.008178710116520561,0.15260661826433813,0.0
7947,1.0,0.05,0.00010931792417932116,14.426936654332849,0.008178710116520561,0.15260661826433813,0.0
7948,1.0,0.05,0.00010279903283561861,12.215760920999784,0.008178710116520561,0.1773973514046193,0.0
7949,1.0,0.05,0.00010279903283561861,11.320401227588576,0.008178710116520561,0.16604841170995188,0.0
7950,1.0,0.05,0.00010279903283561861,11.320401227588576,0.008178710116520561,0.16604841170995188,0.0
7951,1.0,0.05,0.00010279903283561861,11.320401227588576,0.008140653903656328,0.16604841170995188,0.0
7952,1.0,0.05,0.00010285505302268016,11.320401227588576,0.008140653903656328,0.1911852961190638,0.0
7953,1.0,0.05,0.00010285505302268016,11.320401227588576,0.008140653903656328,0.1911852961190638,0.0
7954,1.0,0.05,0.00010285505302268016,11.320401227588576,0.008140653903656328,0.1911852961190638,0.0
7955,1.0,0.05,0.00010285505302268016,11.320401227588576,0.008329487204283571,0.1911852961190638,0.0
7956,1.0,0.05,0.00010285505302268016,11.320401227588576,0.008329487204283571,0.1911852961190638,0.0
7957,1.0,0.05,0.00010285505302268016,11.320401227588576,0.008038299846853487,0.1911852961190638,0.0
7958,1.0,0.05,0.00010285505302268016,11.320401227588576,0.008790761108741583,0.1911852961190638,0.0
7959,1.0,0.05,0.00010285505302268016,11.320401227588576,0.008790761108741583,0.1911852961190638,0.0
7960,1.0,0.05,0.00010285505302268016,11.320401227588576,0.008204421536002442,0.1911852961190638,0.0
7961,1.0,0.05,0.00010550018465163842,11.320401227588576,0.008204421536002442,0.1911852961190638,0.0
7962,1.0,0.05,0.00010543564098626389,11.320401227588576,0.007762118486672118,0.189724220133421,0.0
7963,1.0,0.05,0.00010543564098626389,11.320401227588576,0.008397472274841245,0.17790139756562742,0.0
7964,1.0,0.05,0.00010543564098626389,15.982404681534973,0.008397472274841245,0.17790139756562742,0.0
7965,1.0,0.05,0.00010543564098626389,15.982404681534973,0.008397472274841245,0.17790139756562742,0.0
7966,1.0,0.05,0.00010543564098626389,15.982404681534973,0.007430740073411133,0.17790139756562742,0.0
7967,1.0,0.05,0.00010543564098626389,16.765318756096676,0.007430740073411133,0.17790139756562742,0.0
7968,1.0,0.05,0.00010543564098626389,16.765318756096676,0.007430740073411133,0.17921219620421644,0.0
7969,1.0,0.05,0.00010543564098626389,16.765318756096676,0.007430740073411133,0.14572037433314733,0.0
7970,1.0,0.05,0.00010543564098626389,16.765318756096676,0.007430740073411133,0.14572037433314733,0.0
7971,1.0,0.05,0.00010543564098626389,16.765318756096676,0.007430740073411133,0.14572037433314733,0.0
7972,1.0,0.05,0.00010543564098626389,16.765318756096676,0.007430740073411133,0.18693406374833452,0.0
7973,1.0,0.05,0.00010543564098626389,8.329798111728053,0.007430740073411133,0.17565288046585148,0.0
7974,1.0,0.05,0.00010543564098626389,8.329798111728053,0.007430740073411133,0.17565288046585148,0.0
7975,1.0,0.05,0.00010543564098626389,13.770644042586014,0.007430740073411133,0.17565288046585148,0.0
7976,1.0,0.05,0.00010543564098626389,14.037708562632403,0.007430740073411133,0.17565288046585148,0.0
7977,1.0,0.05,0.00010543564098626389,14.037708562632403,0.008192060963199016,0.17565288046585148,0.0
7978,1.0,0.05,0.00010543564098626389,14.037708562632403,0.008192060963199016,0.17565288046585148,0.0
7979,1.0,0.05,0.00010543564098626389,14.037708562632403,0.008192060963199016,0.17565288046585148,0.0
7980,1.0,0.05,0.00010543564098626389,14.037708562632403,0.007839086269013718,0.17565288046585148,0.0
7981,1.0,0.05,0.00010543564098626389,14.037708562632403,0.007839086269013718,0.17565288046585148,0.0
7982,1.0,0.05,0.00010543564098626389,14.037708562632403,0.007839086269013718,0.17565288046585148,0.0
7983,1.0,0.05,0.00010543564098626389,14.037708562632403,0.007839086269013718,0.17565288046585148,0.0
7984,1.0,0.05,0.00010543564098626389,14.037708562632403,0.007839086269013718,0.17565288046585148,0.0
7985,1.0,0.05,0.00010543564098626389,14.037708562632403,0.007839086269013718,0.17565288046585148,0.0
7986,1.0,0.05,0.00010543564098626389,10.957423271577468,0.007839086269013718,0.17565288046585148,0.0
7987,1.0,0.05,0.00010543564098626389,10.957423271577468,0.007839086269013718,0.17565288046585148,0.0
7988,1.0,0.05,0.00010543564098626389,10.957423271577468,0.007839086269013718,0.17565288046585148,0.0
7989,1.0,0.05,0.00010543564098626389,7.980778015285935,0.007839086269013718,0.23981004079986515,0.0
7990,1.0,0.05,0.00010543564098626389,7.980778015285935,0.007839086269013718,0.23981004079986515,0.0
7991,1.0,0.05,0.00010543564098626389,7.980778015285935,0.007839086269013718,0.23981004079986515,0.0
7992,1.0,0.05,0.00010543564098626389,7.980778015285935,0.007839086269013718,0.23981004079986515,0.0
7993,1.0,0.05,0.00010543564098626389,14.582060846484197,0.007839086269013718,0.23981004079986515,0.0
7994,1.0,0.05,0.00010543564098626389,14.582060846484197,0.009175183705247184,0.23981004079986515,0.0
7995,1.0,0.05,0.00010543564098626389,14.582060846484197,0.008006877850124085,0.23981004079986515,0.0
7996,1.0,0.05,0.00010639676691473264,14.582060846484197,0.008006877850124085,0.23981004079986515,0.0
7997,1.0,0.05,0.00010639676691473264,14.582060846484197,0.007087360935528013,0.23981004079986515,0.0
7998,1.0,0.05,0.00010639676691473264,14.582060846484197,0.007087360935528013,0.23981004079986515,0.0
7999,1.0,0.05,0.00010639676691473264,22.149269091215956,0.008720926852631278,0.10148300477774855,0.0
8000,1.0,0.05,0.00010639676691473264,19.47129454480607,0.008720926852631278,0.1450573833815513,0.0
8001,1.0,0.05,0.00010945063804831369,19.47129454480607,0.008720926852631278,0.1450573833815513,0.0
8002,1.0,0.05,0.00010945063804831369,16.346955146817038,0.007534935484378988,0.1450573833815513,0.0
8003,1.0,0.05,0.00010945063804831369,16.346955146817038,0.007534935484378988,0.1450573833815513,0.0
8004,1.0,0.05,0.00010945063804831369,16.346955146817038,0.007534935484378988,0.1450573833815513,0.0
8005,1.0,0.05,0.00010945063804831369,16.346955146817038,0.007534935484378988,0.1450573833815513,0.0
8006,1.0,0.05,0.00010945063804831369,16.346955146817038,0.007534935484378988,0.1450573833815513,0.0
8007,1.0,0.05,0.00010945063804831369,16.346955146817038,0.007534935484378988,0.1450573833815513,0.0
8008,1.0,0.05,0.00010945063804831369,16.346955146817038,0.007534935484378988,0.1450573833815513,0.0
8009,1.0,0.05,0.0001174909853685157,16.346955146817038,0.007534935484378988,0.1450573833815513,0.0
8010,1.0,0.05,0.0001174909853685157,16.346955146817038,0.007534935484378988,0.1450573833815513,0.0
8011,1.0,0.05,0.0001174909853685157,16.346955146817038,0.007534935484378988,0.1450573833815513,0.0
8012,1.0,0.05,0.0001174909853685157,20.334033886474217,0.007770418145620756,0.08667008955070246,0.0
8013,1.0,0.05,0.0001174909853685157,20.334033886474217,0.007770418145620756,0.08667008955070246,0.0
8014,1.0,0.05,0.0001174909853685157,20.334033886474217,0.007770418145620756,0.08667008955070246,0.0
8015,1.0,0.05,0.0001174909853685157,20.334033886474217,0.007770418145620756,0.08667008955070246,0.0
8016,1.0,0.05,0.0001174909853685157,18.575466375427908,0.007770418145620756,0.08667008955070246,0.0
8017,1.0,0.05,0.0001124617210671664,18.575466375427908,0.007770418145620756,0.08667008955070246,0.0
8018,1.0,0.05,0.0001124617210671664,20.33960253181526,0.007770418145620756,0.08667008955070246,0.0
8019,1.0,0.05,0.0001124617210671664,8.10773979387119,0.007857187714042195,0.1235825909155988,0.0
8020,1.0,0.05,0.00012058177835018135,9.193529400209215,0.007857187714042195,0.1235825909155988,0.0
8021,1.0,0.05,0.00012058177835018135,8.305710505815654,0.007661765374464348,0.1235825909155988,0.0
8022,1.0,0.05,0.00012058177835018135,8.305710505815654,0.006924163520029565,0.1235825909155988,0.0
8023,1.0,0.05,0.00012058177835018135,8.305710505815654,0.0067620761526551105,0.1235825909155988,0.0
8024,1.0,0.05,0.00012058177835018135,8.305710505815654,0.0067620761526551105,0.1235825909155988,0.0
8025,1.0,0.05,0.00012058177835018135,8.305710505815654,0.0067620761526551105,0.1004745606763417,0.0
8026,1.0,0.05,0.00012958304161124893,8.305710505815654,0.0067620761526551105,0.1004745606763417,0.0
8027,1.0,0.05,0.00012958304161124893,8.305710505815654,0.0067620761526551105,0.1004745606763417,0.0
8028,1.0,0.05,0.00012480189497301444,8.305710505815654,0.0067620761526551105,0.1004745606763417,0.0
8029,1.0,0.05,0.00012771857556931755,10.9000227567047,0.0067620761526551105,0.1004745606763417,0.0
8030,1.0,0.05,0.00012771857556931755,10.9000227567047,0.0067620761526551105,0.1004745606763417,0.0
8031,1.0,0.05,0.00012771857556931755,10.9000227567047,0.0067620761526551105,0.1004745606763417,0.0
8032,1.0,0.05,0.00012318079714419798,10.9000227567047,0.0067620761526551105,0.1004745606763417,0.0
8033,1.0,0.05,0.00012318079714419798,10.9000227567047,0.0067620761526551105,0.1004745606763417,0.0
8034,1.0,0.05,0.00012318079714419798,10.9000227567047,0.0067620761526551105,0.1004745606763417,0.0
8035,1.0,0.05,0.00012318079714419798,10.9000227567047,0.0067620761526551105,0.1004745606763417,0.0
8036,1.0,0.05,0.00012318079714419798,10.9000227567047,0.0059468896765110055,0.1004745606763417,0.0
8037,1.0,0.05,0.00012318079714419798,10.9000227567047,0.0059468896765110055,0.1004745606763417,0.0
8038,1.0,0.05,0.0001298397973940826,10.9000227567047,0.0059468896765110055,0.1004745606763417,0.0
8039,1.0,0.05,0.0001298397973940826,10.9000227567047,0.0059468896765110055,0.1004745606763417,0.0
8040,1.0,0.05,0.0001298397973940826,10.9000227567047,0.0059468896765110055,0.1004745606763417,0.0
8041,1.0,0.05,0.0001298397973940826,10.9000227567047,0.0059468896765110055,0.1004745606763417,0.0
8042,1.0,0.05,0.00013058240547075058,10.9000227567047,0.0059468896765110055,0.1004745606763417,0.0
8043,1.0,0.05,0.00013058240547075058,10.9000227567047,0.0059468896765110055,0.1004745606763417,0.0
8044,1.0,0.05,0.00013058240547075058,10.9000227567047,0.0065928896579032035,0.1004745606763417,0.0
8045,1.0,0.05,0.00013058240547075058,10.9000227567047,0.0065928896579032035,0.1004745606763417,0.0
8046,1.0,0.05,0.00013058240547075058,10.9000227567047,0.0065928896579032035,0.1004745606763417,0.0
8047,1.0,0.05,0.00013058240547075058,8.084685299564612,0.0065928896579032035,0.1004745606763417,0.0
8048,1.0,0.05,0.00013058240547075058,10.322409508996415,0.0065928896579032035,0.1004745606763417,0.0
8049,1.0,0.05,0.00013058240547075058,10.322409508996415,0.0065928896579032035,0.1004745606763417,0.0
8050,1.0,0.05,0.00012063678755107949,10.322409508996415,0.0065928896579032035,0.1004745606763417,0.0
8051,1.0,0.05,0.00012063678755107949,18.745130451469592,0.0065928896579032035,0.1004745606763417,0.0
8052,1.0,0.05,0.00012063678755107949,18.745130451469592,0.0065928896579032035,0.1004745606763417,0.0
8053,1.0,0.05,0.00012063678755107949,18.745130451469592,0.007519211674959988,0.1004745606763417,0.0
8054,1.0,0.05,0.00012063678755107949,18.745130451469592,0.006910617128894722,0.1004745606763417,0.0
8055,1.0,0.05,0.00012063678755107949,18.745130451469592,0.007229396697807955,0.10275080602128173,0.0
8056,1.0,0.05,0.00012063678755107949,18.745130451469592,0.007229396697807955,0.0999161376688335,0.0
8057,1.0,0.05,0.00012063678755107949,18.745130451469592,0.007229396697807955,0.0999161376688335,0.0
8058,1.0,0.05,0.00012063678755107949,18.745130451469592,0.007229396697807955,0.08429794613516303,0.0
8059,1.0,0.05,0.00012063678755107949,19.131616951268725,0.007229396697807955,0.08429794613516303,0.0
8060,1.0,0.05,0.00012063678755107949,19.131616951268725,0.007229396697807955,0.08429794613516303,0.0
8061,1.0,0.05,0.00012063678755107949,13.917632066979095,0.007229396697807955,0.08429794613516303,0.0
8062,1.0,0.05,0.00012063678755107949,13.917632066979095,0.007164277594128007,0.08429794613516303,0.0
8063,1.0,0.05,0.00012063678755107949,17.839034279584595,0.007164277594128007,0.08429794613516303,0.0
8064,1.0,0.05,0.00012063678755107949,17.839034279584595,0.007164277594128007,0.08429794613516303,0.0
8065,1.0,0.05,0.00012063678755107949,17.839034279584595,0.006581127312539626,0.08429794613516303,0.0
8066,1.0,0.05,0.00012063678755107949,17.688808897483682,0.006581127312539626,0.08429794613516303,0.0
8067,1.0,0.05,0.00012063678755107949,13.90612196808354,0.007547390073746435,0.08429794613516303,0.0
8068,1.0,0.05,0.00012063678755107949,13.90612196808354,0.007547390073746435,0.08429794613516303,0.0
8069,1.0,0.05,0.00012063678755107949,17.49546419948092,0.007064817934959979,0.08429794613516303,0.0
8070,1.0,0.05,0.00012063678755107949,17.49546419948092,0.007064817934959979,0.08429794613516303,0.0
8071,1.0,0.05,0.00012063678755107949,17.49546419948092,0.007018053224333861,0.08429794613516303,0.0
8072,1.0,0.05,0.00012063678755107949,17.49546419948092,0.007018053224333861,0.08429794613516303,0.0
8073,1.0,0.05,0.00012841554268354288,17.49546419948092,0.007018053224333861,0.09439758339349205,0.0
8074,1.0,0.05,0.00012841554268354288,17.49546419948092,0.006443561550377844,0.09439758339349205,0.0
8075,1.0,0.05,0.00012841554268354288,7.104813136770119,0.006443561550377844,0.09801451365414429,0.0
8076,1.0,0.05,0.0001268805062763879,7.104813136770119,0.006443561550377844,0.10616353362892031,0.0
8077,1.0,0.05,0.0001268805062763879,7.104813136770119,0.006443561550377844,0.11607424065220664,0.0
8078,1.0,0.05,0.0001268805062763879,7.104813136770119,0.006443561550377844,0.11607424065220664,0.0
8079,1.0,0.05,0.0001268805062763879,7.104813136770119,0.006316055702775681,0.11607424065220664,0.0
8080,1.0,0.05,0.0001268805062763879,7.104813136770119,0.006316055702775681,0.11607424065220664,0.0
8081,1.0,0.05,0.0001268805062763879,7.104813136770119,0.006316055702775681,0.11607424065220664,0.0
8082,1.0,0.05,0.0001268805062763879,7.104813136770119,0.006572089929509027,0.11607424065220664,0.0
8083,1.0,0.05,0.0001268805062763879,6.975778246881731,0.005936534811085584,0.11607424065220664,0.0
8084,1.0,0.05,0.0001268805062763879,6.975778246881731,0.006164119784371149,0.12480895909592493,0.0
8085,1.0,0.05,0.0001268805062763879,6.975778246881731,0.006164119784371149,0.1459659583091,0.0
8086,1.0,0.05,0.0001268805062763879,6.975778246881731,0.006164119784371149,0.12586092005016047,0.0
8087,1.0,0.05,0.0001268805062763879,6.975778246881731,0.006164119784371149,0.12586092005016047,0.0
8088,1.0,0.05,0.0001268805062763879,6.975778246881731,0.006164119784371149,0.1553969045319249,0.0
8089,1.0,0.05,0.0001268805062763879,6.975778246881731,0.006164119784371149,0.12278066420811827,0.0
8090,1.0,0.05,0.00011868238812324842,6.975778246881731,0.006164119784371149,0.12278066420811827,0.0
8091,1.0,0.05,0.00011868238812324842,6.975778246881731,0.006164119784371149,0.12278066420811827,0.0
8092,1.0,0.05,0.00011868238812324842,6.975778246881731,0.006164119784371149,0.12278066420811827,0.0
8093,1.0,0.05,0.00012565689068827067,6.975778246881731,0.006164119784371149,0.12278066420811827,0.0
8094,1.0,0.05,0.00012600452740300127,6.975778246881731,0.006164119784371149,0.12278066420811827,0.0
8095,1.0,0.05,0.00012600452740300127,9.278113297008204,0.006164119784371149,0.12278066420811827,0.0
8096,1.0,0.05,0.00012600452740300127,9.278113297008204,0.006164119784371149,0.12278066420811827,0.0
8097,1.0,0.05,0.00012600452740300127,9.278113297008204,0.006164119784371149,0.12278066420811827,0.0
8098,1.0,0.05,0.00012600452740300127,9.278113297008204,0.007040135501593929,0.12278066420811827,0.0
8099,1.0,0.05,0.00012600452740300127,9.278113297008204,0.007040135501593929,0.12278066420811827,0.0
8100,1.0,0.05,0.00012600452740300127,9.278113297008204,0.007040135501593929,0.12278066420811827,0.0
8101,1.0,0.05,0.00012600452740300127,9.278113297008204,0.007040135501593929,0.11938862041728485,0.0
8102,1.0,0.05,0.00012600452740300127,9.278113297008204,0.007040135501593929,0.11938862041728485,0.0
8103,1.0,0.05,0.00012096319275884827,9.278113297008204,0.007040135501593929,0.11938862041728485,0.0
8104,1.0,0.05,0.00012096319275884827,9.278113297008204,0.007040135501593929,0.11938862041728485,0.0
8105,1.0,0.05,0.00012096319275884827,9.278113297008204,0.007040135501593929,0.11938862041728485,0.0
8106,1.0,0.05,0.00012096319275884827,9.278113297008204,0.007040135501593929,0.11938862041728485,0.0
8107,1.0,0.05,0.00012096319275884827,13.140813250257906,0.007040135501593929,0.11938862041728485,0.0
8108,1.0,0.05,0.00012096319275884827,13.140813250257906,0.007040135501593929,0.11938862041728485,0.0
8109,1.0,0.05,0.00012096319275884827,13.140813250257906,0.007662827275316882,0.11938862041728485,0.0
8110,1.0,0.05,0.00012096319275884827,13.140813250257906,0.007662827275316882,0.13017843818949748,0.0
8111,1.0,0.05,0.00012096319275884827,13.140813250257906,0.007662827275316882,0.13017843818949748,0.0
8112,1.0,0.05,0.00012096319275884827,13.140813250257906,0.006573176874427851,0.13017843818949748,0.0
8113,1.0,0.05,0.00012096319275884827,14.682098341093393,0.007437892746716472,0.13017843818949748,0.0
8114,1.0,0.05,0.00012096319275884827,14.682098341093393,0.007628029058805117,0.13017843818949748,0.0
8115,1.0,0.05,0.00012096319275884827,14.682098341093393,0.007628029058805117,0.13017843818949748,0.0
8116,1.0,0.05,0.00012096319275884827,14.682098341093393,0.006020976561865548,0.08648663229681491,0.0
8117,1.0,0.05,0.00012096319275884827,14.682098341093393,0.007278434531331765,0.08648663229681491,0.0
8118,1.0,0.05,0.00012096319275884827,14.682098341093393,0.007278434531331765,0.08648663229681491,0.0
8119,1.0,0.05,0.00012096319275884827,14.682098341093393,0.007278434531331765,0.11312076468656022,0.0
8120,1.0,0.05,0.00012096319275884827,14.682098341093393,0.007278434531331765,0.11312076468656022,0.0
8121,1.0,0.05,0.00012096319275884827,14.682098341093393,0.007278434531331765,0.11312076468656022,0.0
8122,1.0,0.05,0.00012096319275884827,14.682098341093393,0.007278434531331765,0.11312076468656022,0.0
8123,1.0,0.05,0.00012096319275884827,14.682098341093393,0.007278434531331765,0.11312076468656022,0.0
8124,1.0,0.05,0.00012096319275884827,13.07497053060709,0.007278434531331765,0.11312076468656022,0.0
8125,1.0,0.05,0.00012096319275884827,13.07497053060709,0.007278434531331765,0.13030585828630484,0.0
8126,1.0,0.05,0.00012096319275884827,13.07497053060709,0.007278434531331765,0.13030585828630484,0.0
8127,1.0,0.05,0.00012096319275884827,13.07497053060709,0.007278434531331765,0.12438141547005331,0.0
8128,1.0,0.05,0.00012096319275884827,13.07497053060709,0.007278434531331765,0.12438141547005331,0.0
8129,1.0,0.05,0.00012096319275884827,13.07497053060709,0.007278434531331765,0.12438141547005331,0.0
8130,1.0,0.05,0.00012096319275884827,13.07497053060709,0.0072655874835893764,0.12438141547005331,0.0
8131,1.0,0.05,0.00012096319275884827,13.07497053060709,0.0072655874835893764,0.12438141547005331,0.0
8132,1.0,0.05,0.00012096319275884827,9.188179016510631,0.0072655874835893764,0.12438141547005331,0.0
8133,1.0,0.05,0.00011656401912970293,9.188179016510631,0.0072655874835893764,0.12548247823264863,0.0
8134,1.0,0.05,0.00011656401912970293,9.188179016510631,0.0072655874835893764,0.12548247823264863,0.0
8135,1.0,0.05,0.00011656401912970293,9.188179016510631,0.00758710168071137,0.1704936711294946,0.0
8136,1.0,0.05,0.00011656401912970293,9.188179016510631,0.00758710168071137,0.1704936711294946,0.0
8137,1.0,0.05,0.00011656401912970293,9.188179016510631,0.00758710168071137,0.1704936711294946,0.0
8138,1.0,0.05,0.00011656401912970293,9.615819831183273,0.007525606414167269,0.1704936711294946,0.0
8139,1.0,0.05,0.00010527361125979127,9.615819831183273,0.007525606414167269,0.1704936711294946,0.0
8140,1.0,0.05,0.00010527361125979127,8.191850521170323,0.007525606414167269,0.20675366641496257,0.0
8141,1.0,0.05,0.00010527361125979127,8.191850521170323,0.007525606414167269,0.20675366641496257,0.0
8142,1.0,0.05,0.00010527361125979127,11.17218133977022,0.007525606414167269,0.20675366641496257,0.0
8143,1.0,0.05,0.00010527361125979127,9.359914786422351,0.007525606414167269,0.20675366641496257,0.0
8144,1.0,0.05,0.00010527361125979127,9.359914786422351,0.007525606414167269,0.20675366641496257,0.0
8145,1.0,0.05,0.00010527361125979127,9.359914786422351,0.007281699321888299,0.20675366641496257,0.0
8146,1.0,0.05,0.00010527361125979127,9.359914786422351,0.00814961765627633,0.20675366641496257,0.0
8147,1.0,0.05,0.00010527361125979127,9.359914786422351,0.00814961765627633,0.20675366641496257,0.0
8148,1.0,0.05,0.00010527361125979127,9.359914786422351,0.00814961765627633,0.20675366641496257,0.0
8149,1.0,0.05,0.00010527361125979127,9.359914786422351,0.00814961765627633,0.20675366641496257,0.0
8150,1.0,0.05,0.00010527361125979127,9.359914786422351,0.00814961765627633,0.20675366641496257,0.0
8151,1.0,0.05,0.00010527361125979127,9.359914786422351,0.008706621752613459,0.20675366641496257,0.0
8152,1.0,0.05,0.00010527361125979127,9.359914786422351,0.008706621752613459,0.20675366641496257,0.0
8153,1.0,0.05,0.00010527361125979127,9.359914786422351,0.008706621752613459,0.20675366641496257,0.0
8154,1.0,0.05,0.00010527361125979127,9.359914786422351,0.008706621752613459,0.20675366641496257,0.0
8155,1.0,0.05,0.00010527361125979127,9.359914786422351,0.008706621752613459,0.20675366641496257,0.0
8156,1.0,0.05,0.00010226783162285304,9.359914786422351,0.008706621752613459,0.2860608704212681,0.0
8157,1.0,0.05,0.00010226783162285304,9.359914786422351,0.008706621752613459,0.22383992138128478,0.0
8158,1.0,0.05,0.00010226783162285304,9.359914786422351,0.008706621752613459,0.22383992138128478,0.0
8159,1.0,0.05,0.00010226783162285304,9.359914786422351,0.007116410456658332,0.22383992138128478,0.0
8160,1.0,0.05,0.00010226783162285304,9.359914786422351,0.007116410456658332,0.22383992138128478,0.0
8161,1.0,0.05,0.00010226783162285304,9.359914786422351,0.007116410456658332,0.22383992138128478,0.0
8162,1.0,0.05,0.00010226783162285304,9.359914786422351,0.007116410456658332,0.22383992138128478,0.0
8163,1.0,0.05,0.00010226783162285304,9.359914786422351,0.007116410456658332,0.20213634922601453,0.0
8164,1.0,0.05,0.00010226783162285304,9.359914786422351,0.0072145837953345405,0.20213634922601453,0.0
8165,1.0,0.05,0.00011801482520597628,9.359914786422351,0.0074348273828360595,0.20213634922601453,0.0
8166,1.0,0.05,0.00011801482520597628,9.359914786422351,0.0074348273828360595,0.16881925082707938,0.0
8167,1.0,0.05,0.00011779468613008107,9.359914786422351,0.0074348273828360595,0.16881925082707938,0.0
8168,1.0,0.05,0.00011779468613008107,9.359914786422351,0.0074348273828360595,0.16881925082707938,0.0
8169,1.0,0.05,0.00011779468613008107,9.359914786422351,0.0074348273828360595,0.16881925082707938,0.0
8170,1.0,0.05,0.00011779468613008107,9.359914786422351,0.0074348273828360595,0.16881925082707938,0.0
8171,1.0,0.05,0.00011779468613008107,9.359914786422351,0.0074348273828360595,0.16881925082707938,0.0
8172,1.0,0.05,0.00011779468613008107,9.359914786422351,0.0074348273828360595,0.16881925082707938,0.0
8173,1.0,0.05,0.00011779468613008107,9.359914786422351,0.0074348273828360595,0.16881925082707938,0.0
8174,1.0,0.05,0.00011779468613008107,9.359914786422351,0.0074348273828360595,0.16881925082707938,0.0
8175,1.0,0.05,0.00011779468613008107,9.359914786422351,0.007482598442760588,0.16881925082707938,0.0
8176,1.0,0.05,0.00011779468613008107,9.359914786422351,0.007482598442760588,0.16881925082707938,0.0
8177,1.0,0.05,0.00011779468613008107,9.359914786422351,0.007482598442760588,0.16881925082707938,0.0
8178,1.0,0.05,0.00011779468613008107,9.359914786422351,0.007482598442760588,0.16881925082707938,0.0
8179,1.0,0.05,0.00011779468613008107,6.850849306910007,0.007482598442760588,0.16881925082707938,0.0
8180,1.0,0.05,0.00011752583424482937,6.850849306910007,0.007448882410316249,0.16881925082707938,0.0
8181,1.0,0.05,0.00011752583424482937,9.573673406569156,0.007448882410316249,0.16881925082707938,0.0
8182,1.0,0.05,0.00011752583424482937,9.573673406569156,0.007448882410316249,0.16881925082707938,0.0
8183,1.0,0.05,0.00011752583424482937,9.573673406569156,0.007448882410316249,0.15574346369057365,0.0
8184,1.0,0.05,0.00011752583424482937,9.68516709072776,0.007448882410316249,0.15574346369057365,0.0
8185,1.0,0.05,0.00011752583424482937,9.68516709072776,0.007448882410316249,0.16903759054475098,0.0
8186,1.0,0.05,0.00011752583424482937,9.68516709072776,0.007448882410316249,0.16903759054475098,0.0
8187,1.0,0.05,0.00011752583424482937,9.68516709072776,0.007448882410316249,0.16903759054475098,0.0
8188,1.0,0.05,0.00011752583424482937,9.68516709072776,0.007448882410316249,0.16903759054475098,0.0
8189,1.0,0.05,0.00011752583424482937,9.68516709072776,0.008046123406854419,0.16685332727360414,0.0
8190,1.0,0.05,0.00011752583424482937,9.68516709072776,0.008046123406854419,0.16685332727360414,0.0
8191,1.0,0.05,0.00011752583424482937,9.68516709072776,0.008046123406854419,0.16685332727360414,0.0
8192,1.0,0.05,0.00011752583424482937,9.68516709072776,0.008046123406854419,0.14942992268929703,0.0
8193,1.0,0.05,0.00011752583424482937,9.68516709072776,0.007993478015234349,0.14942992268929703,0.0
8194,1.0,0.05,0.00011752583424482937,9.68516709072776,0.007993478015234349,0.14942992268929703,0.0
8195,1.0,0.05,0.00011752583424482937,9.68516709072776,0.007993478015234349,0.12981610464287663,0.0
8196,1.0,0.05,0.00011752583424482937,9.68516709072776,0.007825552513247834,0.12981610464287663,0.0
8197,1.0,0.05,0.00011752583424482937,9.68516709072776,0.007825552513247834,0.12981610464287663,0.0
8198,1.0,0.05,0.00011752583424482937,9.68516709072776,0.007825552513247834,0.12981610464287663,0.0
8199,1.0,0.05,0.00011752583424482937,9.68516709072776,0.007194591829948646,0.15635921509548897,0.0
8200,1.0,0.05,0.00011752583424482937,9.68516709072776,0.007194591829948646,0.15635921509548897,0.0
8201,1.0,0.05,0.00011752583424482937,9.68516709072776,0.007194591829948646,0.15635921509548897,0.0
8202,1.0,0.05,0.00011752583424482937,9.68516709072776,0.007194591829948646,0.15635921509548897,0.0
8203,1.0,0.05,0.00011752583424482937,9.68516709072776,0.007160625039689355,0.15316202758427888,0.0
8204,1.0,0.05,0.00011752583424482937,9.68516709072776,0.007160625039689355,0.15909631855799056,0.0
8205,1.0,0.05,0.00011752583424482937,9.68516709072776,0.007160625039689355,0.15909631855799056,0.0
8206,1.0,0.05,0.00011752583424482937,9.68516709072776,0.007160625039689355,0.15909631855799056,0.0
8207,1.0,0.05,0.00011752583424482937,11.298803627243643,0.00678103753654985,0.15909631855799056,0.0
8208,1.0,0.05,0.00011752583424482937,11.53806222849596,0.00678103753654985,0.15909631855799056,0.0
8209,1.0,0.05,0.00011752583424482937,11.53806222849596,0.00678103753654985,0.11642349406202998,0.0
8210,1.0,0.05,0.00011752583424482937,11.718212218386142,0.00678103753654985,0.15422991061289917,0.0
8211,1.0,0.05,0.00011752583424482937,11.718212218386142,0.00678103753654985,0.15422991061289917,0.0
8212,1.0,0.05,0.00011752583424482937,11.718212218386142,0.00678103753654985,0.15422991061289917,0.0
8213,1.0,0.05,0.00011752583424482937,6.9593289313963425,0.00678103753654985,0.15422991061289917,0.0
8214,1.0,0.05,0.00011752583424482937,6.9593289313963425,0.00678103753654985,0.15422991061289917,0.0
8215,1.0,0.05,0.00011752583424482937,6.9593289313963425,0.00678103753654985,0.15422991061289917,0.0
8216,1.0,0.05,0.00011752583424482937,6.9593289313963425,0.00678103753654985,0.15422991061289917,0.0
8217,1.0,0.05,0.00011752583424482937,7.079733632602768,0.007605999177767705,0.15422991061289917,0.0
8218,1.0,0.05,0.00011752583424482937,7.079733632602768,0.007605999177767705,0.15422991061289917,0.0
8219,1.0,0.05,0.00011752583424482937,10.145239441125867,0.007605999177767705,0.15422991061289917,0.0
8220,1.0,0.05,0.00011752583424482937,10.145239441125867,0.007605999177767705,0.15422991061289917,0.0
8221,1.0,0.05,0.00011752583424482937,10.145239441125867,0.007605999177767705,0.15422991061289917,0.0
8222,1.0,0.05,0.00011752583424482937,11.742306181039154,0.007605999177767705,0.11409360865777347,0.0
8223,1.0,0.05,0.00011752583424482937,11.25053002991993,0.006891048019257283,0.13498027213891758,0.0
8224,1.0,0.05,0.00011752583424482937,11.25053002991993,0.006891048019257283,0.13498027213891758,0.0
8225,1.0,0.05,0.00011752583424482937,11.25053002991993,0.006891048019257283,0.13498027213891758,0.0
8226,1.0,0.05,0.00011752583424482937,11.25053002991993,0.006891048019257283,0.13498027213891758,0.0
8227,1.0,0.05,0.00011752583424482937,11.25053002991993,0.006891048019257283,0.13498027213891758,0.0
8228,1.0,0.05,0.00011752583424482937,11.25053002991993,0.006891048019257283,0.13498027213891758,0.0
8229,1.0,0.05,0.00011752583424482937,11.25053002991993,0.006891048019257283,0.1218551413172311,0.0
8230,1.0,0.05,0.00011752583424482937,11.25053002991993,0.006891048019257283,0.12091708586615149,0.0
8231,1.0,0.05,0.00011752583424482937,11.25053002991993,0.007737466921380692,0.14258954453660286,0.0
8232,1.0,0.05,0.00011752583424482937,11.25053002991993,0.007737466921380692,0.14258954453660286,0.0
8233,1.0,0.05,0.00011752583424482937,11.25053002991993,0.007737466921380692,0.14258954453660286,0.0
8234,1.0,0.05,0.00011752583424482937,11.25053002991993,0.007737466921380692,0.14657964057057116,0.0
8235,1.0,0.05,0.00011752583424482937,11.25053002991993,0.007737466921380692,0.14657964057057116,0.0
8236,1.0,0.05,0.00011752583424482937,11.25053002991993,0.007737466921380692,0.14657964057057116,0.0
8237,1.0,0.05,0.00011752583424482937,14.496277164383613,0.007923630886180604,0.14657964057057116,0.0
8238,1.0,0.05,0.00011752583424482937,14.496277164383613,0.007923630886180604,0.14657964057057116,0.0
8239,1.0,0.05,0.00011752583424482937,14.496277164383613,0.007923630886180604,0.14657964057057116,0.0
8240,1.0,0.05,0.00011752583424482937,14.496277164383613,0.0075233313866404005,0.14115306980039646,0.0
8241,1.0,0.05,0.00011752583424482937,14.496277164383613,0.0075233313866404005,0.14115306980039646,0.0
8242,1.0,0.05,0.00011752583424482937,14.496277164383613,0.0075233313866404005,0.14115306980039646,0.0
8243,1.0,0.05,0.00011752583424482937,14.496277164383613,0.0075233313866404005,0.14115306980039646,0.0
8244,1.0,0.05,0.00011752583424482937,14.496277164383613,0.0075233313866404005,0.09067920472391737,0.0
8245,1.0,0.05,0.00011752583424482937,14.496277164383613,0.0075233313866404005,0.09067920472391737,0.0
8246,1.0,0.05,0.00011638244355793718,13.558720088388881,0.0075233313866404005,0.09067920472391737,0.0
8247,1.0,0.05,0.00011638244355793718,13.558720088388881,0.0075233313866404005,0.09067920472391737,0.0
8248,1.0,0.05,0.00011638244355793718,13.558720088388881,0.007623640239925542,0.17888509625660856,0.0
8249,1.0,0.05,0.00011638244355793718,13.558720088388881,0.007623640239925542,0.17888509625660856,0.0
8250,1.0,0.05,0.00011638244355793718,13.558720088388881,0.007623640239925542,0.10951338459420451,0.0
8251,1.0,0.05,0.00011638244355793718,13.558720088388881,0.007623640239925542,0.10951338459420451,0.0
8252,1.0,0.05,0.00011638244355793718,13.558720088388881,0.007623640239925542,0.10951338459420451,0.0
8253,1.0,0.05,0.00012274939631008359,13.558720088388881,0.007623640239925542,0.10951338459420451,0.0
8254,1.0,0.05,0.00012274939631008359,13.558720088388881,0.007623640239925542,0.12100386533099611,0.0
8255,1.0,0.05,0.00012280621984682192,13.558720088388881,0.007623640239925542,0.12100386533099611,0.0
8256,1.0,0.05,0.00012280621984682192,9.616794430033224,0.007623640239925542,0.12100386533099611,0.0
8257,1.0,0.05,0.00011801213881315308,9.616794430033224,0.007623640239925542,0.11765917901431831,0.0
8258,1.0,0.05,0.00011801213881315308,9.616794430033224,0.007623640239925542,0.11765917901431831,0.0
8259,1.0,0.05,0.00011801213881315308,9.616794430033224,0.007623640239925542,0.11765917901431831,0.0
8260,1.0,0.05,0.00011801213881315308,10.88175153923261,0.007623640239925542,0.11728117600844216,0.0
8261,1.0,0.05,0.00011801213881315308,10.88175153923261,0.007623640239925542,0.11728117600844216,0.0
8262,1.0,0.05,0.00011801213881315308,10.88175153923261,0.007623640239925542,0.11728117600844216,0.0
8263,1.0,0.05,0.00011801213881315308,10.88175153923261,0.0075085054694576355,0.11728117600844216,0.0
8264,1.0,0.05,0.00011801213881315308,11.390780419615496,0.0075085054694576355,0.11728117600844216,0.0
8265,1.0,0.05,0.00011801213881315308,11.390780419615496,0.0075085054694576355,0.11728117600844216,0.0
8266,1.0,0.05,0.00011801213881315308,11.390780419615496,0.0075085054694576355,0.11728117600844216,0.0
8267,1.0,0.05,0.00011801213881315308,11.390780419615496,0.008682854187994818,0.11728117600844216,0.0
8268,1.0,0.05,0.00011801213881315308,11.390780419615496,0.008682854187994818,0.11728117600844216,0.0
8269,1.0,0.05,0.00011801213881315308,11.390780419615496,0.008682854187994818,0.11728117600844216,0.0
8270,1.0,0.05,0.00011801213881315308,11.390780419615496,0.008682854187994818,0.1407140464653266,0.0
8271,1.0,0.05,0.00011801213881315308,11.390780419615496,0.008682854187994818,0.1407140464653266,0.0
8272,1.0,0.05,0.00011801213881315308,11.390780419615496,0.008682854187994818,0.1407140464653266,0.0
8273,1.0,0.05,0.00011801213881315308,13.885531335362174,0.008682854187994818,0.1407140464653266,0.0
8274,1.0,0.05,0.00011801213881315308,13.885531335362174,0.008682854187994818,0.1407140464653266,0.0
8275,1.0,0.05,0.00011801213881315308,5.422625705900302,0.007141293901989,0.1407140464653266,0.0
8276,1.0,0.05,0.00011946688072537911,5.422625705900302,0.007141293901989,0.1407140464653266,0.0
8277,1.0,0.05,0.00011946688072537911,5.422625705900302,0.007141293901989,0.1407140464653266,0.0
8278,1.0,0.05,0.00011946688072537911,5.422625705900302,0.007141293901989,0.1407140464653266,0.0
8279,1.0,0.05,0.00011992542745524386,5.422625705900302,0.007141293901989,0.1407140464653266,0.0
8280,1.0,0.05,0.00011992542745524386,5.422625705900302,0.007141293901989,0.1407140464653266,0.0
8281,1.0,0.05,0.00011992542745524386,5.422625705900302,0.007141293901989,0.1505226855356122,0.0
8282,1.0,0.05,0.00011992542745524386,5.422625705900302,0.007141293901989,0.1505226855356122,0.0
8283,1.0,0.05,0.00011992542745524386,5.422625705900302,0.007141293901989,0.1505226855356122,0.0
8284,1.0,0.05,0.00011992542745524386,5.422625705900302,0.006812409959517434,0.1505226855356122,0.0
8285,1.0,0.05,0.00011992542745524386,5.657169369652522,0.007128429976462386,0.17809745864113702,0.0
8286,1.0,0.05,0.00011992542745524386,5.657169369652522,0.007128429976462386,0.17809745864113702,0.0
8287,1.0,0.05,0.00011992542745524386,5.657169369652522,0.007128429976462386,0.17809745864113702,0.0
8288,1.0,0.05,0.00011992542745524386,5.657169369652522,0.007104607364607103,0.17809745864113702,0.0
8289,1.0,0.05,0.00011992542745524386,5.657169369652522,0.007104607364607103,0.17809745864113702,0.0
8290,1.0,0.05,0.00011839323814541352,5.657169369652522,0.007104607364607103,0.17809745864113702,0.0
8291,1.0,0.05,0.00011839323814541352,5.657169369652522,0.007104607364607103,0.17809745864113702,0.0
8292,1.0,0.05,0.00011839323814541352,5.657169369652522,0.007104607364607103,0.17809745864113702,0.0
8293,1.0,0.05,0.00011839323814541352,6.097088519872031,0.007104607364607103,0.17809745864113702,0.0
8294,1.0,0.05,0.00011839323814541352,6.097088519872031,0.007104607364607103,0.17809745864113702,0.0
8295,1.0,0.05,0.00011839323814541352,9.45705431081636,0.007104607364607103,0.14431279647315448,0.0
8296,1.0,0.05,0.00011839323814541352,10.188886825851114,0.007104607364607103,0.14431279647315448,0.0
8297,1.0,0.05,0.00011839323814541352,10.188886825851114,0.006785498425949663,0.14431279647315448,0.0
8298,1.0,0.05,0.00011839323814541352,10.188886825851114,0.006785498425949663,0.14431279647315448,0.0
8299,1.0,0.05,0.00011839323814541352,10.188886825851114,0.006785498425949663,0.14431279647315448,0.0
8300,1.0,0.05,0.00011839323814541352,10.188886825851114,0.006785498425949663,0.14431279647315448,0.0
8301,1.0,0.05,0.00011839323814541352,10.188886825851114,0.006785498425949663,0.14431279647315448,0.0
8302,1.0,0.05,0.00011839323814541352,10.188886825851114,0.006785498425949663,0.14431279647315448,0.0
8303,1.0,0.05,0.00011839323814541352,10.188886825851114,0.006785498425949663,0.14431279647315448,0.0
8304,1.0,0.05,0.00011839323814541352,10.188886825851114,0.006785498425949663,0.14431279647315448,0.0
8305,1.0,0.05,0.00011839323814541352,10.188886825851114,0.006785498425949663,0.14431279647315448,0.0
8306,1.0,0.05,0.00011839323814541352,10.188886825851114,0.006785498425949663,0.13781520272653924,0.0
8307,1.0,0.05,0.00011839323814541352,10.188886825851114,0.006785498425949663,0.13781520272653924,0.0
8308,1.0,0.05,0.00011839323814541352,10.188886825851114,0.006785498425949663,0.14410309554171524,0.0
8309,1.0,0.05,0.00011839323814541352,10.188886825851114,0.006785498425949663,0.14410309554171524,0.0
8310,1.0,0.05,0.00011839323814541352,10.188886825851114,0.006785498425949663,0.14410309554171524,0.0
8311,1.0,0.05,0.00011839323814541352,10.188886825851114,0.006785498425949663,0.14410309554171524,0.0
8312,1.0,0.05,0.00011839323814541352,10.188886825851114,0.006785498425949663,0.14410309554171524,0.0
8313,1.0,0.05,0.00011839323814541352,10.188886825851114,0.006785498425949663,0.14410309554171524,0.0
8314,1.0,0.05,0.00012241603992044128,10.188886825851114,0.006785498425949663,0.14410309554171524,0.0
8315,1.0,0.05,0.00012241603992044128,10.188886825851114,0.006785498425949663,0.12652386386966732,0.0
8316,1.0,0.05,0.00012241603992044128,10.188886825851114,0.006785498425949663,0.1054595242636874,0.0
8317,1.0,0.05,0.00012241603992044128,10.188886825851114,0.006785498425949663,0.1054595242636874,0.0
8318,1.0,0.05,0.00012241603992044128,10.188886825851114,0.00678451362074291,0.1054595242636874,0.0
8319,1.0,0.05,0.00012241603992044128,10.188886825851114,0.00678451362074291,0.1054595242636874,0.0
8320,1.0,0.05,0.00012241603992044128,10.188886825851114,0.00678451362074291,0.1054595242636874,0.0
8321,1.0,0.05,0.00012241603992044128,10.188886825851114,0.00678451362074291,0.1054595242636874,0.0
8322,1.0,0.05,0.00012241603992044128,10.188886825851114,0.00678451362074291,0.1054595242636874,0.0
8323,1.0,0.05,0.00012241603992044128,10.188886825851114,0.00678451362074291,0.1054595242636874,0.0
8324,1.0,0.05,0.00011613480810114506,10.188886825851114,0.00678451362074291,0.14810624714677467,0.0
8325,1.0,0.05,0.00011613480810114506,10.188886825851114,0.00678451362074291,0.12086705665688308,0.0
8326,1.0,0.05,0.00011613480810114506,10.188886825851114,0.00678451362074291,0.12086705665688308,0.0
8327,1.0,0.05,0.00011613480810114506,9.538094882856413,0.00678451362074291,0.12086705665688308,0.0
8328,1.0,0.05,0.00011613480810114506,9.538094882856413,0.00678451362074291,0.14916069204005625,0.0
8329,1.0,0.05,0.00011613480810114506,9.538094882856413,0.008138998632699497,0.14916069204005625,0.0
8330,1.0,0.05,0.00011613480810114506,9.538094882856413,0.006776800327159834,0.14916069204005625,0.0
8331,1.0,0.05,0.00011613480810114506,9.538094882856413,0.006776800327159834,0.14916069204005625,0.0
8332,1.0,0.05,0.00011613480810114506,9.538094882856413,0.006776800327159834,0.14916069204005625,0.0
8333,1.0,0.05,0.00011613480810114506,9.538094882856413,0.007241116595465713,0.14916069204005625,0.0
8334,1.0,0.05,0.00011731066684822935,9.538094882856413,0.007241116595465713,0.14916069204005625,0.0
8335,1.0,0.05,0.00011731066684822935,9.538094882856413,0.007241116595465713,0.14916069204005625,0.0
8336,1.0,0.05,0.00011731066684822935,9.538094882856413,0.007241116595465713,0.14916069204005625,0.0
8337,1.0,0.05,0.00011731066684822935,9.538094882856413,0.007241116595465713,0.14916069204005625,0.0
8338,1.0,0.05,0.00011731066684822935,9.538094882856413,0.006855146675608247,0.14916069204005625,0.0
8339,1.0,0.05,0.00011731066684822935,9.538094882856413,0.006855146675608247,0.15925506192141517,0.0
8340,1.0,0.05,0.00011731066684822935,9.538094882856413,0.007842045528145991,0.15925506192141517,0.0
8341,1.0,0.05,0.00011731066684822935,8.789486038325705,0.007842045528145991,0.15925506192141517,0.0
8342,1.0,0.05,0.00011731066684822935,8.789486038325705,0.007842045528145991,0.15925506192141517,0.0
8343,1.0,0.05,0.00011731066684822935,10.951304609552778,0.007842045528145991,0.15925506192141517,0.0
8344,1.0,0.05,0.00011731066684822935,10.951304609552778,0.007842045528145991,0.15925506192141517,0.0
8345,1.0,0.05,0.00011731066684822935,10.951304609552778,0.007842045528145991,0.15925506192141517,0.0
8346,1.0,0.05,0.00011731066684822935,10.951304609552778,0.006923091476882522,0.15925506192141517,0.0
8347,1.0,0.05,0.00011731066684822935,10.104514261393021,0.006923091476882522,0.1351639137901481,0.0
8348,1.0,0.05,0.00011731066684822935,10.104514261393021,0.006923091476882522,0.1351639137901481,0.0
8349,1.0,0.05,0.00011731066684822935,10.104514261393021,0.007163050808841411,0.1351639137901481,0.0
8350,1.0,0.05,0.00011731066684822935,10.104514261393021,0.007163050808841411,0.1351639137901481,0.0
8351,1.0,0.05,0.00011731066684822935,10.104514261393021,0.007163050808841411,0.1351639137901481,0.0
8352,1.0,0.05,0.00011731066684822935,11.259042812975736,0.007163050808841411,0.1420049496640471,0.0
8353,1.0,0.05,0.0001232356354777819,11.259042812975736,0.007163050808841411,0.1420049496640471,0.0
8354,1.0,0.05,0.00011396676929149219,11.259042812975736,0.007163050808841411,0.1420049496640471,0.0
8355,1.0,0.05,0.00011396676929149219,11.259042812975736,0.007163050808841411,0.1420049496640471,0.0
8356,1.0,0.05,0.00011396676929149219,11.259042812975736,0.007163050808841411,0.1420049496640471,0.0
8357,1.0,0.05,0.00011396676929149219,11.259042812975736,0.007868375757523225,0.1774250630227327,0.0
8358,1.0,0.05,0.00011406525895357696,11.259042812975736,0.007567863593217406,0.1774250630227327,0.0
8359,1.0,0.05,0.00011406525895357696,11.259042812975736,0.007886922857344105,0.1774250630227327,0.0
8360,1.0,0.05,0.00011406525895357696,11.259042812975736,0.007886922857344105,0.1774250630227327,0.0
8361,1.0,0.05,0.00011406525895357696,11.259042812975736,0.007886922857344105,0.1774250630227327,0.0
8362,1.0,0.05,0.00011126512438459185,11.259042812975736,0.007886922857344105,0.17118837973018775,0.0
8363,1.0,0.05,0.00011126512438459185,8.995845873275329,0.007886922857344105,0.17118837973018775,0.0
8364,1.0,0.05,0.00011126512438459185,8.995845873275329,0.007886922857344105,0.17118837973018775,0.0
8365,1.0,0.05,0.00011126512438459185,8.995845873275329,0.007886922857344105,0.19339565695022376,0.0
8366,1.0,0.05,0.00011126512438459185,8.995845873275329,0.007886922857344105,0.19339565695022376,0.0
8367,1.0,0.05,0.00011126512438459185,9.605925524121488,0.007886922857344105,0.19339565695022376,0.0
8368,1.0,0.05,0.00011126512438459185,9.605925524121488,0.007886922857344105,0.20969755788338157,0.0
8369,1.0,0.05,0.00011126512438459185,9.605925524121488,0.007886922857344105,0.20969755788338157,0.0
8370,1.0,0.05,0.00011126512438459185,9.605925524121488,0.007886922857344105,0.19381051869125657,0.0
8371,1.0,0.05,0.00011126512438459185,12.731655443716704,0.007886922857344105,0.19381051869125657,0.0
8372,1.0,0.05,0.00011126512438459185,12.731655443716704,0.007886922857344105,0.15509110737569992,0.0
8373,1.0,0.05,0.00011126512438459185,12.731655443716704,0.007886922857344105,0.15509110737569992,0.0
8374,1.0,0.05,0.00011126512438459185,12.731655443716704,0.007886922857344105,0.15509110737569992,0.0
8375,1.0,0.05,0.00011126512438459185,12.731655443716704,0.007886922857344105,0.15509110737569992,0.0
8376,1.0,0.05,0.00011126512438459185,12.731655443716704,0.007886922857344105,0.15509110737569992,0.0
8377,1.0,0.05,0.00011126512438459185,12.731655443716704,0.007886922857344105,0.15509110737569992,0.0
8378,1.0,0.05,0.00011126512438459185,12.731655443716704,0.007886922857344105,0.15509110737569992,0.0
8379,1.0,0.05,0.00011126512438459185,12.731655443716704,0.007886922857344105,0.16092365624017535,0.0
8380,1.0,0.05,0.0001094461489442514,12.731655443716704,0.007886922857344105,0.16092365624017535,0.0
8381,1.0,0.05,0.0001094461489442514,12.731655443716704,0.007902452821464316,0.1752092557215636,0.0
8382,1.0,0.05,0.0001094461489442514,12.731655443716704,0.007902452821464316,0.1752092557215636,0.0
8383,1.0,0.05,0.0001094461489442514,9.644418501445287,0.007902452821464316,0.1752092557215636,0.0
8384,1.0,0.05,0.0001094461489442514,9.644418501445287,0.007902452821464316,0.1752092557215636,0.0
8385,1.0,0.05,0.0001094461489442514,9.644418501445287,0.007902452821464316,0.1752092557215636,0.0
8386,1.0,0.05,0.0001094461489442514,9.644418501445287,0.007902452821464316,0.1752092557215636,0.0
8387,1.0,0.05,0.0001094461489442514,9.644418501445287,0.007902452821464316,0.1752092557215636,0.0
8388,1.0,0.05,0.0001094461489442514,9.644418501445287,0.007902452821464316,0.1752092557215636,0.0
8389,1.0,0.05,0.0001094461489442514,9.644418501445287,0.008087504306775036,0.1752092557215636,0.0
8390,1.0,0.05,0.0001094461489442514,9.644418501445287,0.008087504306775036,0.1752092557215636,0.0
8391,1.0,0.05,0.0001094461489442514,10.626785659209531,0.008087504306775036,0.1752092557215636,0.0
8392,1.0,0.05,0.0001094461489442514,10.626785659209531,0.008087504306775036,0.1752092557215636,0.0
8393,1.0,0.05,0.0001094461489442514,10.626785659209531,0.008087504306775036,0.1752092557215636,0.0
8394,1.0,0.05,0.0001094461489442514,10.626785659209531,0.008826293055150411,0.1752092557215636,0.0
8395,1.0,0.05,0.0001094461489442514,10.626785659209531,0.008826293055150411,0.1752092557215636,0.0
8396,1.0,0.05,0.0001094461489442514,10.626785659209531,0.008826293055150411,0.1752092557215636,0.0
8397,1.0,0.05,0.0001094461489442514,10.879407638210338,0.008826293055150411,0.1752092557215636,0.0
8398,1.0,0.05,0.0001094461489442514,10.879407638210338,0.008826293055150411,0.20445348849119394,0.0
8399,1.0,0.05,0.0001094461489442514,10.879407638210338,0.008826293055150411,0.20445348849119394,0.0
8400,1.0,0.05,0.0001094461489442514,10.879407638210338,0.008826293055150411,0.20445348849119394,0.0
8401,1.0,0.05,0.0001094461489442514,10.879407638210338,0.008826293055150411,0.20445348849119394,0.0
8402,1.0,0.05,0.0001094461489442514,10.879407638210338,0.008826293055150411,0.20445348849119394,0.0
8403,1.0,0.05,0.0001094461489442514,10.879407638210338,0.008826293055150411,0.20445348849119394,0.0
8404,1.0,0.05,0.0001094461489442514,10.879407638210338,0.008826293055150411,0.20445348849119394,0.0
8405,1.0,0.05,0.00010648415206706878,10.879407638210338,0.008826293055150411,0.22191512422044712,0.0
8406,1.0,0.05,0.00010648415206706878,10.879407638210338,0.00889781657654851,0.22191512422044712,0.0
8407,1.0,0.05,0.00010648415206706878,10.879407638210338,0.00889781657654851,0.22191512422044712,0.0
8408,1.0,0.05,0.00010648415206706878,10.879407638210338,0.008279555645123197,0.1505961234269251,0.0
8409,1.0,0.05,0.00010648415206706878,10.879407638210338,0.008458085478802722,0.23524333593830635,0.0
8410,1.0,0.05,0.00010648415206706878,6.37672119115868,0.008458085478802722,0.23524333593830635,0.0
8411,1.0,0.05,0.00010648415206706878,6.37672119115868,0.008458085478802722,0.23524333593830635,0.0
8412,1.0,0.05,0.00010648415206706878,6.37672119115868,0.008458085478802722,0.23524333593830635,0.0
8413,1.0,0.05,0.00010648415206706878,6.37672119115868,0.008458085478802722,0.23524333593830635,0.0
8414,1.0,0.05,0.00011274808347560567,6.37672119115868,0.008458085478802722,0.23524333593830635,0.0
8415,1.0,0.05,0.00011274808347560567,6.37672119115868,0.008458085478802722,0.2270682942709033,0.0
8416,1.0,0.05,0.00011274808347560567,6.37672119115868,0.008458085478802722,0.2270682942709033,0.0
8417,1.0,0.05,0.00011274808347560567,6.37672119115868,0.008458085478802722,0.2270682942709033,0.0
8418,1.0,0.05,0.00011274808347560567,6.37672119115868,0.008458085478802722,0.2270682942709033,0.0
8419,1.0,0.05,0.00011041037126438765,6.37672119115868,0.008458085478802722,0.2270682942709033,0.0
8420,1.0,0.05,0.00010643441568419925,6.37672119115868,0.00806167923184752,0.2270682942709033,0.0
8421,1.0,0.05,0.00010643441568419925,6.37672119115868,0.00806167923184752,0.2270682942709033,0.0
8422,1.0,0.05,0.00010643441568419925,6.37672119115868,0.00806167923184752,0.2270682942709033,0.0
8423,1.0,0.05,0.00010643441568419925,6.37672119115868,0.00806167923184752,0.2270682942709033,0.0
8424,1.0,0.05,0.00010643441568419925,7.868770841765539,0.00806167923184752,0.2270682942709033,0.0
8425,1.0,0.05,0.00010643441568419925,7.868770841765539,0.00806167923184752,0.2270682942709033,0.0
8426,1.0,0.05,0.00010643441568419925,13.803844814308391,0.00806167923184752,0.2401064783006841,0.0
8427,1.0,0.05,0.00010643441568419925,13.803844814308391,0.00806167923184752,0.2401064783006841,0.0
8428,1.0,0.05,0.00010643441568419925,13.803844814308391,0.00806167923184752,0.2401064783006841,0.0
8429,1.0,0.05,0.00010643441568419925,13.803844814308391,0.00806167923184752,0.1620496244723972,0.0
8430,1.0,0.05,0.00010690554287124104,13.803844814308391,0.00806167923184752,0.1620496244723972,0.0
8431,1.0,0.05,0.00010690554287124104,13.803844814308391,0.00806167923184752,0.1620496244723972,0.0
8432,1.0,0.05,0.00010690554287124104,13.803844814308391,0.007739785038657652,0.1620496244723972,0.0
8433,1.0,0.05,0.00010690554287124104,13.803844814308391,0.007739785038657652,0.1620496244723972,0.0
8434,1.0,0.05,0.00010690554287124104,13.803844814308391,0.007739785038657652,0.1620496244723972,0.0
8435,1.0,0.05,0.00010690554287124104,13.803844814308391,0.007739785038657652,0.1620496244723972,0.0
8436,1.0,0.05,0.00010690554287124104,13.803844814308391,0.007739785038657652,0.1620496244723972,0.0
8437,1.0,0.05,0.00010690554287124104,13.803844814308391,0.007739785038657652,0.1620496244723972,0.0
8438,1.0,0.05,0.00010690554287124104,13.803844814308391,0.007739785038657652,0.1620496244723972,0.0
8439,1.0,0.05,0.00010690554287124104,13.803844814308391,0.007739785038657652,0.1620496244723972,0.0
8440,1.0,0.05,0.00010690554287124104,13.803844814308391,0.008067719766236384,0.1620496244723972,0.0
8441,1.0,0.05,0.00010690554287124104,13.803844814308391,0.008067719766236384,0.1620496244723972,0.0
8442,1.0,0.05,0.00010690554287124104,13.803844814308391,0.008067719766236384,0.1620496244723972,0.0
8443,1.0,0.05,0.00010690554287124104,13.803844814308391,0.008067719766236384,0.1620496244723972,0.0
8444,1.0,0.05,0.00010690554287124104,16.357403900759323,0.008571661296984164,0.1620496244723972,0.0
8445,1.0,0.05,0.00010690554287124104,16.357403900759323,0.008571661296984164,0.1620496244723972,0.0
8446,1.0,0.05,0.00010690554287124104,19.270540158337027,0.008571661296984164,0.1620496244723972,0.0
8447,1.0,0.05,0.00010690554287124104,19.270540158337027,0.008571661296984164,0.1620496244723972,0.0
8448,1.0,0.05,0.00010690554287124104,16.339321514155245,0.008571661296984164,0.1620496244723972,0.0
8449,1.0,0.05,0.00010690554287124104,15.364101994283061,0.008571661296984164,0.1620496244723972,0.0
8450,1.0,0.05,0.00010875122670907926,15.364101994283061,0.008571661296984164,0.17476383700127798,0.0
8451,1.0,0.05,0.00010875122670907926,15.364101994283061,0.008571661296984164,0.17476383700127798,0.0
8452,1.0,0.05,0.00011107120380984173,12.384386772644817,0.008571661296984164,0.17476383700127798,0.0
8453,1.0,0.05,0.00011107120380984173,12.384386772644817,0.008571661296984164,0.17476383700127798,0.0
8454,1.0,0.05,0.00011107120380984173,12.384386772644817,0.008571661296984164,0.17476383700127798,0.0
8455,1.0,0.05,0.00011107120380984173,12.384386772644817,0.00721030953258269,0.17476383700127798,0.0
8456,1.0,0.05,0.00011107120380984173,12.384386772644817,0.00721030953258269,0.15494369653312137,0.0
8457,1.0,0.05,0.0001143628848423242,12.384386772644817,0.007699135210349429,0.15494369653312137,0.0
8458,1.0,0.05,0.0001143628848423242,12.386569709931749,0.007699135210349429,0.12452944758481807,0.0
8459,1.0,0.05,0.0001143628848423242,12.386569709931749,0.007343921321631834,0.12452944758481807,0.0
8460,1.0,0.05,0.0001143628848423242,12.386569709931749,0.007343921321631834,0.12452944758481807,0.0
8461,1.0,0.05,0.0001143628848423242,12.386569709931749,0.007343921321631834,0.12452944758481807,0.0
8462,1.0,0.05,0.0001143628848423242,12.386569709931749,0.008052501200078749,0.12452944758481807,0.0
8463,1.0,0.05,0.0001143628848423242,12.386569709931749,0.0077572223091627295,0.1550179387890608,0.0
8464,1.0,0.05,0.0001143628848423242,12.386569709931749,0.007671866679832613,0.1550179387890608,0.0
8465,1.0,0.05,0.0001143628848423242,12.386569709931749,0.008090503035349054,0.1550179387890608,0.0
8466,1.0,0.05,0.00011176066509193845,12.705935579720602,0.008090503035349054,0.1550179387890608,0.0
8467,1.0,0.05,0.00011176066509193845,12.705935579720602,0.007241328502450673,0.1550179387890608,0.0
8468,1.0,0.05,0.00011121788503847453,12.705935579720602,0.007241328502450673,0.1550179387890608,0.0
8469,1.0,0.05,0.00011121788503847453,12.705935579720602,0.007241328502450673,0.1550179387890608,0.0
8470,1.0,0.05,0.00011121788503847453,12.705935579720602,0.00805507970228486,0.1550179387890608,0.0
8471,1.0,0.05,0.00011121788503847453,12.705935579720602,0.00805507970228486,0.1550179387890608,0.0
8472,1.0,0.05,0.00011121788503847453,12.705935579720602,0.00805507970228486,0.1550179387890608,0.0
8473,1.0,0.05,0.00011121788503847453,12.705935579720602,0.007391432613064145,0.1550179387890608,0.0
8474,1.0,0.05,0.00011121788503847453,12.705935579720602,0.007391432613064145,0.1550179387890608,0.0
8475,1.0,0.05,0.00011121788503847453,12.705935579720602,0.007391432613064145,0.1550179387890608,0.0
8476,1.0,0.05,0.00011121788503847453,12.705935579720602,0.007391432613064145,0.13334308613100015,0.0
8477,1.0,0.05,0.00011121788503847453,12.705935579720602,0.007391432613064145,0.12674337607189076,0.0
8478,1.0,0.05,0.00011121788503847453,12.705935579720602,0.007391432613064145,0.12674337607189076,0.0
8479,1.0,0.05,0.00011121788503847453,14.880494771710275,0.007202751012524729,0.12674337607189076,0.0
8480,1.0,0.05,0.00011121788503847453,14.880494771710275,0.007202751012524729,0.12674337607189076,0.0
8481,1.0,0.05,0.00011121788503847453,14.880494771710275,0.007202751012524729,0.12674337607189076,0.0
8482,1.0,0.05,0.00011121788503847453,14.880494771710275,0.007202751012524729,0.12674337607189076,0.0
8483,1.0,0.05,0.00011121788503847453,14.880494771710275,0.007202751012524729,0.12674337607189076,0.0
8484,1.0,0.05,0.00011121788503847453,14.880494771710275,0.008094743998239855,0.12674337607189076,0.0
8485,1.0,0.05,0.00011791338387541066,14.880494771710275,0.007770735171386568,0.12674337607189076,0.0
8486,1.0,0.05,0.00011539880093708644,14.880494771710275,0.007770735171386568,0.12674337607189076,0.0
8487,1.0,0.05,0.00011539880093708644,14.880494771710275,0.007770735171386568,0.12674337607189076,0.0
8488,1.0,0.05,0.00011539880093708644,14.880494771710275,0.007770735171386568,0.12674337607189076,0.0
8489,1.0,0.05,0.00011539880093708644,14.880494771710275,0.007770735171386568,0.12674337607189076,0.0
8490,1.0,0.05,0.00011539880093708644,9.761936157103207,0.007770735171386568,0.12674337607189076,0.0
8491,1.0,0.05,0.00011539880093708644,9.761936157103207,0.007770735171386568,0.12674337607189076,0.0
8492,1.0,0.05,0.00011539880093708644,9.761936157103207,0.007770735171386568,0.12674337607189076,0.0
8493,1.0,0.05,0.00011539880093708644,9.761936157103207,0.007770735171386568,0.12674337607189076,0.0
8494,1.0,0.05,0.00011539880093708644,9.761936157103207,0.0073432934637177524,0.12674337607189076,0.0
8495,1.0,0.05,0.00011539880093708644,9.761936157103207,0.0073432934637177524,0.12674337607189076,0.0
8496,1.0,0.05,0.00011539880093708644,9.761936157103207,0.0073432934637177524,0.15071802869305434,0.0
8497,1.0,0.05,0.0001137351937376637,9.761936157103207,0.0073432934637177524,0.15071802869305434,0.0
8498,1.0,0.05,0.0001137351937376637,9.761936157103207,0.0073432934637177524,0.168703454765897,0.0
8499,1.0,0.05,0.0001137351937376637,9.761936157103207,0.008214377040227372,0.1629733447138177,0.0
8500,1.0,0.05,0.0001137351937376637,9.761936157103207,0.008214377040227372,0.1542216202285507,0.0
8501,1.0,0.05,0.0001137351937376637,9.761936157103207,0.008214377040227372,0.19589251019975248,0.0
8502,1.0,0.05,0.0001137351937376637,9.761936157103207,0.008214377040227372,0.19589251019975248,0.0
8503,1.0,0.05,0.0001137351937376637,9.761936157103207,0.006984745945298231,0.19589251019975248,0.0
8504,1.0,0.05,0.0001137351937376637,9.761936157103207,0.006853609800100553,0.15388297261871808,0.0
8505,1.0,0.05,0.00012003557975791865,8.969482267530026,0.006853609800100553,0.15388297261871808,0.0
8506,1.0,0.05,0.00012003557975791865,8.969482267530026,0.006730838020631933,0.15388297261871808,0.0
8507,1.0,0.05,0.00012003557975791865,8.969482267530026,0.006569856601839234,0.1606264280672769,0.0
8508,1.0,0.05,0.00012003557975791865,8.969482267530026,0.006569856601839234,0.1606264280672769,0.0
8509,1.0,0.05,0.00012127155828138243,7.508203957315217,0.006569856601839234,0.1606264280672769,0.0
8510,1.0,0.05,0.00012127155828138243,7.508203957315217,0.006569856601839234,0.12033937077476997,0.0
8511,1.0,0.05,0.00012127155828138243,10.527466231099766,0.006691441292238405,0.12033937077476997,0.0
8512,1.0,0.05,0.00012127155828138243,10.527466231099766,0.006691441292238405,0.12033937077476997,0.0
8513,1.0,0.05,0.00012127155828138243,10.527466231099766,0.006691441292238405,0.12033937077476997,0.0
8514,1.0,0.05,0.00012127155828138243,10.527466231099766,0.006691441292238405,0.12033937077476997,0.0
8515,1.0,0.05,0.00012127155828138243,10.527466231099766,0.006691441292238405,0.12033937077476997,0.0
8516,1.0,0.05,0.00012127155828138243,10.527466231099766,0.006691441292238405,0.12033937077476997,0.0
8517,1.0,0.05,0.00012127155828138243,10.527466231099766,0.006691441292238405,0.12033937077476997,0.0
8518,1.0,0.05,0.00012127155828138243,10.527466231099766,0.006691441292238405,0.12033937077476997,0.0
8519,1.0,0.05,0.00012127155828138243,10.527466231099766,0.006691441292238405,0.12033937077476997,0.0
8520,1.0,0.05,0.00012127155828138243,10.527466231099766,0.006691441292238405,0.12033937077476997,0.0
8521,1.0,0.05,0.00012017611521661995,10.527466231099766,0.006691441292238405,0.12033937077476997,0.0
8522,1.0,0.05,0.00012017611521661995,10.527466231099766,0.006691441292238405,0.12033937077476997,0.0
8523,1.0,0.05,0.00012017611521661995,10.527466231099766,0.006691441292238405,0.12033937077476997,0.0
8524,1.0,0.05,0.00012017611521661995,10.527466231099766,0.006691441292238405,0.12033937077476997,0.0
8525,1.0,0.05,0.00012017611521661995,10.527466231099766,0.006691441292238405,0.12033937077476997,0.0
8526,1.0,0.05,0.00012017611521661995,12.418023110197936,0.006691441292238405,0.12033937077476997,0.0
8527,1.0,0.05,0.00012017611521661995,12.418023110197936,0.006691441292238405,0.12033937077476997,0.0
8528,1.0,0.05,0.00012017611521661995,12.418023110197936,0.006691441292238405,0.12033937077476997,0.0
8529,1.0,0.05,0.00012017611521661995,12.418023110197936,0.007147510928934707,0.12033937077476997,0.0
8530,1.0,0.05,0.00012017611521661995,12.418023110197936,0.007147510928934707,0.12033937077476997,0.0
8531,1.0,0.05,0.00012017611521661995,12.418023110197936,0.007147510928934707,0.12033937077476997,0.0
8532,1.0,0.05,0.00012017611521661995,12.418023110197936,0.007147510928934707,0.12033937077476997,0.0
8533,1.0,0.05,0.00012017611521661995,9.85205982786492,0.007147510928934707,0.12033937077476997,0.0
8534,1.0,0.05,0.00012017611521661995,9.85205982786492,0.007147510928934707,0.159438841476918,0.0
8535,1.0,0.05,0.00012017611521661995,9.85205982786492,0.007147510928934707,0.159438841476918,0.0
8536,1.0,0.05,0.00012017611521661995,9.85205982786492,0.007147510928934707,0.159438841476918,0.0
8537,1.0,0.05,0.00012246134026775595,9.85205982786492,0.007147510928934707,0.1514586838290837,0.0
8538,1.0,0.05,0.00012246134026775595,9.85205982786492,0.007147510928934707,0.1514586838290837,0.0
8539,1.0,0.05,0.00012703783274178727,9.85205982786492,0.007147510928934707,0.1330354078870296,0.0
8540,1.0,0.05,0.00012703783274178727,9.85205982786492,0.006711883555830104,0.1330354078870296,0.0
8541,1.0,0.05,0.00012703783274178727,9.85205982786492,0.006711883555830104,0.1330354078870296,0.0
8542,1.0,0.05,0.00012703783274178727,9.85205982786492,0.006564313167521224,0.1330354078870296,0.0
8543,1.0,0.05,0.00012703783274178727,9.85205982786492,0.006564313167521224,0.1330354078870296,0.0
8544,1.0,0.05,0.00012703783274178727,9.85205982786492,0.006564313167521224,0.1330354078870296,0.0
8545,1.0,0.05,0.00012703783274178727,9.85205982786492,0.006564313167521224,0.12801936745100626,0.0
8546,1.0,0.05,0.00012703783274178727,9.85205982786492,0.006564313167521224,0.13167554001080964,0.0
8547,1.0,0.05,0.00012703783274178727,9.85205982786492,0.007611493347227984,0.10634643281899328,0.0
8548,1.0,0.05,0.00012375503708866073,9.85205982786492,0.007611493347227984,0.10634643281899328,0.0
8549,1.0,0.05,0.00012375503708866073,14.912618115970687,0.007611493347227984,0.10634643281899328,0.0
8550,1.0,0.05,0.00012375503708866073,10.68255077153266,0.007621477710451443,0.10634643281899328,0.0
8551,1.0,0.05,0.00012375503708866073,10.68255077153266,0.006414536228037253,0.11116732395214865,0.0
8552,1.0,0.05,0.00012375503708866073,10.68255077153266,0.006414536228037253,0.11116732395214865,0.0
8553,1.0,0.05,0.0001260756610505708,10.68255077153266,0.006453744023421126,0.09780362414514082,0.0
8554,1.0,0.05,0.0001260756610505708,10.68255077153266,0.006453744023421126,0.09780362414514082,0.0
8555,1.0,0.05,0.0001260756610505708,10.68255077153266,0.006453744023421126,0.09780362414514082,0.0
8556,1.0,0.05,0.0001260756610505708,10.68255077153266,0.006453744023421126,0.10728250049711079,0.0
8557,1.0,0.05,0.0001260756610505708,10.68255077153266,0.006453744023421126,0.10728250049711079,0.0
8558,1.0,0.05,0.0001260756610505708,10.68255077153266,0.006453744023421126,0.10728250049711079,0.0
8559,1.0,0.05,0.0001260756610505708,12.871819895965913,0.006453744023421126,0.10728250049711079,0.0
8560,1.0,0.05,0.0001260756610505708,12.871819895965913,0.007028420044022979,0.10728250049711079,0.0
8561,1.0,0.05,0.0001260756610505708,12.871819895965913,0.007028420044022979,0.10728250049711079,0.0
8562,1.0,0.05,0.00012095355686037021,12.871819895965913,0.007028420044022979,0.12974533907720268,0.0
8563,1.0,0.05,0.00012095355686037021,11.064838628359766,0.007028420044022979,0.09922986594472728,0.0
8564,1.0,0.05,0.00012095355686037021,11.064838628359766,0.007028420044022979,0.09922986594472728,0.0
8565,1.0,0.05,0.00012095355686037021,11.064838628359766,0.007028420044022979,0.09922986594472728,0.0
8566,1.0,0.05,0.00012095355686037021,11.064838628359766,0.007028420044022979,0.09346145264708838,0.0
8567,1.0,0.05,0.00012095355686037021,11.064838628359766,0.007028420044022979,0.09346145264708838,0.0
8568,1.0,0.05,0.00012095355686037021,11.064838628359766,0.006769414125153479,0.10279727246577537,0.0
8569,1.0,0.05,0.00012095355686037021,11.064838628359766,0.006769414125153479,0.10279727246577537,0.0
8570,1.0,0.05,0.00012095355686037021,11.064838628359766,0.006769414125153479,0.10279727246577537,0.0
8571,1.0,0.05,0.00012095355686037021,11.064838628359766,0.006769414125153479,0.10279727246577537,0.0
8572,1.0,0.05,0.00012095355686037021,11.064838628359766,0.006769414125153479,0.10279727246577537,0.0
8573,1.0,0.05,0.00012095355686037021,11.064838628359766,0.006769414125153479,0.10279727246577537,0.0
8574,1.0,0.05,0.00012094849572890078,11.064838628359766,0.006769414125153479,0.10308041588387715,0.0
8575,1.0,0.05,0.00012094849572890078,13.281490098077953,0.006769414125153479,0.11835647269953717,0.0
8576,1.0,0.05,0.00012094849572890078,11.897442059607386,0.006769414125153479,0.11835647269953717,0.0
8577,1.0,0.05,0.00012094849572890078,11.897442059607386,0.00707534013064103,0.11835647269953717,0.0
8578,1.0,0.05,0.00012094849572890078,11.897442059607386,0.00707534013064103,0.11835647269953717,0.0
8579,1.0,0.05,0.00011957479205555338,11.897442059607386,0.00707534013064103,0.11835647269953717,0.0
8580,1.0,0.05,0.00011957479205555338,11.897442059607386,0.00707534013064103,0.11835647269953717,0.0
8581,1.0,0.05,0.00011957479205555338,11.897442059607386,0.00707534013064103,0.11835647269953717,0.0
8582,1.0,0.05,0.00011957479205555338,11.897442059607386,0.00707534013064103,0.11835647269953717,0.0
8583,1.0,0.05,0.00011957479205555338,11.897442059607386,0.00707534013064103,0.11835647269953717,0.0
8584,1.0,0.05,0.00011803616839017188,11.897442059607386,0.00707534013064103,0.11835647269953717,0.0
8585,1.0,0.05,0.00011803616839017188,10.694599714141347,0.00707534013064103,0.11835647269953717,0.0
8586,1.0,0.05,0.00011803616839017188,10.694599714141347,0.00707534013064103,0.11835647269953717,0.0
8587,1.0,0.05,0.00011803616839017188,10.694599714141347,0.00707534013064103,0.11835647269953717,0.0
8588,1.0,0.05,0.00011660623255897996,10.694599714141347,0.00707534013064103,0.11835647269953717,0.0
8589,1.0,0.05,0.00011660623255897996,10.694599714141347,0.00707534013064103,0.11835647269953717,0.0
8590,1.0,0.05,0.00011660623255897996,9.173355102664019,0.006929296981066148,0.11835647269953717,0.0
8591,1.0,0.05,0.00011660623255897996,9.173355102664019,0.006929296981066148,0.11835647269953717,0.0
8592,1.0,0.05,0.00011660623255897996,9.173355102664019,0.006735595059581443,0.12943039896380032,0.0
8593,1.0,0.05,0.00011660623255897996,9.173355102664019,0.006735595059581443,0.12943039896380032,0.0
8594,1.0,0.05,0.00011660623255897996,9.173355102664019,0.006735595059581443,0.1775098443666691,0.0
8595,1.0,0.05,0.00011660623255897996,9.173355102664019,0.006735595059581443,0.1775098443666691,0.0
8596,1.0,0.05,0.00011660623255897996,9.173355102664019,0.006735595059581443,0.1775098443666691,0.0
8597,1.0,0.05,0.00011660623255897996,9.173355102664019,0.006735595059581443,0.1775098443666691,0.0
8598,1.0,0.05,0.00011660623255897996,9.173355102664019,0.006735595059581443,0.1775098443666691,0.0
8599,1.0,0.05,0.00011660623255897996,9.173355102664019,0.006878179628902255,0.14956182672356394,0.0
8600,1.0,0.05,0.00011660623255897996,9.173355102664019,0.006371435976365528,0.14956182672356394,0.0
8601,1.0,0.05,0.00011660623255897996,9.873627294844994,0.006371435976365528,0.14956182672356394,0.0
8602,1.0,0.05,0.00011660623255897996,11.1475740460168,0.007635246553211895,0.14956182672356394,0.0
8603,1.0,0.05,0.00011660623255897996,11.1475740460168,0.007660397716208517,0.14956182672356394,0.0
8604,1.0,0.05,0.00011660623255897996,11.1475740460168,0.007660397716208517,0.14956182672356394,0.0
8605,1.0,0.05,0.00011660623255897996,14.037306935096794,0.007660397716208517,0.1322805389810754,0.0
8606,1.0,0.05,0.00011660623255897996,14.037306935096794,0.007660397716208517,0.1322805389810754,0.0
8607,1.0,0.05,0.00011660623255897996,14.037306935096794,0.007660397716208517,0.1322805389810754,0.0
8608,1.0,0.05,0.00011599548699082301,14.501916141561779,0.007660397716208517,0.1322805389810754,0.0
8609,1.0,0.05,0.00011599548699082301,14.501916141561779,0.007660397716208517,0.1322805389810754,0.0
8610,1.0,0.05,0.00011599548699082301,14.501916141561779,0.007660397716208517,0.1322805389810754,0.0
8611,1.0,0.05,0.00011599548699082301,9.802720706819784,0.007660397716208517,0.1322805389810754,0.0
8612,1.0,0.05,0.00011730983960122069,9.802720706819784,0.007660397716208517,0.1322805389810754,0.0
8613,1.0,0.05,0.00011730983960122069,9.802720706819784,0.007660397716208517,0.1322805389810754,0.0
8614,1.0,0.05,0.00011697811034449455,9.802720706819784,0.006442905234749532,0.1322805389810754,0.0
8615,1.0,0.05,0.00011697811034449455,9.802720706819784,0.006442905234749532,0.1322805389810754,0.0
8616,1.0,0.05,0.00011697811034449455,9.802720706819784,0.006442905234749532,0.1322805389810754,0.0
8617,1.0,0.05,0.00011697811034449455,9.802720706819784,0.006442905234749532,0.1322805389810754,0.0
8618,1.0,0.05,0.00011697811034449455,9.802720706819784,0.006442905234749532,0.1322805389810754,0.0
8619,1.0,0.05,0.00011697811034449455,9.802720706819784,0.006321972417203433,0.1322805389810754,0.0
8620,1.0,0.05,0.00012842532103407833,9.802720706819784,0.006321972417203433,0.1322805389810754,0.0
8621,1.0,0.05,0.00012842532103407833,9.802720706819784,0.006321972417203433,0.1322805389810754,0.0
8622,1.0,0.05,0.00012842532103407833,9.802720706819784,0.006321972417203433,0.1322805389810754,0.0
8623,1.0,0.05,0.00012842532103407833,9.802720706819784,0.006321972417203433,0.1322805389810754,0.0
8624,1.0,0.05,0.00012842532103407833,9.802720706819784,0.006321972417203433,0.1322805389810754,0.0
8625,1.0,0.05,0.0001281974711782438,9.802720706819784,0.006321972417203433,0.1322805389810754,0.0
8626,1.0,0.05,0.0001152173075275479,9.802720706819784,0.006321972417203433,0.1322805389810754,0.0
8627,1.0,0.05,0.0001152173075275479,14.0883858675912,0.0064132561249357935,0.1322805389810754,0.0
8628,1.0,0.05,0.0001152173075275479,14.0883858675912,0.006528382980953072,0.1322805389810754,0.0
8629,1.0,0.05,0.0001152173075275479,14.0883858675912,0.006528382980953072,0.1322805389810754,0.0
8630,1.0,0.05,0.0001152173075275479,14.0883858675912,0.006528382980953072,0.1322805389810754,0.0
8631,1.0,0.05,0.0001152173075275479,14.0883858675912,0.006528382980953072,0.1322805389810754,0.0
8632,1.0,0.05,0.0001152173075275479,14.0883858675912,0.006528382980953072,0.1322805389810754,0.0
8633,1.0,0.05,0.00012045635568651057,14.0883858675912,0.006528382980953072,0.1322805389810754,0.0
8634,1.0,0.05,0.00012045635568651057,14.0883858675912,0.006528382980953072,0.1322805389810754,0.0
8635,1.0,0.05,0.00012045635568651057,14.0883858675912,0.006528382980953072,0.1322805389810754,0.0
8636,1.0,0.05,0.00012045635568651057,14.0883858675912,0.007998021030651956,0.12475688769579245,0.0
8637,1.0,0.05,0.00012045635568651057,14.0883858675912,0.007998021030651956,0.12475688769579245,0.0
8638,1.0,0.05,0.00012045635568651057,14.0883858675912,0.007778009198759617,0.12475688769579245,0.0
8639,1.0,0.05,0.00012045635568651057,14.0883858675912,0.007778009198759617,0.12475688769579245,0.0
8640,1.0,0.05,0.00012045635568651057,14.0883858675912,0.007778009198759617,0.09386163099890495,0.0
8641,1.0,0.05,0.00012045635568651057,14.0883858675912,0.006835422672398086,0.09386163099890495,0.0
8642,1.0,0.05,0.00012045635568651057,14.0883858675912,0.006835422672398086,0.09386163099890495,0.0
8643,1.0,0.05,0.00012045635568651057,14.0883858675912,0.006835422672398086,0.10994824744850308,0.0
8644,1.0,0.05,0.00012045635568651057,14.0883858675912,0.006835422672398086,0.10994824744850308,0.0
8645,1.0,0.05,0.00012045635568651057,14.0883858675912,0.006835422672398086,0.10994824744850308,0.0
8646,1.0,0.05,0.00012045635568651057,14.0883858675912,0.006835422672398086,0.10994824744850308,0.0
8647,1.0,0.05,0.00012045635568651057,14.0883858675912,0.006613422186362677,0.09115369956375859,0.0
8648,1.0,0.05,0.00012555219482428726,14.0883858675912,0.006849155646628192,0.09115369956375859,0.0
8649,1.0,0.05,0.00012555219482428726,14.0883858675912,0.006849155646628192,0.10876473621245929,0.0
8650,1.0,0.05,0.00012555219482428726,14.0883858675912,0.006849155646628192,0.10876473621245929,0.0
8651,1.0,0.05,0.00012555219482428726,14.0883858675912,0.006849155646628192,0.10876473621245929,0.0
8652,1.0,0.05,0.00012555219482428726,15.849886097309906,0.007666221316080917,0.10876473621245929,0.0
8653,1.0,0.05,0.00012555219482428726,15.849886097309906,0.007666221316080917,0.11036816635054965,0.0
8654,1.0,0.05,0.00012555219482428726,15.609009220332041,0.006940322369639664,0.11036816635054965,0.0
8655,1.0,0.05,0.00012555219482428726,15.609009220332041,0.006940322369639664,0.11036816635054965,0.0
8656,1.0,0.05,0.00012555219482428726,15.609009220332041,0.0061411352131119585,0.08885205959642317,0.0
8657,1.0,0.05,0.00012555219482428726,15.609009220332041,0.0061411352131119585,0.08885205959642317,0.0
8658,1.0,0.05,0.00012555219482428726,13.526401681884948,0.005645282693024012,0.08885205959642317,0.0
8659,1.0,0.05,0.00012878258648988587,13.526401681884948,0.005645282693024012,0.08885205959642317,0.0
8660,1.0,0.05,0.00012878258648988587,13.526401681884948,0.005645282693024012,0.08885205959642317,0.0
8661,1.0,0.05,0.00012811132757620483,13.526401681884948,0.005645282693024012,0.08885205959642317,0.0
8662,1.0,0.05,0.00012811132757620483,13.526401681884948,0.005645282693024012,0.10131860379491979,0.0
8663,1.0,0.05,0.00012811132757620483,13.526401681884948,0.006963013364230228,0.08610837279751704,0.0
8664,1.0,0.05,0.00012811132757620483,13.526401681884948,0.006963013364230228,0.08610837279751704,0.0
8665,1.0,0.05,0.00012811132757620483,13.678314741592118,0.006963013364230228,0.09676567012144877,0.0
8666,1.0,0.05,0.00012811132757620483,13.678314741592118,0.006299315209286608,0.09676567012144877,0.0
8667,1.0,0.05,0.00012811132757620483,8.91172245734262,0.006299315209286608,0.09676567012144877,0.0
8668,1.0,0.05,0.00012811132757620483,8.91172245734262,0.006299315209286608,0.09676567012144877,0.0
8669,1.0,0.05,0.00012811132757620483,8.91172245734262,0.006299315209286608,0.09676567012144877,0.0
8670,1.0,0.05,0.00012811132757620483,8.91172245734262,0.006299315209286608,0.09676567012144877,0.0
8671,1.0,0.05,0.00012811132757620483,8.91172245734262,0.006299315209286608,0.09339034077907046,0.0
8672,1.0,0.05,0.00012811132757620483,13.218980170978597,0.006299315209286608,0.09339034077907046,0.0
8673,1.0,0.05,0.00012811132757620483,10.108133975663407,0.006299315209286608,0.09339034077907046,0.0
8674,1.0,0.05,0.00012811132757620483,10.108133975663407,0.006299315209286608,0.09339034077907046,0.0
8675,1.0,0.05,0.00012811132757620483,9.939384468536062,0.006299315209286608,0.09339034077907046,0.0
8676,1.0,0.05,0.00012912171959602385,9.939384468536062,0.006299315209286608,0.09339034077907046,0.0
8677,1.0,0.05,0.00012912171959602385,9.939384468536062,0.006299315209286608,0.09339034077907046,0.0
8678,1.0,0.05,0.00012912171959602385,9.939384468536062,0.006299315209286608,0.09339034077907046,0.0
8679,1.0,0.05,0.00012912171959602385,9.939384468536062,0.006299315209286608,0.09339034077907046,0.0
8680,1.0,0.05,0.00012912171959602385,9.939384468536062,0.006299315209286608,0.09707079493051517,0.0
8681,1.0,0.05,0.00012912171959602385,9.939384468536062,0.006299315209286608,0.09707079493051517,0.0
8682,1.0,0.05,0.00012912171959602385,9.939384468536062,0.006299315209286608,0.09707079493051517,0.0
8683,1.0,0.05,0.00012912171959602385,9.939384468536062,0.006299315209286608,0.09707079493051517,0.0
8684,1.0,0.05,0.00012912171959602385,9.939384468536062,0.006299315209286608,0.09707079493051517,0.0
8685,1.0,0.05,0.00012912171959602385,9.939384468536062,0.006299315209286608,0.09707079493051517,0.0
8686,1.0,0.05,0.00012912171959602385,9.939384468536062,0.005634653091064561,0.09707079493051517,0.0
8687,1.0,0.05,0.00012912171959602385,9.939384468536062,0.005634653091064561,0.10497479437589918,0.0
8688,1.0,0.05,0.00012912171959602385,9.939384468536062,0.005634653091064561,0.08537239768219543,0.0
8689,1.0,0.05,0.00012912171959602385,9.939384468536062,0.005634653091064561,0.08537239768219543,0.0
8690,1.0,0.05,0.00012912171959602385,9.939384468536062,0.005634653091064561,0.08537239768219543,0.0
8691,1.0,0.05,0.00013110896387100927,9.939384468536062,0.005634653091064561,0.08537239768219543,0.0
8692,1.0,0.05,0.00013110896387100927,9.939384468536062,0.005634653091064561,0.08537239768219543,0.0
8693,1.0,0.05,0.00013110896387100927,14.295109699954864,0.005634653091064561,0.08537239768219543,0.0
8694,1.0,0.05,0.00013110896387100927,11.234230577923853,0.005634653091064561,0.06987816117698126,0.0
8695,1.0,0.05,0.00013110896387100927,11.234230577923853,0.005634653091064561,0.07055191285658026,0.0
8696,1.0,0.05,0.00013110896387100927,11.234230577923853,0.005634653091064561,0.07055191285658026,0.0
8697,1.0,0.05,0.00013110896387100927,11.234230577923853,0.005634653091064561,0.07055191285658026,0.0
8698,1.0,0.05,0.00012836358364318122,11.234230577923853,0.005634653091064561,0.07055191285658026,0.0
8699,1.0,0.05,0.00012836358364318122,11.234230577923853,0.005634653091064561,0.07055191285658026,0.0
8700,1.0,0.05,0.00012836358364318122,11.234230577923853,0.005634653091064561,0.07055191285658026,0.0
8701,1.0,0.05,0.00012836358364318122,11.234230577923853,0.005634653091064561,0.07055191285658026,0.0
8702,1.0,0.05,0.00012836358364318122,11.234230577923853,0.005634653091064561,0.07055191285658026,0.0
8703,1.0,0.05,0.00012836358364318122,11.234230577923853,0.005634653091064561,0.07055191285658026,0.0
8704,1.0,0.05,0.00012836358364318122,11.234230577923853,0.005634653091064561,0.07271928356911654,0.0
8705,1.0,0.05,0.00012836358364318122,11.234230577923853,0.005634653091064561,0.07271928356911654,0.0
8706,1.0,0.05,0.00012836358364318122,11.972575617327848,0.0061024629968127455,0.07271928356911654,0.0
8707,1.0,0.05,0.00012836358364318122,11.972575617327848,0.0061024629968127455,0.07271928356911654,0.0
8708,1.0,0.05,0.00012836358364318122,11.972575617327848,0.0061024629968127455,0.07271928356911654,0.0
8709,1.0,0.05,0.00012836358364318122,11.972575617327848,0.0061024629968127455,0.07271928356911654,0.0
8710,1.0,0.05,0.00012836358364318122,11.972575617327848,0.0061024629968127455,0.07271928356911654,0.0
8711,1.0,0.05,0.00012727916555642848,11.551504090664722,0.0061024629968127455,0.07271928356911654,0.0
8712,1.0,0.05,0.00012727916555642848,13.318602160476715,0.0061024629968127455,0.07271928356911654,0.0
8713,1.0,0.05,0.00012727916555642848,13.318602160476715,0.0061024629968127455,0.07271928356911654,0.0
8714,1.0,0.05,0.00012727916555642848,13.318602160476715,0.0061024629968127455,0.07271928356911654,0.0
8715,1.0,0.05,0.00012727916555642848,13.318602160476715,0.0061024629968127455,0.07271928356911654,0.0
8716,1.0,0.05,0.00012727916555642848,13.318602160476715,0.0061024629968127455,0.07271928356911654,0.0
8717,1.0,0.05,0.00012727916555642848,12.993777200504766,0.0061024629968127455,0.07698730940226653,0.0
8718,1.0,0.05,0.00012727916555642848,8.670877862890066,0.005995556318119102,0.07698730940226653,0.0
8719,1.0,0.05,0.00012727916555642848,8.670877862890066,0.005995556318119102,0.10218662257427044,0.0
8720,1.0,0.05,0.00012727916555642848,8.670877862890066,0.005995556318119102,0.10218662257427044,0.0
8721,1.0,0.05,0.00012727916555642848,8.670877862890066,0.005995556318119102,0.10218662257427044,0.0
8722,1.0,0.05,0.00012727916555642848,9.64892501117032,0.005995556318119102,0.10218662257427044,0.0
8723,1.0,0.05,0.00012727916555642848,9.64892501117032,0.005995556318119102,0.10218662257427044,0.0
8724,1.0,0.05,0.00012727916555642848,9.64892501117032,0.005995556318119102,0.10218662257427044,0.0
8725,1.0,0.05,0.00012727916555642848,9.64892501117032,0.0057895079900607445,0.10218662257427044,0.0
8726,1.0,0.05,0.00012727916555642848,9.64892501117032,0.0057895079900607445,0.11858443142655012,0.0
8727,1.0,0.05,0.00012727916555642848,9.64892501117032,0.0057895079900607445,0.11858443142655012,0.0
8728,1.0,0.05,0.00012727916555642848,9.64892501117032,0.0074822558673656205,0.11858443142655012,0.0
8729,1.0,0.05,0.00012727916555642848,9.64892501117032,0.0074822558673656205,0.11858443142655012,0.0
8730,1.0,0.05,0.00012727916555642848,9.64892501117032,0.006876315193858161,0.11604593394460958,0.0
8731,1.0,0.05,0.00012727916555642848,9.64892501117032,0.006876315193858161,0.11604593394460958,0.0
8732,1.0,0.05,0.00012727916555642848,9.64892501117032,0.005726562427519505,0.11604593394460958,0.0
8733,1.0,0.05,0.00012727916555642848,9.64892501117032,0.005726562427519505,0.11604593394460958,0.0
8734,1.0,0.05,0.00013197440158250505,9.64892501117032,0.005726562427519505,0.10673362202595732,0.0
8735,1.0,0.05,0.0001327812454380785,9.64892501117032,0.005726562427519505,0.10673362202595732,0.0
8736,1.0,0.05,0.0001327812454380785,9.64892501117032,0.005726562427519505,0.10673362202595732,0.0
8737,1.0,0.05,0.0001327812454380785,9.64892501117032,0.005726562427519505,0.10673362202595732,0.0
8738,1.0,0.05,0.0001327812454380785,9.64892501117032,0.005726562427519505,0.10673362202595732,0.0
8739,1.0,0.05,0.0001327812454380785,9.64892501117032,0.005726562427519505,0.10673362202595732,0.0
8740,1.0,0.05,0.0001327812454380785,9.64892501117032,0.005726562427519505,0.10673362202595732,0.0
8741,1.0,0.05,0.00012621119133829044,9.642669601049292,0.005726562427519505,0.08796249025864575,0.0
8742,1.0,0.05,0.00012621119133829044,9.642669601049292,0.005726562427519505,0.08796249025864575,0.0
8743,1.0,0.05,0.00012621119133829044,9.642669601049292,0.005726562427519505,0.08796249025864575,0.0
8744,1.0,0.05,0.00012621119133829044,9.642669601049292,0.005726562427519505,0.08796249025864575,0.0
8745,1.0,0.05,0.00012621119133829044,9.642669601049292,0.005726562427519505,0.08796249025864575,0.0
8746,1.0,0.05,0.00012621119133829044,9.642669601049292,0.005726562427519505,0.08796249025864575,0.0
8747,1.0,0.05,0.00012621119133829044,9.642669601049292,0.005726562427519505,0.12070934034758556,0.0
8748,1.0,0.05,0.00012621119133829044,9.642669601049292,0.00730128371227215,0.12070934034758556,0.0
8749,1.0,0.05,0.00012621119133829044,9.642669601049292,0.007196985556720703,0.09903266826767411,0.0
8750,1.0,0.05,0.00012167200699568005,9.642669601049292,0.007196985556720703,0.09903266826767411,0.0
8751,1.0,0.05,0.00012167200699568005,9.642669601049292,0.007196985556720703,0.17186211262808396,0.0
8752,1.0,0.05,0.00012167200699568005,9.642669601049292,0.006809609028694072,0.09615957910308061,0.0
8753,1.0,0.05,0.00012167200699568005,9.642669601049292,0.006809609028694072,0.13948602746076652,0.0
8754,1.0,0.05,0.00012167200699568005,9.642669601049292,0.006723753120025047,0.13948602746076652,0.0
8755,1.0,0.05,0.00012167200699568005,9.642669601049292,0.006723753120025047,0.13948602746076652,0.0
8756,1.0,0.05,0.00012167200699568005,9.642669601049292,0.007483443028619671,0.13948602746076652,0.0
8757,1.0,0.05,0.00011844821570577833,9.642669601049292,0.007483443028619671,0.14174826787493264,0.0
8758,1.0,0.05,0.00011844821570577833,9.642669601049292,0.007483443028619671,0.14174826787493264,0.0
8759,1.0,0.05,0.00011584379415541619,9.642669601049292,0.007483443028619671,0.14174826787493264,0.0
8760,1.0,0.05,0.00011584379415541619,9.642669601049292,0.007483443028619671,0.14174826787493264,0.0
8761,1.0,0.05,0.00011584379415541619,9.642669601049292,0.007483443028619671,0.14174826787493264,0.0
8762,1.0,0.05,0.00011584379415541619,9.642669601049292,0.007483443028619671,0.14174826787493264,0.0
8763,1.0,0.05,0.00011584379415541619,9.642669601049292,0.007483443028619671,0.14827585594306658,0.0
8764,1.0,0.05,0.00011584379415541619,9.642669601049292,0.007483443028619671,0.14827585594306658,0.0
8765,1.0,0.05,0.00011584379415541619,9.642669601049292,0.007483443028619671,0.13210643355145113,0.0
8766,1.0,0.05,0.00012327735624263994,9.642669601049292,0.007483443028619671,0.13210643355145113,0.0
8767,1.0,0.05,0.00012327735624263994,9.642669601049292,0.007483443028619671,0.13210643355145113,0.0
8768,1.0,0.05,0.00012327735624263994,9.642669601049292,0.007222252553938505,0.13210643355145113,0.0
8769,1.0,0.05,0.00012327735624263994,9.642669601049292,0.006036788736010823,0.13210643355145113,0.0
8770,1.0,0.05,0.00012327735624263994,9.642669601049292,0.006036788736010823,0.13210643355145113,0.0
8771,1.0,0.05,0.00012327735624263994,9.642669601049292,0.006036788736010823,0.13210643355145113,0.0
8772,1.0,0.05,0.00012327735624263994,9.642669601049292,0.006036788736010823,0.13210643355145113,0.0
8773,1.0,0.05,0.00012327735624263994,9.762647718795307,0.006036788736010823,0.12062134384194784,0.0
8774,1.0,0.05,0.00012327735624263994,9.762647718795307,0.006036788736010823,0.12062134384194784,0.0
8775,1.0,0.05,0.00012327735624263994,9.762647718795307,0.007127324406220212,0.12062134384194784,0.0
8776,1.0,0.05,0.00012327735624263994,9.762647718795307,0.007127324406220212,0.12062134384194784,0.0
8777,1.0,0.05,0.00012327735624263994,14.098411959076643,0.007127324406220212,0.12062134384194784,0.0
8778,1.0,0.05,0.00012327735624263994,14.098411959076643,0.007127324406220212,0.12062134384194784,0.0
8779,1.0,0.05,0.00012327735624263994,14.098411959076643,0.007127324406220212,0.12062134384194784,0.0
8780,1.0,0.05,0.00012327735624263994,14.098411959076643,0.007127324406220212,0.12062134384194784,0.0
8781,1.0,0.05,0.00012327735624263994,14.098411959076643,0.007127324406220212,0.12062134384194784,0.0
8782,1.0,0.05,0.00012327735624263994,14.098411959076643,0.007127324406220212,0.12062134384194784,0.0
8783,1.0,0.05,0.00012327735624263994,14.098411959076643,0.007127324406220212,0.12062134384194784,0.0
8784,1.0,0.05,0.00012327735624263994,14.098411959076643,0.007127324406220212,0.09785480190451884,0.0
8785,1.0,0.05,0.00012327735624263994,14.098411959076643,0.007127324406220212,0.11665150800723242,0.0
8786,1.0,0.05,0.00012327735624263994,8.574666562133132,0.007127324406220212,0.11665150800723242,0.0
8787,1.0,0.05,0.00012327735624263994,8.574666562133132,0.007127324406220212,0.11665150800723242,0.0
8788,1.0,0.05,0.00012327735624263994,8.574666562133132,0.007127324406220212,0.11665150800723242,0.0
8789,1.0,0.05,0.00012532366931055296,8.574666562133132,0.007127324406220212,0.1471171433191173,0.0
8790,1.0,0.05,0.0001167676770531966,8.574666562133132,0.007127324406220212,0.11067260878940346,0.0
8791,1.0,0.05,0.0001167676770531966,8.574666562133132,0.007127324406220212,0.11067260878940346,0.0
8792,1.0,0.05,0.0001167676770531966,15.84328543952958,0.007127324406220212,0.11067260878940346,0.0
8793,1.0,0.05,0.0001167676770531966,9.415777897300131,0.007127324406220212,0.11067260878940346,0.0
8794,1.0,0.05,0.0001167676770531966,9.415777897300131,0.007127324406220212,0.11067260878940346,0.0
8795,1.0,0.05,0.00012442700638641964,9.415777897300131,0.007127324406220212,0.11067260878940346,0.0
8796,1.0,0.05,0.00012442700638641964,9.415777897300131,0.007127324406220212,0.15266141572463113,0.0
8797,1.0,0.05,0.00012442700638641964,9.415777897300131,0.007127324406220212,0.15266141572463113,0.0
8798,1.0,0.05,0.00012725632681781046,9.415777897300131,0.007127324406220212,0.15266141572463113,0.0
8799,1.0,0.05,0.00012725632681781046,9.415777897300131,0.007127324406220212,0.15266141572463113,0.0
8800,1.0,0.05,0.00012277033382226775,9.415777897300131,0.007127324406220212,0.15266141572463113,0.0
8801,1.0,0.05,0.00012277033382226775,9.415777897300131,0.007127324406220212,0.15266141572463113,0.0
8802,1.0,0.05,0.00012277033382226775,7.66057048865629,0.007127324406220212,0.15266141572463113,0.0
8803,1.0,0.05,0.00012277033382226775,7.66057048865629,0.007127324406220212,0.13174660104037172,0.0
8804,1.0,0.05,0.00012277033382226775,7.66057048865629,0.007439389930351332,0.13174660104037172,0.0
8805,1.0,0.05,0.00012277033382226775,7.66057048865629,0.006896144618606619,0.13174660104037172,0.0
8806,1.0,0.05,0.00012277033382226775,7.66057048865629,0.006896144618606619,0.13817717150041064,0.0
8807,1.0,0.05,0.00012277033382226775,8.889705724798944,0.006896144618606619,0.13817717150041064,0.0
8808,1.0,0.05,0.00012277033382226775,8.889705724798944,0.006896144618606619,0.13817717150041064,0.0
8809,1.0,0.05,0.00012277033382226775,8.889705724798944,0.006896144618606619,0.13817717150041064,0.0
8810,1.0,0.05,0.00012277033382226775,7.440218216398591,0.006896144618606619,0.13817717150041064,0.0
8811,1.0,0.05,0.00012277033382226775,7.440218216398591,0.006896144618606619,0.13817717150041064,0.0
8812,1.0,0.05,0.00012277033382226775,7.440218216398591,0.006896144618606619,0.13817717150041064,0.0
8813,1.0,0.05,0.00012277033382226775,7.440218216398591,0.006896144618606619,0.13817717150041064,0.0
8814,1.0,0.05,0.00012558186979188762,7.440218216398591,0.006896144618606619,0.13817717150041064,0.0
8815,1.0,0.05,0.00012378725861900616,7.440218216398591,0.006896144618606619,0.13817717150041064,0.0
8816,1.0,0.05,0.00012378725861900616,7.440218216398591,0.006896144618606619,0.13817717150041064,0.0
8817,1.0,0.05,0.00012378725861900616,7.440218216398591,0.006896144618606619,0.1434616232658959,0.0
8818,1.0,0.05,0.00012378725861900616,7.440218216398591,0.006896144618606619,0.1434616232658959,0.0
8819,1.0,0.05,0.00012378725861900616,7.440218216398591,0.006896144618606619,0.1434616232658959,0.0
8820,1.0,0.05,0.00012186083458686002,7.440218216398591,0.006896144618606619,0.1434616232658959,0.0
8821,1.0,0.05,0.00012186083458686002,7.440218216398591,0.006883422965732538,0.1434616232658959,0.0
8822,1.0,0.05,0.00012186083458686002,7.440218216398591,0.006883422965732538,0.1434616232658959,0.0
8823,1.0,0.05,0.00012186083458686002,7.440218216398591,0.006883422965732538,0.1388356122060112,0.0
8824,1.0,0.05,0.00012186083458686002,7.440218216398591,0.006883422965732538,0.1583319263961252,0.0
8825,1.0,0.05,0.00012186083458686002,7.440218216398591,0.006883422965732538,0.1583319263961252,0.0
8826,1.0,0.05,0.00012186083458686002,7.440218216398591,0.006883422965732538,0.13267223740647702,0.0
8827,1.0,0.05,0.00012186083458686002,7.440218216398591,0.006883422965732538,0.13267223740647702,0.0
8828,1.0,0.05,0.00012186083458686002,7.440218216398591,0.006965751562627394,0.13267223740647702,0.0
8829,1.0,0.05,0.00012186083458686002,7.440218216398591,0.006965751562627394,0.1595489412647606,0.0
8830,1.0,0.05,0.00012186083458686002,7.020506043836107,0.006965751562627394,0.1595489412647606,0.0
8831,1.0,0.05,0.00011577841599282045,7.020506043836107,0.006965751562627394,0.1595489412647606,0.0
8832,1.0,0.05,0.00011577841599282045,7.020506043836107,0.006965751562627394,0.1595489412647606,0.0
8833,1.0,0.05,0.00011577841599282045,8.047939554688412,0.006965751562627394,0.1595489412647606,0.0
8834,1.0,0.05,0.00011577841599282045,8.047939554688412,0.006965751562627394,0.1595489412647606,0.0
8835,1.0,0.05,0.00011577841599282045,8.047939554688412,0.006965751562627394,0.1595489412647606,0.0
8836,1.0,0.05,0.00011577841599282045,8.047939554688412,0.006965751562627394,0.1595489412647606,0.0
8837,1.0,0.05,0.00011577841599282045,8.047939554688412,0.006424291911567262,0.1595489412647606,0.0
8838,1.0,0.05,0.00011577841599282045,8.047939554688412,0.00858404353066872,0.1595489412647606,0.0
8839,1.0,0.05,0.00011577841599282045,8.047939554688412,0.00858404353066872,0.1595489412647606,0.0
8840,1.0,0.05,0.00011577841599282045,8.047939554688412,0.007964858197809704,0.1670463485845345,0.0
8841,1.0,0.05,0.00011577841599282045,8.047939554688412,0.007964858197809704,0.1670463485845345,0.0
8842,1.0,0.05,0.00011577841599282045,8.047939554688412,0.007964858197809704,0.1670463485845345,0.0
8843,1.0,0.05,0.00011577841599282045,8.047939554688412,0.007964858197809704,0.1670463485845345,0.0
8844,1.0,0.05,0.00011577841599282045,8.166046078308426,0.007964858197809704,0.1670463485845345,0.0
8845,1.0,0.05,0.00011577841599282045,8.166046078308426,0.007964858197809704,0.1670463485845345,0.0
8846,1.0,0.05,0.00011577841599282045,8.166046078308426,0.007867635892978906,0.1670463485845345,0.0
8847,1.0,0.05,0.00011577841599282045,8.166046078308426,0.007867635892978906,0.1670463485845345,0.0
8848,1.0,0.05,0.00011904562557722178,8.166046078308426,0.007867635892978906,0.1670463485845345,0.0
8849,1.0,0.05,0.00011904562557722178,8.166046078308426,0.00659110268881475,0.1670463485845345,0.0
8850,1.0,0.05,0.00011904562557722178,8.166046078308426,0.00659110268881475,0.1670463485845345,0.0
8851,1.0,0.05,0.00011904562557722178,8.166046078308426,0.00659110268881475,0.1670463485845345,0.0
8852,1.0,0.05,0.00011904562557722178,8.166046078308426,0.00659110268881475,0.14658395415261588,0.0
8853,1.0,0.05,0.00011904562557722178,8.166046078308426,0.007373825744757654,0.14658395415261588,0.0
8854,1.0,0.05,0.00011904562557722178,8.166046078308426,0.006992855883222852,0.14658395415261588,0.0
8855,1.0,0.05,0.00011904562557722178,8.166046078308426,0.006992855883222852,0.14658395415261588,0.0
8856,1.0,0.05,0.00011904562557722178,7.487809986930259,0.006992855883222852,0.14658395415261588,0.0
8857,1.0,0.05,0.00011904562557722178,7.487809986930259,0.006992855883222852,0.14658395415261588,0.0
8858,1.0,0.05,0.00011904562557722178,7.487809986930259,0.006992855883222852,0.14658395415261588,0.0
8859,1.0,0.05,0.00011904562557722178,7.487809986930259,0.006992855883222852,0.14658395415261588,0.0
8860,1.0,0.05,0.00011904562557722178,7.487809986930259,0.006992855883222852,0.14658395415261588,0.0
8861,1.0,0.05,0.00011904562557722178,7.487809986930259,0.006992855883222852,0.14658395415261588,0.0
8862,1.0,0.05,0.00011904562557722178,7.487809986930259,0.006992855883222852,0.15008506461798288,0.0
8863,1.0,0.05,0.00011904562557722178,7.487809986930259,0.006992855883222852,0.15008506461798288,0.0
8864,1.0,0.05,0.00011904562557722178,7.487809986930259,0.0070862121195376234,0.15008506461798288,0.0
8865,1.0,0.05,0.00011904562557722178,7.487809986930259,0.008005445615061852,0.15008506461798288,0.0
8866,1.0,0.05,0.00011904562557722178,12.456107769943813,0.008005445615061852,0.15008506461798288,0.0
8867,1.0,0.05,0.00011904562557722178,8.352264854646862,0.007220413946124834,0.15008506461798288,0.0
8868,1.0,0.05,0.00011904562557722178,8.420859319716769,0.0069412096241917975,0.15008506461798288,0.0
8869,1.0,0.05,0.00011904562557722178,8.420859319716769,0.0069412096241917975,0.15008506461798288,0.0
8870,1.0,0.05,0.00011904562557722178,8.420859319716769,0.007691843379558816,0.15008506461798288,0.0
8871,1.0,0.05,0.00011904562557722178,8.420859319716769,0.007605940931047634,0.15008506461798288,0.0
8872,1.0,0.05,0.00011904562557722178,10.732274019640073,0.007605940931047634,0.15008506461798288,0.0
8873,1.0,0.05,0.00011904562557722178,10.732274019640073,0.007605940931047634,0.15008506461798288,0.0
8874,1.0,0.05,0.00011904562557722178,10.732274019640073,0.007605940931047634,0.1440016546131714,0.0
8875,1.0,0.05,0.00011904562557722178,10.732274019640073,0.006940527401656527,0.1440016546131714,0.0
8876,1.0,0.05,0.00011904562557722178,10.732274019640073,0.006940527401656527,0.1440016546131714,0.0
8877,1.0,0.05,0.00011904562557722178,10.732274019640073,0.006940527401656527,0.1440016546131714,0.0
8878,1.0,0.05,0.00011904562557722178,10.732274019640073,0.00782231226871096,0.1440016546131714,0.0
8879,1.0,0.05,0.00011904562557722178,10.732274019640073,0.00782231226871096,0.1440016546131714,0.0
8880,1.0,0.05,0.00012724627569323367,10.732274019640073,0.006435695358853624,0.1440016546131714,0.0
8881,1.0,0.05,0.00012724627569323367,4.99944629966285,0.006435695358853624,0.1440016546131714,0.0
8882,1.0,0.05,0.00012724627569323367,6.568649060735439,0.006435695358853624,0.1440016546131714,0.0
8883,1.0,0.05,0.00012724627569323367,6.568649060735439,0.006435695358853624,0.1440016546131714,0.0
8884,1.0,0.05,0.00012724627569323367,6.568649060735439,0.006435695358853624,0.1440016546131714,0.0
8885,1.0,0.05,0.00012724627569323367,6.568649060735439,0.006435695358853624,0.1440016546131714,0.0
8886,1.0,0.05,0.00012724627569323367,6.568649060735439,0.006435695358853624,0.1440016546131714,0.0
8887,1.0,0.05,0.00012724627569323367,6.568649060735439,0.007241597175466362,0.1440016546131714,0.0
8888,1.0,0.05,0.00012724627569323367,6.568649060735439,0.007241597175466362,0.1331910564574222,0.0
8889,1.0,0.05,0.00012724627569323367,6.568649060735439,0.007241597175466362,0.1331910564574222,0.0
8890,1.0,0.05,0.00012724627569323367,6.568649060735439,0.006428571502830587,0.1331910564574222,0.0
8891,1.0,0.05,0.00012724627569323367,6.568649060735439,0.006428571502830587,0.15722130207173698,0.0
8892,1.0,0.05,0.00012724627569323367,6.568649060735439,0.006428571502830587,0.14579667561839973,0.0
8893,1.0,0.05,0.00012724627569323367,6.568649060735439,0.006428571502830587,0.1377676571886675,0.0
8894,1.0,0.05,0.00012724627569323367,6.568649060735439,0.006428571502830587,0.1377676571886675,0.0
8895,1.0,0.05,0.00012171966922093971,7.397727674759594,0.006428571502830587,0.1377676571886675,0.0
8896,1.0,0.05,0.00012171966922093971,7.397727674759594,0.006428571502830587,0.1377676571886675,0.0
8897,1.0,0.05,0.00012171966922093971,7.397727674759594,0.006428571502830587,0.1377676571886675,0.0
8898,1.0,0.05,0.00012171966922093971,7.397727674759594,0.006350281000871198,0.1377676571886675,0.0
8899,1.0,0.05,0.00012171966922093971,7.397727674759594,0.006350281000871198,0.1377676571886675,0.0
8900,1.0,0.05,0.00012171966922093971,7.689265102361674,0.006350281000871198,0.1377676571886675,0.0
8901,1.0,0.05,0.00012171966922093971,7.689265102361674,0.006350281000871198,0.1377676571886675,0.0
8902,1.0,0.05,0.00012171966922093971,7.689265102361674,0.006350281000871198,0.1377676571886675,0.0
8903,1.0,0.05,0.00012171966922093971,7.689265102361674,0.0075294497861404745,0.1377676571886675,0.0
8904,1.0,0.05,0.00012171966922093971,7.689265102361674,0.0076362247569486865,0.1377676571886675,0.0
8905,1.0,0.05,0.00012171966922093971,7.689265102361674,0.007197489732411743,0.1377676571886675,0.0
8906,1.0,0.05,0.00012171966922093971,7.689265102361674,0.007197489732411743,0.1377676571886675,0.0
8907,1.0,0.05,0.00012171966922093971,7.689265102361674,0.007197489732411743,0.1377676571886675,0.0
8908,1.0,0.05,0.00012171966922093971,7.689265102361674,0.007197489732411743,0.1377676571886675,0.0
8909,1.0,0.05,0.00012171966922093971,7.689265102361674,0.007197489732411743,0.1377676571886675,0.0
8910,1.0,0.05,0.00012171966922093971,7.689265102361674,0.007197489732411743,0.12393505127635214,0.0
8911,1.0,0.05,0.00012171966922093971,7.689265102361674,0.006559379639553157,0.12435658434479609,0.0
8912,1.0,0.05,0.00012748631305576217,7.689265102361674,0.006559379639553157,0.12435658434479609,0.0
8913,1.0,0.05,0.00012748631305576217,7.689265102361674,0.006559379639553157,0.12863405111090923,0.0
8914,1.0,0.05,0.00012748631305576217,7.689265102361674,0.006559379639553157,0.1393236698676262,0.0
8915,1.0,0.05,0.00012748631305576217,7.689265102361674,0.00630081049540961,0.1393236698676262,0.0
8916,1.0,0.05,0.00012748631305576217,7.689265102361674,0.00630081049540961,0.1393236698676262,0.0
8917,1.0,0.05,0.00012748631305576217,7.689265102361674,0.00630081049540961,0.1393236698676262,0.0
8918,1.0,0.05,0.00012089659767319696,7.689265102361674,0.00630081049540961,0.1393236698676262,0.0
8919,1.0,0.05,0.00012089659767319696,7.689265102361674,0.00630081049540961,0.1393236698676262,0.0
8920,1.0,0.05,0.00012089659767319696,7.689265102361674,0.00630081049540961,0.1393236698676262,0.0
8921,1.0,0.05,0.00012089659767319696,7.689265102361674,0.00630081049540961,0.1393236698676262,0.0
8922,1.0,0.05,0.00012089659767319696,7.689265102361674,0.008171899530104748,0.1393236698676262,0.0
8923,1.0,0.05,0.00012089659767319696,7.689265102361674,0.008171899530104748,0.20962142761053695,0.0
8924,1.0,0.05,0.00012089659767319696,7.689265102361674,0.008171899530104748,0.20962142761053695,0.0
8925,1.0,0.05,0.00012089659767319696,7.689265102361674,0.008171899530104748,0.13672171173326647,0.0
8926,1.0,0.05,0.00012089659767319696,7.689265102361674,0.008171899530104748,0.13672171173326647,0.0
8927,1.0,0.05,0.00013112763414003316,7.689265102361674,0.005842680532329599,0.13672171173326647,0.0
8928,1.0,0.05,0.00013112763414003316,7.689265102361674,0.005842680532329599,0.13672171173326647,0.0
8929,1.0,0.05,0.00013112763414003316,7.689265102361674,0.005842680532329599,0.10726675778246728,0.0
8930,1.0,0.05,0.00013112763414003316,10.08561318110985,0.005842680532329599,0.09744113629085818,0.0
8931,1.0,0.05,0.00013112763414003316,10.08561318110985,0.005842680532329599,0.09744113629085818,0.0
8932,1.0,0.05,0.00013112763414003316,10.08561318110985,0.005842680532329599,0.09744113629085818,0.0
8933,1.0,0.05,0.00013112763414003316,10.08561318110985,0.005842680532329599,0.09744113629085818,0.0
8934,1.0,0.05,0.00013112763414003316,10.08561318110985,0.0059548437962038325,0.09744113629085818,0.0
8935,1.0,0.05,0.00013112763414003316,7.611464758733462,0.0059548437962038325,0.09744113629085818,0.0
8936,1.0,0.05,0.00013112763414003316,7.611464758733462,0.0059548437962038325,0.09744113629085818,0.0
8937,1.0,0.05,0.00013112763414003316,10.656235576523414,0.005572546425061601,0.09744113629085818,0.0
8938,1.0,0.05,0.00012679830495267516,10.656235576523414,0.006564436247978142,0.09744113629085818,0.0
8939,1.0,0.05,0.00012679830495267516,10.656235576523414,0.006564436247978142,0.11719233740991655,0.0
8940,1.0,0.05,0.00012679830495267516,12.016156407662294,0.007237158484083528,0.11719233740991655,0.0
8941,1.0,0.05,0.00012679830495267516,12.016156407662294,0.007237158484083528,0.1320036839814771,0.0
8942,1.0,0.05,0.00012679830495267516,12.016156407662294,0.007237158484083528,0.12264939262456204,0.0
8943,1.0,0.05,0.00012679830495267516,12.016156407662294,0.007237158484083528,0.12264939262456204,0.0
8944,1.0,0.05,0.00012679830495267516,12.016156407662294,0.007237158484083528,0.12264939262456204,0.0
8945,1.0,0.05,0.00012679830495267516,13.326632431296332,0.007237158484083528,0.10231655440227015,0.0
8946,1.0,0.05,0.00012679830495267516,13.326632431296332,0.007237158484083528,0.10231655440227015,0.0
8947,1.0,0.05,0.00012679830495267516,13.326632431296332,0.007237158484083528,0.10231655440227015,0.0
8948,1.0,0.05,0.00012679830495267516,13.326632431296332,0.005867988449342262,0.10231655440227015,0.0
8949,1.0,0.05,0.00012415352158645608,13.326632431296332,0.005867988449342262,0.10231655440227015,0.0
8950,1.0,0.05,0.00012415352158645608,13.326632431296332,0.005867988449342262,0.10231655440227015,0.0
8951,1.0,0.05,0.00012415352158645608,13.326632431296332,0.0063638370251370945,0.10231655440227015,0.0
8952,1.0,0.05,0.00012415352158645608,13.326632431296332,0.0063638370251370945,0.10231655440227015,0.0
8953,1.0,0.05,0.00012415352158645608,13.326632431296332,0.00726381660151159,0.10231655440227015,0.0
8954,1.0,0.05,0.00012415352158645608,13.326632431296332,0.00726381660151159,0.10231655440227015,0.0
8955,1.0,0.05,0.00012415352158645608,13.326632431296332,0.00726381660151159,0.12830684789977956,0.0
8956,1.0,0.05,0.00012415352158645608,13.326632431296332,0.00726381660151159,0.11346993169336946,0.0
8957,1.0,0.05,0.00012415352158645608,13.724741359958557,0.00726381660151159,0.1191978983972922,0.0
8958,1.0,0.05,0.00012415352158645608,13.724741359958557,0.006231880878387754,0.08900757620196237,0.0
8959,1.0,0.05,0.00012415352158645608,13.724741359958557,0.006231880878387754,0.09456486206166291,0.0
8960,1.0,0.05,0.00012415352158645608,13.724741359958557,0.006231880878387754,0.09456486206166291,0.0
8961,1.0,0.05,0.00012415352158645608,13.724741359958557,0.0069360842448535215,0.09456486206166291,0.0
8962,1.0,0.05,0.00012415352158645608,13.724741359958557,0.006292874490656133,0.09456486206166291,0.0
8963,1.0,0.05,0.00012415352158645608,13.724741359958557,0.006292874490656133,0.09456486206166291,0.0
8964,1.0,0.05,0.00012415352158645608,13.724741359958557,0.006292874490656133,0.09456486206166291,0.0
8965,1.0,0.05,0.00012415352158645608,13.724741359958557,0.006292874490656133,0.09456486206166291,0.0
8966,1.0,0.05,0.00012415352158645608,13.724741359958557,0.006292874490656133,0.09456486206166291,0.0
8967,1.0,0.05,0.00012415352158645608,13.724741359958557,0.006292874490656133,0.09456486206166291,0.0
8968,1.0,0.05,0.00012415352158645608,13.724741359958557,0.006292874490656133,0.09456486206166291,0.0
8969,1.0,0.05,0.00012327023389021783,13.724741359958557,0.006292874490656133,0.09456486206166291,0.0
8970,1.0,0.05,0.00012327023389021783,13.724741359958557,0.006292874490656133,0.09456486206166291,0.0
8971,1.0,0.05,0.00012327023389021783,13.724741359958557,0.006292874490656133,0.09456486206166291,0.0
8972,1.0,0.05,0.00012327023389021783,13.724741359958557,0.006292874490656133,0.09456486206166291,0.0
8973,1.0,0.05,0.00012327023389021783,13.724741359958557,0.006292874490656133,0.09456486206166291,0.0
8974,1.0,0.05,0.00012327023389021783,13.724741359958557,0.006292874490656133,0.09456486206166291,0.0
8975,1.0,0.05,0.00012327023389021783,14.729016646187858,0.006292874490656133,0.09456486206166291,0.0
8976,1.0,0.05,0.00012327023389021783,14.729016646187858,0.006180854347099856,0.09456486206166291,0.0
8977,1.0,0.05,0.00012327023389021783,14.729016646187858,0.006180854347099856,0.09456486206166291,0.0
8978,1.0,0.05,0.00012561274861540373,10.121172175752207,0.006180854347099856,0.09456486206166291,0.0
8979,1.0,0.05,0.00012561274861540373,10.121172175752207,0.006180854347099856,0.09456486206166291,0.0
8980,1.0,0.05,0.00012561274861540373,10.121172175752207,0.006180854347099856,0.09456486206166291,0.0
8981,1.0,0.05,0.00013137591165524634,10.121172175752207,0.006542724715938053,0.10425021324259165,0.0
8982,1.0,0.05,0.00013137591165524634,10.121172175752207,0.006542724715938053,0.10425021324259165,0.0
8983,1.0,0.05,0.00013137591165524634,10.121172175752207,0.0064401629084137315,0.10425021324259165,0.0
8984,1.0,0.05,0.00013137591165524634,10.121172175752207,0.0064401629084137315,0.10425021324259165,0.0
8985,1.0,0.05,0.00013137591165524634,10.121172175752207,0.0064401629084137315,0.10425021324259165,0.0
8986,1.0,0.05,0.00013137591165524634,9.062976577219146,0.0064401629084137315,0.10425021324259165,0.0
8987,1.0,0.05,0.00013137591165524634,9.062976577219146,0.0064401629084137315,0.10425021324259165,0.0
8988,1.0,0.05,0.00013137591165524634,9.062976577219146,0.0064401629084137315,0.12482230747667752,0.0
8989,1.0,0.05,0.00013137591165524634,9.062976577219146,0.0064401629084137315,0.12482230747667752,0.0
8990,1.0,0.05,0.0001238083522456032,9.062976577219146,0.0064401629084137315,0.12482230747667752,0.0
8991,1.0,0.05,0.0001238083522456032,9.062976577219146,0.0064401629084137315,0.12482230747667752,0.0
8992,1.0,0.05,0.0001238083522456032,9.062976577219146,0.0064401629084137315,0.12482230747667752,0.0
8993,1.0,0.05,0.0001238083522456032,9.062976577219146,0.0064401629084137315,0.12482230747667752,0.0
8994,1.0,0.05,0.0001238083522456032,9.062976577219146,0.006180652579788819,0.12534104926644055,0.0
8995,1.0,0.05,0.0001238083522456032,9.062976577219146,0.006180652579788819,0.12534104926644055,0.0
8996,1.0,0.05,0.0001238083522456032,9.760083102956514,0.006782160311375377,0.12534104926644055,0.0
8997,1.0,0.05,0.0001238083522456032,9.760083102956514,0.006782160311375377,0.12534104926644055,0.0
8998,1.0,0.05,0.0001238083522456032,9.760083102956514,0.005679367553843019,0.12534104926644055,0.0
8999,1.0,0.05,0.0001238083522456032,9.760083102956514,0.005679367553843019,0.12534104926644055,0.0
9000,1.0,0.05,0.00012761674852111135,9.760083102956514,0.006367005452405823,0.12534104926644055,0.0
9001,1.0,0.05,0.00012502406387246025,9.760083102956514,0.007461095732113222,0.12534104926644055,0.0
9002,1.0,0.05,0.00012502406387246025,9.760083102956514,0.007461095732113222,0.12534104926644055,0.0
9003,1.0,0.05,0.00012502406387246025,9.760083102956514,0.007461095732113222,0.12534104926644055,0.0
9004,1.0,0.05,0.00012502406387246025,7.256496793528157,0.007461095732113222,0.12534104926644055,0.0
9005,1.0,0.05,0.00012502406387246025,7.256496793528157,0.007461095732113222,0.12534104926644055,0.0
9006,1.0,0.05,0.00012502406387246025,7.491551201901061,0.007461095732113222,0.12534104926644055,0.0
9007,1.0,0.05,0.00012502406387246025,7.491551201901061,0.007461095732113222,0.12534104926644055,0.0
9008,1.0,0.05,0.00012502406387246025,7.491551201901061,0.007461095732113222,0.1608199317138741,0.0
9009,1.0,0.05,0.00012502406387246025,7.491551201901061,0.0056800948848913626,0.14795499661109038,0.0
9010,1.0,0.05,0.00013242306248909325,7.491551201901061,0.0056800948848913626,0.11219308541672832,0.0
9011,1.0,0.05,0.00013242306248909325,7.048920635250539,0.0056800948848913626,0.11219308541672832,0.0
9012,1.0,0.05,0.00013242306248909325,7.048920635250539,0.0056800948848913626,0.11219308541672832,0.0
9013,1.0,0.05,0.00013242306248909325,7.048920635250539,0.0056800948848913626,0.11219308541672832,0.0
9014,1.0,0.05,0.00013242306248909325,7.048920635250539,0.0056800948848913626,0.1325818649774393,0.0
9015,1.0,0.05,0.00013242306248909325,7.048920635250539,0.0056800948848913626,0.1325818649774393,0.0
9016,1.0,0.05,0.00012626718732284338,7.048920635250539,0.0056800948848913626,0.1325818649774393,0.0
9017,1.0,0.05,0.00012626718732284338,7.048920635250539,0.0056800948848913626,0.1325818649774393,0.0
9018,1.0,0.05,0.00012626718732284338,7.048920635250539,0.0056800948848913626,0.1325818649774393,0.0
9019,1.0,0.05,0.00012626718732284338,7.048920635250539,0.0056800948848913626,0.13015694439022502,0.0
9020,1.0,0.05,0.00012626718732284338,7.048920635250539,0.0067202815632857035,0.13015694439022502,0.0
9021,1.0,0.05,0.00012626718732284338,7.048920635250539,0.0067202815632857035,0.13015694439022502,0.0
9022,1.0,0.05,0.00012626718732284338,7.048920635250539,0.0067202815632857035,0.13015694439022502,0.0
9023,1.0,0.05,0.00012626718732284338,8.216017521088176,0.0067202815632857035,0.13015694439022502,0.0
9024,1.0,0.05,0.00012626718732284338,8.216017521088176,0.0067202815632857035,0.13015694439022502,0.0
9025,1.0,0.05,0.00012626718732284338,7.629162604701676,0.0067202815632857035,0.13015694439022502,0.0
9026,1.0,0.05,0.00012626718732284338,7.629162604701676,0.0067202815632857035,0.13015694439022502,0.0
9027,1.0,0.05,0.00012626718732284338,7.9589341429098255,0.0067202815632857035,0.13015694439022502,0.0
9028,1.0,0.05,0.00012626718732284338,7.9589341429098255,0.0067202815632857035,0.13015694439022502,0.0
9029,1.0,0.05,0.00012626718732284338,7.9589341429098255,0.0067202815632857035,0.13015694439022502,0.0
9030,1.0,0.05,0.00012498952272232362,7.9589341429098255,0.0067202815632857035,0.13015694439022502,0.0
9031,1.0,0.05,0.00012498952272232362,7.9589341429098255,0.0067202815632857035,0.13015694439022502,0.0
9032,1.0,0.05,0.00012498952272232362,6.0535405661443065,0.006252240054566966,0.13015694439022502,0.0
9033,1.0,0.05,0.00012498952272232362,6.0535405661443065,0.0065646013021263255,0.15295482313876096,0.0
9034,1.0,0.05,0.000118344816064224,6.0535405661443065,0.0065646013021263255,0.15295482313876096,0.0
9035,1.0,0.05,0.000118344816064224,6.0535405661443065,0.0065646013021263255,0.15295482313876096,0.0
9036,1.0,0.05,0.000118344816064224,6.827202269191929,0.0065646013021263255,0.15295482313876096,0.0
9037,1.0,0.05,0.000118344816064224,6.827202269191929,0.0065646013021263255,0.15295482313876096,0.0
9038,1.0,0.05,0.000118344816064224,6.827202269191929,0.007662261828143913,0.15295482313876096,0.0
9039,1.0,0.05,0.000118344816064224,11.890350460922832,0.007662261828143913,0.15295482313876096,0.0
9040,1.0,0.05,0.00011785664535622136,11.890350460922832,0.007662261828143913,0.15295482313876096,0.0
9041,1.0,0.05,0.00011785664535622136,11.890350460922832,0.007662261828143913,0.15295482313876096,0.0
9042,1.0,0.05,0.00011785664535622136,11.890350460922832,0.0072632926922502295,0.15295482313876096,0.0
9043,1.0,0.05,0.00011785664535622136,11.890350460922832,0.0072632926922502295,0.15295482313876096,0.0
9044,1.0,0.05,0.00011785664535622136,11.890350460922832,0.0072632926922502295,0.15295482313876096,0.0
9045,1.0,0.05,0.00011785664535622136,11.890350460922832,0.0072632926922502295,0.15295482313876096,0.0
9046,1.0,0.05,0.00011785664535622136,11.890350460922832,0.0072632926922502295,0.15295482313876096,0.0
9047,1.0,0.05,0.00011785664535622136,11.890350460922832,0.0072632926922502295,0.15295482313876096,0.0
9048,1.0,0.05,0.00011785664535622136,11.890350460922832,0.0072632926922502295,0.15295482313876096,0.0
9049,1.0,0.05,0.00011785664535622136,11.890350460922832,0.0072632926922502295,0.15295482313876096,0.0
9050,1.0,0.05,0.00011785664535622136,10.619817360649847,0.0072632926922502295,0.15295482313876096,0.0
9051,1.0,0.05,0.00011785664535622136,10.619817360649847,0.00685728100976625,0.13332389854261545,0.0
9052,1.0,0.05,0.00011785664535622136,10.619817360649847,0.00685728100976625,0.11778256040566187,0.0
9053,1.0,0.05,0.00011785664535622136,11.562428411752592,0.005976433942412485,0.11778256040566187,0.0
9054,1.0,0.05,0.00011785664535622136,11.562428411752592,0.005976433942412485,0.12163560136557554,0.0
9055,1.0,0.05,0.00011785664535622136,11.562428411752592,0.005976433942412485,0.14694923222057862,0.0
9056,1.0,0.05,0.00011785664535622136,7.2789704956301335,0.005976433942412485,0.14694923222057862,0.0
9057,1.0,0.05,0.00011785664535622136,7.2789704956301335,0.005976433942412485,0.14822847317804708,0.0
9058,1.0,0.05,0.00011785664535622136,7.2789704956301335,0.008099920058820428,0.14822847317804708,0.0
9059,1.0,0.05,0.00011785664535622136,7.2789704956301335,0.008099920058820428,0.14822847317804708,0.0
9060,1.0,0.05,0.00011785664535622136,7.2789704956301335,0.00666043014766028,0.14822847317804708,0.0
9061,1.0,0.05,0.00011785664535622136,7.010045270912684,0.00666043014766028,0.1324807333440075,0.0
9062,1.0,0.05,0.00011785664535622136,7.010045270912684,0.00666043014766028,0.1324807333440075,0.0
9063,1.0,0.05,0.00011785664535622136,11.326564681898788,0.00666043014766028,0.1324807333440075,0.0
9064,1.0,0.05,0.00011785664535622136,11.326564681898788,0.00666043014766028,0.1324807333440075,0.0
9065,1.0,0.05,0.00011785664535622136,11.326564681898788,0.00666043014766028,0.1324807333440075,0.0
9066,1.0,0.05,0.00011785664535622136,11.326564681898788,0.00666043014766028,0.1324807333440075,0.0
9067,1.0,0.05,0.00011785664535622136,11.326564681898788,0.00666043014766028,0.12519152437830594,0.0
9068,1.0,0.05,0.00011785664535622136,11.326564681898788,0.00666043014766028,0.12519152437830594,0.0
9069,1.0,0.05,0.00011785664535622136,11.326564681898788,0.00666043014766028,0.12519152437830594,0.0
9070,1.0,0.05,0.00011795768794416304,11.326564681898788,0.00666043014766028,0.12519152437830594,0.0
9071,1.0,0.05,0.00011795768794416304,11.326564681898788,0.00666043014766028,0.10796107588425219,0.0
9072,1.0,0.05,0.00011795768794416304,11.326564681898788,0.0069105615073584694,0.10796107588425219,0.0
9073,1.0,0.05,0.00011795768794416304,14.500100341253301,0.0069105615073584694,0.10796107588425219,0.0
9074,1.0,0.05,0.00011624387447455745,16.126932231814678,0.007501931070579045,0.10796107588425219,0.0
9075,1.0,0.05,0.00011624387447455745,16.126932231814678,0.007501931070579045,0.10796107588425219,0.0
9076,1.0,0.05,0.00011624387447455745,16.126932231814678,0.007501931070579045,0.12634874429193593,0.0
9077,1.0,0.05,0.00011624387447455745,16.126932231814678,0.007501931070579045,0.12634874429193593,0.0
9078,1.0,0.05,0.00011624387447455745,11.095139351584123,0.007812970430276216,0.12634874429193593,0.0
9079,1.0,0.05,0.00011624387447455745,11.095139351584123,0.007812970430276216,0.14390076982245256,0.0
9080,1.0,0.05,0.00011624387447455745,11.095139351584123,0.008219915517460662,0.14390076982245256,0.0
9081,1.0,0.05,0.00011624387447455745,6.182431458008807,0.008219915517460662,0.14390076982245256,0.0
9082,1.0,0.05,0.00011624387447455745,17.043927259828834,0.008042652797071052,0.14390076982245256,0.0
9083,1.0,0.05,0.00011624387447455745,17.043927259828834,0.008042652797071052,0.14390076982245256,0.0
9084,1.0,0.05,0.00011624387447455745,17.043927259828834,0.008042652797071052,0.14390076982245256,0.0
9085,1.0,0.05,0.00011624387447455745,17.043927259828834,0.008042652797071052,0.14390076982245256,0.0
9086,1.0,0.05,0.00011624387447455745,17.043927259828834,0.007248624729077134,0.1445589240752906,0.0
9087,1.0,0.05,0.00011624387447455745,17.043927259828834,0.007754318763686862,0.1445589240752906,0.0
9088,1.0,0.05,0.00010776795380150146,17.043927259828834,0.007754318763686862,0.1445589240752906,0.0
9089,1.0,0.05,0.00010776795380150146,17.043927259828834,0.007754318763686862,0.1445589240752906,0.0
9090,1.0,0.05,0.00010776795380150146,17.043927259828834,0.007754318763686862,0.1445589240752906,0.0
9091,1.0,0.05,0.00010776795380150146,17.043927259828834,0.00870667415117337,0.17199689485543274,0.0
9092,1.0,0.05,0.00010776795380150146,17.043927259828834,0.008536071577987595,0.17199689485543274,0.0
9093,1.0,0.05,0.00010776795380150146,17.043927259828834,0.008611906376796758,0.17199689485543274,0.0
9094,1.0,0.05,0.00010776795380150146,17.043927259828834,0.008611906376796758,0.17199689485543274,0.0
9095,1.0,0.05,0.00010776795380150146,17.043927259828834,0.007976335636677385,0.17199689485543274,0.0
9096,1.0,0.05,0.00010776795380150146,17.043927259828834,0.007976335636677385,0.17199689485543274,0.0
9097,1.0,0.05,0.00010776795380150146,17.043927259828834,0.007976335636677385,0.17199689485543274,0.0
9098,1.0,0.05,0.00010776795380150146,8.281277087114887,0.007976335636677385,0.17199689485543274,0.0
9099,1.0,0.05,0.00010776795380150146,8.281277087114887,0.007976335636677385,0.17199689485543274,0.0
9100,1.0,0.05,0.00010764480978498291,8.281277087114887,0.007976335636677385,0.17199689485543274,0.0
9101,1.0,0.05,0.00010764480978498291,8.281277087114887,0.007976335636677385,0.17199689485543274,0.0
9102,1.0,0.05,0.00010764480978498291,8.281277087114887,0.007976335636677385,0.17199689485543274,0.0
9103,1.0,0.05,0.00010764480978498291,8.281277087114887,0.008269261787145024,0.17199689485543274,0.0
9104,1.0,0.05,0.00010764480978498291,10.315111001072424,0.008269261787145024,0.1708083825242235,0.0
9105,1.0,0.05,0.00010764480978498291,10.315111001072424,0.008269261787145024,0.1708083825242235,0.0
9106,1.0,0.05,0.00010827292210423362,10.315111001072424,0.008269261787145024,0.1708083825242235,0.0
9107,1.0,0.05,0.00010827292210423362,10.315111001072424,0.008269261787145024,0.22116677288864312,0.0
9108,1.0,0.05,0.00011340937173620536,7.25549257274109,0.008269261787145024,0.22116677288864312,0.0
9109,1.0,0.05,0.00011340937173620536,7.25549257274109,0.007925194176240612,0.22116677288864312,0.0
9110,1.0,0.05,0.00011340937173620536,7.25549257274109,0.007925194176240612,0.22116677288864312,0.0
9111,1.0,0.05,0.00011340937173620536,7.25549257274109,0.007925194176240612,0.2322121548074849,0.0
9112,1.0,0.05,0.00011340937173620536,7.25549257274109,0.007925194176240612,0.2322121548074849,0.0
9113,1.0,0.05,0.00011340937173620536,7.25549257274109,0.007925194176240612,0.1984761212946814,0.0
9114,1.0,0.05,0.00011340937173620536,8.234752549881392,0.007925194176240612,0.1984761212946814,0.0
9115,1.0,0.05,0.00011340937173620536,5.463470442638979,0.007925194176240612,0.1984761212946814,0.0
9116,1.0,0.05,0.00011340937173620536,5.463470442638979,0.007925194176240612,0.1984761212946814,0.0
9117,1.0,0.05,0.00011532057676900955,5.463470442638979,0.007925194176240612,0.1984761212946814,0.0
9118,1.0,0.05,0.00011532057676900955,5.463470442638979,0.007925194176240612,0.1984761212946814,0.0
9119,1.0,0.05,0.00011532057676900955,5.463470442638979,0.007925194176240612,0.1984761212946814,0.0
9120,1.0,0.05,0.00011532057676900955,5.463470442638979,0.008536927826168252,0.1984761212946814,0.0
9121,1.0,0.05,0.00011532057676900955,5.463470442638979,0.007189487076350438,0.1984761212946814,0.0
9122,1.0,0.05,0.00011532057676900955,5.463470442638979,0.007189487076350438,0.1984761212946814,0.0
9123,1.0,0.05,0.00011532057676900955,8.186106304789533,0.007239714404007339,0.1984761212946814,0.0
9124,1.0,0.05,0.00011532057676900955,8.526608450361977,0.007239714404007339,0.1738632244046121,0.0
9125,1.0,0.05,0.00011532057676900955,8.526608450361977,0.007239714404007339,0.1738632244046121,0.0
9126,1.0,0.05,0.00011532057676900955,10.30244332747543,0.007239714404007339,0.1738632244046121,0.0
9127,1.0,0.05,0.00011532057676900955,10.30244332747543,0.007239714404007339,0.17808212744995588,0.0
9128,1.0,0.05,0.00011532057676900955,10.30244332747543,0.007239714404007339,0.17808212744995588,0.0
9129,1.0,0.05,0.00011532057676900955,10.30244332747543,0.007239714404007339,0.17808212744995588,0.0
9130,1.0,0.05,0.00011532057676900955,10.30244332747543,0.007239714404007339,0.17808212744995588,0.0
9131,1.0,0.05,0.00011532057676900955,10.30244332747543,0.007239714404007339,0.17808212744995588,0.0
9132,1.0,0.05,0.00011532057676900955,10.30244332747543,0.007239714404007339,0.17808212744995588,0.0
9133,1.0,0.05,0.00011532057676900955,8.312157715237433,0.007239714404007339,0.18074875935920803,0.0
9134,1.0,0.05,0.00011532057676900955,10.549733796621013,0.007239714404007339,0.18074875935920803,0.0
9135,1.0,0.05,0.00011532057676900955,10.549733796621013,0.007239714404007339,0.18074875935920803,0.0
9136,1.0,0.05,0.00011532057676900955,10.549733796621013,0.007241873686430129,0.18074875935920803,0.0
9137,1.0,0.05,0.00011532057676900955,10.549733796621013,0.007241873686430129,0.18074875935920803,0.0
9138,1.0,0.05,0.00011532057676900955,10.549733796621013,0.007241873686430129,0.18074875935920803,0.0
9139,1.0,0.05,0.00011532057676900955,10.549733796621013,0.0070660625646500625,0.18074875935920803,0.0
9140,1.0,0.05,0.00011532057676900955,10.549733796621013,0.0070660625646500625,0.18074875935920803,0.0
9141,1.0,0.05,0.00011532057676900955,10.549733796621013,0.0070660625646500625,0.18074875935920803,0.0
9142,1.0,0.05,0.00011532057676900955,10.549733796621013,0.0070660625646500625,0.18074875935920803,0.0
9143,1.0,0.05,0.00011532057676900955,10.549733796621013,0.0070660625646500625,0.18074875935920803,0.0
9144,1.0,0.05,0.00011532057676900955,10.549733796621013,0.0070660625646500625,0.18074875935920803,0.0
9145,1.0,0.05,0.00011532057676900955,9.144288651747587,0.0070660625646500625,0.18074875935920803,0.0
9146,1.0,0.05,0.00011463222527571912,9.144288651747587,0.00711005373026602,0.18632577297354655,0.0
9147,1.0,0.05,0.00011463222527571912,9.144288651747587,0.00711005373026602,0.1486575634103879,0.0
9148,1.0,0.05,0.00011463222527571912,9.144288651747587,0.0074168163583506605,0.1486575634103879,0.0
9149,1.0,0.05,0.00011463222527571912,9.144288651747587,0.0074168163583506605,0.1486575634103879,0.0
9150,1.0,0.05,0.00011463222527571912,13.154126861057051,0.0074168163583506605,0.1486575634103879,0.0
9151,1.0,0.05,0.00011463222527571912,11.846965536201552,0.0074168163583506605,0.1486575634103879,0.0
9152,1.0,0.05,0.00011463222527571912,11.846965536201552,0.0074168163583506605,0.1486575634103879,0.0
9153,1.0,0.05,0.00011463222527571912,11.846965536201552,0.0074168163583506605,0.1486575634103879,0.0
9154,1.0,0.05,0.00011463222527571912,11.846965536201552,0.0074168163583506605,0.1486575634103879,0.0
9155,1.0,0.05,0.00011463222527571912,11.846965536201552,0.0074168163583506605,0.1486575634103879,0.0
9156,1.0,0.05,0.00011463222527571912,11.846965536201552,0.0074168163583506605,0.1087879759557143,0.0
9157,1.0,0.05,0.00011463222527571912,11.846965536201552,0.006664610622845914,0.1087879759557143,0.0
9158,1.0,0.05,0.00011463222527571912,11.846965536201552,0.006664610622845914,0.1087879759557143,0.0
9159,1.0,0.05,0.00011463222527571912,11.846965536201552,0.006664610622845914,0.15017228887179168,0.0
9160,1.0,0.05,0.00011463222527571912,11.846965536201552,0.007727853257589674,0.15017228887179168,0.0
9161,1.0,0.05,0.00011463222527571912,11.846965536201552,0.007727853257589674,0.15017228887179168,0.0
9162,1.0,0.05,0.00011463222527571912,12.810110718743715,0.007950124993402172,0.15017228887179168,0.0
9163,1.0,0.05,0.00011463222527571912,12.810110718743715,0.007095015900786338,0.15017228887179168,0.0
9164,1.0,0.05,0.00011463222527571912,12.810110718743715,0.008537721069396372,0.15017228887179168,0.0
9165,1.0,0.05,0.00011463222527571912,12.810110718743715,0.0065510514715017175,0.15017228887179168,0.0
9166,1.0,0.05,0.00011463222527571912,12.810110718743715,0.0065510514715017175,0.15017228887179168,0.0
9167,1.0,0.05,0.00011463222527571912,12.810110718743715,0.0065510514715017175,0.15044597104145485,0.0
9168,1.0,0.05,0.00011463222527571912,12.810110718743715,0.0065510514715017175,0.15044597104145485,0.0
9169,1.0,0.05,0.00011463222527571912,12.810110718743715,0.0065510514715017175,0.15044597104145485,0.0
9170,1.0,0.05,0.00011463222527571912,12.810110718743715,0.0076221172245362545,0.14839311278329836,0.0
9171,1.0,0.05,0.00011463222527571912,12.810110718743715,0.0076221172245362545,0.14839311278329836,0.0
9172,1.0,0.05,0.00011463222527571912,12.810110718743715,0.0076221172245362545,0.14839311278329836,0.0
9173,1.0,0.05,0.00011463222527571912,12.810110718743715,0.0076221172245362545,0.1546107915752663,0.0
9174,1.0,0.05,0.00011786440058425681,12.810110718743715,0.0076221172245362545,0.1546107915752663,0.0
9175,1.0,0.05,0.00011786440058425681,12.810110718743715,0.0076221172245362545,0.1546107915752663,0.0
9176,1.0,0.05,0.00011786440058425681,12.810110718743715,0.0076221172245362545,0.1546107915752663,0.0
9177,1.0,0.05,0.00011786440058425681,12.810110718743715,0.0076221172245362545,0.1546107915752663,0.0
9178,1.0,0.05,0.00011048523207278813,12.810110718743715,0.0076221172245362545,0.1546107915752663,0.0
9179,1.0,0.05,0.00011048523207278813,12.810110718743715,0.0076221172245362545,0.1546107915752663,0.0
9180,1.0,0.05,0.00011048523207278813,12.810110718743715,0.0076221172245362545,0.1576355709999694,0.0
9181,1.0,0.05,0.00010821911575243674,12.810110718743715,0.0076221172245362545,0.1576355709999694,0.0
9182,1.0,0.05,0.00010821911575243674,12.810110718743715,0.0076221172245362545,0.1576355709999694,0.0
9183,1.0,0.05,0.00010821911575243674,12.810110718743715,0.0076221172245362545,0.1671768624920521,0.0
9184,1.0,0.05,0.00010821911575243674,12.722479681631981,0.0076221172245362545,0.1671768624920521,0.0
9185,1.0,0.05,0.00010821911575243674,12.722479681631981,0.0076221172245362545,0.1671768624920521,0.0
9186,1.0,0.05,0.00010821911575243674,12.722479681631981,0.0076221172245362545,0.15969268244027737,0.0
9187,1.0,0.05,0.00010821911575243674,11.694348294567874,0.0076221172245362545,0.15341162769209318,0.0
9188,1.0,0.05,0.00010821911575243674,11.694348294567874,0.0076221172245362545,0.15341162769209318,0.0
9189,1.0,0.05,0.00010821911575243674,11.694348294567874,0.0076221172245362545,0.15341162769209318,0.0
9190,1.0,0.05,0.00010821911575243674,11.694348294567874,0.0076221172245362545,0.15341162769209318,0.0
9191,1.0,0.05,0.00010821911575243674,11.694348294567874,0.0076221172245362545,0.15341162769209318,0.0
9192,1.0,0.05,0.00010821911575243674,11.694348294567874,0.0076221172245362545,0.15341162769209318,0.0
9193,1.0,0.05,0.00010821911575243674,11.694348294567874,0.0076221172245362545,0.15341162769209318,0.0
9194,1.0,0.05,0.00010821911575243674,11.694348294567874,0.0076221172245362545,0.15341162769209318,0.0
9195,1.0,0.05,0.00010821911575243674,11.694348294567874,0.0076221172245362545,0.1797907587385139,0.0
9196,1.0,0.05,0.00010821911575243674,11.694348294567874,0.0076221172245362545,0.1797907587385139,0.0
9197,1.0,0.05,0.00010821911575243674,11.694348294567874,0.0076221172245362545,0.1797907587385139,0.0
9198,1.0,0.05,0.00011658555338326607,11.694348294567874,0.0076221172245362545,0.1797907587385139,0.0
9199,1.0,0.05,0.00011658555338326607,11.694348294567874,0.0076221172245362545,0.1797907587385139,0.0
9200,1.0,0.05,0.00010846733833504966,11.694348294567874,0.0076221172245362545,0.1797907587385139,0.0
9201,1.0,0.05,0.00010846733833504966,11.694348294567874,0.0076221172245362545,0.1797907587385139,0.0
9202,1.0,0.05,0.00010846733833504966,11.694348294567874,0.007806544074285578,0.1797907587385139,0.0
9203,1.0,0.05,0.00010846733833504966,13.376258241642375,0.007396630835830068,0.1797907587385139,0.0
9204,1.0,0.05,0.00010846733833504966,13.594640238443745,0.007396630835830068,0.1797907587385139,0.0
9205,1.0,0.05,0.00010846733833504966,13.594640238443745,0.007396630835830068,0.1797907587385139,0.0
9206,1.0,0.05,0.00010846733833504966,13.594640238443745,0.009074871574376872,0.17126165129532744,0.0
9207,1.0,0.05,0.00010846733833504966,13.594640238443745,0.007227631386729703,0.17126165129532744,0.0
9208,1.0,0.05,0.00010846733833504966,13.594640238443745,0.007227631386729703,0.17126165129532744,0.0
9209,1.0,0.05,0.00010846733833504966,11.974352605837012,0.007227631386729703,0.17126165129532744,0.0
9210,1.0,0.05,0.00010846733833504966,11.974352605837012,0.008834600857185,0.17126165129532744,0.0
9211,1.0,0.05,0.00010846733833504966,11.974352605837012,0.008834600857185,0.16223564041247346,0.0
9212,1.0,0.05,0.00010846733833504966,11.974352605837012,0.008834600857185,0.16223564041247346,0.0
9213,1.0,0.05,0.00010846733833504966,11.974352605837012,0.008834600857185,0.16223564041247346,0.0
9214,1.0,0.05,0.00010846733833504966,11.974352605837012,0.008834600857185,0.16223564041247346,0.0
9215,1.0,0.05,0.00010846733833504966,11.974352605837012,0.007217135919132138,0.16223564041247346,0.0
9216,1.0,0.05,0.00011381691834923769,11.974352605837012,0.007217135919132138,0.16223564041247346,0.0
9217,1.0,0.05,0.00011381691834923769,11.974352605837012,0.007217135919132138,0.16223564041247346,0.0
9218,1.0,0.05,0.00011381691834923769,11.974352605837012,0.007217135919132138,0.16223564041247346,0.0
9219,1.0,0.05,0.00011381691834923769,11.974352605837012,0.007217135919132138,0.16223564041247346,0.0
9220,1.0,0.05,0.00011381691834923769,11.974352605837012,0.007217135919132138,0.16223564041247346,0.0
9221,1.0,0.05,0.00011381691834923769,11.974352605837012,0.007217135919132138,0.16223564041247346,0.0
9222,1.0,0.05,0.00011381691834923769,7.996381093415209,0.007217135919132138,0.16223564041247346,0.0
9223,1.0,0.05,0.00011679630695421222,7.996381093415209,0.007217135919132138,0.16223564041247346,0.0
9224,1.0,0.05,0.00011679630695421222,7.996381093415209,0.007217135919132138,0.16223564041247346,0.0
9225,1.0,0.05,0.00011679630695421222,7.996381093415209,0.007217135919132138,0.16223564041247346,0.0
9226,1.0,0.05,0.00011679630695421222,7.996381093415209,0.007217135919132138,0.16223564041247346,0.0
9227,1.0,0.05,0.00011679630695421222,7.996381093415209,0.007217135919132138,0.16223564041247346,0.0
9228,1.0,0.05,0.00011679630695421222,7.92122657834102,0.007217135919132138,0.16223564041247346,0.0
9229,1.0,0.05,0.00011679630695421222,7.92122657834102,0.007217135919132138,0.16223564041247346,0.0
9230,1.0,0.05,0.00011679630695421222,7.92122657834102,0.007217135919132138,0.16223564041247346,0.0
9231,1.0,0.05,0.00011679630695421222,7.92122657834102,0.007217135919132138,0.16223564041247346,0.0
9232,1.0,0.05,0.00011679630695421222,7.92122657834102,0.007217135919132138,0.16223564041247346,0.0
9233,1.0,0.05,0.00011679630695421222,7.92122657834102,0.007217135919132138,0.16223564041247346,0.0
9234,1.0,0.05,0.00011679630695421222,7.610788419996055,0.007217135919132138,0.16223564041247346,0.0
9235,1.0,0.05,0.00011679630695421222,7.610788419996055,0.007217135919132138,0.16223564041247346,0.0
9236,1.0,0.05,0.00011679630695421222,7.610788419996055,0.007217135919132138,0.16223564041247346,0.0
9237,1.0,0.05,0.00011679630695421222,7.610788419996055,0.007217135919132138,0.16223564041247346,0.0
9238,1.0,0.05,0.00011679630695421222,7.610788419996055,0.007217135919132138,0.16223564041247346,0.0
9239,1.0,0.05,0.00011679630695421222,12.046333212374492,0.007217135919132138,0.16223564041247346,0.0
9240,1.0,0.05,0.00011380768124303811,12.046333212374492,0.007217135919132138,0.16223564041247346,0.0
9241,1.0,0.05,0.00011380768124303811,12.046333212374492,0.007217135919132138,0.16223564041247346,0.0
9242,1.0,0.05,0.00011380768124303811,12.046333212374492,0.007217135919132138,0.16223564041247346,0.0
9243,1.0,0.05,0.00011783400127907787,12.046333212374492,0.007217135919132138,0.16223564041247346,0.0
9244,1.0,0.05,0.00011783400127907787,6.275092706841036,0.007217135919132138,0.16223564041247346,0.0
9245,1.0,0.05,0.00011783400127907787,6.275092706841036,0.007217135919132138,0.16223564041247346,0.0
9246,1.0,0.05,0.00011783400127907787,6.275092706841036,0.007217135919132138,0.16223564041247346,0.0
9247,1.0,0.05,0.00011783400127907787,6.275092706841036,0.007217135919132138,0.16223564041247346,0.0
9248,1.0,0.05,0.00011783400127907787,6.275092706841036,0.007217135919132138,0.16223564041247346,0.0
9249,1.0,0.05,0.00011783400127907787,6.275092706841036,0.007217135919132138,0.16223564041247346,0.0
9250,1.0,0.05,0.00012406093345003724,6.275092706841036,0.007217135919132138,0.16223564041247346,0.0
9251,1.0,0.05,0.00012406093345003724,9.12475647774562,0.007217135919132138,0.16223564041247346,0.0
9252,1.0,0.05,0.00012406093345003724,9.12475647774562,0.007217135919132138,0.16223564041247346,0.0
9253,1.0,0.05,0.00012406093345003724,9.12475647774562,0.007217135919132138,0.16223564041247346,0.0
9254,1.0,0.05,0.00012406093345003724,9.12475647774562,0.007217135919132138,0.16223564041247346,0.0
9255,1.0,0.05,0.00012406093345003724,9.12475647774562,0.007217135919132138,0.16223564041247346,0.0
9256,1.0,0.05,0.00012406093345003724,8.914885460704085,0.007217135919132138,0.16223564041247346,0.0
9257,1.0,0.05,0.00012406093345003724,6.425484597133945,0.007217135919132138,0.16223564041247346,0.0
9258,1.0,0.05,0.00012406093345003724,6.425484597133945,0.006264200476735193,0.16223564041247346,0.0
9259,1.0,0.05,0.00012406093345003724,6.425484597133945,0.006035707037386433,0.16223564041247346,0.0
9260,1.0,0.05,0.00012406093345003724,6.425484597133945,0.006035707037386433,0.13887259092527252,0.0
9261,1.0,0.05,0.00012406093345003724,6.425484597133945,0.006035707037386433,0.13887259092527252,0.0
9262,1.0,0.05,0.00012406093345003724,6.425484597133945,0.005931785920219818,0.13887259092527252,0.0
9263,1.0,0.05,0.00012406093345003724,6.425484597133945,0.005931785920219818,0.13887259092527252,0.0
9264,1.0,0.05,0.00012406093345003724,6.425484597133945,0.005931785920219818,0.13887259092527252,0.0
9265,1.0,0.05,0.00012406093345003724,6.425484597133945,0.005931785920219818,0.13887259092527252,0.0
9266,1.0,0.05,0.00012406093345003724,6.425484597133945,0.006451088685585037,0.15734902602667852,0.0
9267,1.0,0.05,0.00012406093345003724,6.425484597133945,0.006451088685585037,0.15734902602667852,0.0
9268,1.0,0.05,0.00012406093345003724,6.425484597133945,0.006451088685585037,0.15734902602667852,0.0
9269,1.0,0.05,0.00012406093345003724,6.425484597133945,0.006451088685585037,0.15734902602667852,0.0
9270,1.0,0.05,0.00012406093345003724,6.714606241178032,0.006950552561855184,0.15734902602667852,0.0
9271,1.0,0.05,0.00012406093345003724,6.714606241178032,0.007186690408007029,0.15734902602667852,0.0
9272,1.0,0.05,0.00012406093345003724,6.714606241178032,0.0063458036223034316,0.15734902602667852,0.0
9273,1.0,0.05,0.00012406093345003724,9.070525436607781,0.0063458036223034316,0.1392722243920278,0.0
9274,1.0,0.05,0.00012406093345003724,9.070525436607781,0.007007943833232825,0.1392722243920278,0.0
9275,1.0,0.05,0.00012406093345003724,9.070525436607781,0.007007943833232825,0.1392722243920278,0.0
9276,1.0,0.05,0.00012406093345003724,9.070525436607781,0.007007943833232825,0.1392722243920278,0.0
9277,1.0,0.05,0.00012406093345003724,9.070525436607781,0.007007943833232825,0.1392722243920278,0.0
9278,1.0,0.05,0.00012406093345003724,9.070525436607781,0.007007943833232825,0.1392722243920278,0.0
9279,1.0,0.05,0.00012406093345003724,9.070525436607781,0.007007943833232825,0.1392722243920278,0.0
9280,1.0,0.05,0.00012406093345003724,9.070525436607781,0.007007943833232825,0.1392722243920278,0.0
9281,1.0,0.05,0.00012406093345003724,9.864650795100417,0.0068867770914000604,0.1392722243920278,0.0
9282,1.0,0.05,0.00012406093345003724,9.864650795100417,0.0068867770914000604,0.1392722243920278,0.0
9283,1.0,0.05,0.00011651307578066911,9.864650795100417,0.0068867770914000604,0.1392722243920278,0.0
9284,1.0,0.05,0.00011651307578066911,9.864650795100417,0.0068867770914000604,0.12537789623966644,0.0
9285,1.0,0.05,0.00011651307578066911,9.864650795100417,0.0068835864124246245,0.12563477695058337,0.0
9286,1.0,0.05,0.00011651307578066911,8.214823936713486,0.0068835864124246245,0.12563477695058337,0.0
9287,1.0,0.05,0.00011651307578066911,8.214823936713486,0.0068835864124246245,0.12078669518197818,0.0
9288,1.0,0.05,0.00011651307578066911,8.214823936713486,0.0068835864124246245,0.11592286745154864,0.0
9289,1.0,0.05,0.00011651307578066911,6.286978498320821,0.0068835864124246245,0.13949490055554076,0.0
9290,1.0,0.05,0.00011651307578066911,6.286978498320821,0.008025673502897939,0.13949490055554076,0.0
9291,1.0,0.05,0.00011651307578066911,6.286978498320821,0.008025673502897939,0.13949490055554076,0.0
9292,1.0,0.05,0.00011651307578066911,6.286978498320821,0.008025673502897939,0.20415732107673984,0.0
9293,1.0,0.05,0.00011651307578066911,6.286978498320821,0.008025673502897939,0.20415732107673984,0.0
9294,1.0,0.05,0.00011651307578066911,6.286978498320821,0.008025673502897939,0.20415732107673984,0.0
9295,1.0,0.05,0.00011651307578066911,6.286978498320821,0.008025673502897939,0.20415732107673984,0.0
9296,1.0,0.05,0.00011651307578066911,6.286978498320821,0.007884970382416069,0.20415732107673984,0.0
9297,1.0,0.05,0.00011651307578066911,6.286978498320821,0.00800529925447754,0.20415732107673984,0.0
9298,1.0,0.05,0.00011651307578066911,6.286978498320821,0.00800529925447754,0.20415732107673984,0.0
9299,1.0,0.05,0.00011651307578066911,6.448812109463574,0.00800529925447754,0.20415732107673984,0.0
9300,1.0,0.05,0.0001097894810354143,6.448812109463574,0.00800529925447754,0.2221647802737481,0.0
9301,1.0,0.05,0.0001097894810354143,5.94285161589201,0.007012225792070171,0.2221647802737481,0.0
9302,1.0,0.05,0.00010547077180533402,10.705790676159936,0.007012225792070171,0.2221647802737481,0.0
9303,1.0,0.05,0.00010547077180533402,10.705790676159936,0.008023565055191216,0.2221647802737481,0.0
9304,1.0,0.05,0.00010547077180533402,10.705790676159936,0.008023565055191216,0.2221647802737481,0.0
9305,1.0,0.05,0.00010547077180533402,10.705790676159936,0.008023565055191216,0.18367465953228676,0.0
9306,1.0,0.05,0.00010547077180533402,10.705790676159936,0.008023565055191216,0.19741536259567763,0.0
9307,1.0,0.05,0.00010547077180533402,10.705790676159936,0.008023565055191216,0.19741536259567763,0.0
9308,1.0,0.05,0.00010547077180533402,10.705790676159936,0.008023565055191216,0.19741536259567763,0.0
9309,1.0,0.05,0.00010547077180533402,10.705790676159936,0.008023565055191216,0.131958377174128,0.0
9310,1.0,0.05,0.00010547077180533402,10.705790676159936,0.008023565055191216,0.14940172326046752,0.0
9311,1.0,0.05,0.00010547077180533402,10.705790676159936,0.008023565055191216,0.16175402086784935,0.0
9312,1.0,0.05,0.00010547077180533402,10.705790676159936,0.007804708288379611,0.16175402086784935,0.0
9313,1.0,0.05,0.00010547077180533402,10.705790676159936,0.007407402830392332,0.16175402086784935,0.0
9314,1.0,0.05,0.00010547077180533402,11.448105938556566,0.007407402830392332,0.16175402086784935,0.0
9315,1.0,0.05,0.00010895076369743596,11.448105938556566,0.007407402830392332,0.16175402086784935,0.0
9316,1.0,0.05,0.00010895076369743596,11.448105938556566,0.007407402830392332,0.16175402086784935,0.0
9317,1.0,0.05,0.00010895076369743596,11.448105938556566,0.007407402830392332,0.16175402086784935,0.0
9318,1.0,0.05,0.00010895076369743596,11.448105938556566,0.008128660104070335,0.16175402086784935,0.0
9319,1.0,0.05,0.00010895076369743596,11.448105938556566,0.007385287760737066,0.16175402086784935,0.0
9320,1.0,0.05,0.00010895076369743596,11.448105938556566,0.007308251593030599,0.16175402086784935,0.0
9321,1.0,0.05,0.00011588125016380579,11.448105938556566,0.007934697401198192,0.16175402086784935,0.0
9322,1.0,0.05,0.00011588125016380579,11.448105938556566,0.007934697401198192,0.16175402086784935,0.0
9323,1.0,0.05,0.00011588125016380579,8.862678975170724,0.007255622627629656,0.16175402086784935,0.0
9324,1.0,0.05,0.00011588125016380579,8.862678975170724,0.006994190884674899,0.16175402086784935,0.0
9325,1.0,0.05,0.00011588125016380579,8.862678975170724,0.006994190884674899,0.16175402086784935,0.0
9326,1.0,0.05,0.00011588125016380579,8.862678975170724,0.006994190884674899,0.16175402086784935,0.0
9327,1.0,0.05,0.00011588125016380579,8.862678975170724,0.006994190884674899,0.15020483660445397,0.0
9328,1.0,0.05,0.00011588125016380579,8.862678975170724,0.006994190884674899,0.16169533019544513,0.0
9329,1.0,0.05,0.00011588125016380579,8.862678975170724,0.007495425590052397,0.16169533019544513,0.0
9330,1.0,0.05,0.00011588125016380579,8.862678975170724,0.007495425590052397,0.16169533019544513,0.0
9331,1.0,0.05,0.00011588125016380579,8.862678975170724,0.007495425590052397,0.16169533019544513,0.0
9332,1.0,0.05,0.00011588125016380579,8.862678975170724,0.007495425590052397,0.16169533019544513,0.0
9333,1.0,0.05,0.00011588125016380579,8.862678975170724,0.007495425590052397,0.16169533019544513,0.0
9334,1.0,0.05,0.00011588125016380579,8.862678975170724,0.007495425590052397,0.16169533019544513,0.0
9335,1.0,0.05,0.00011588125016380579,8.862678975170724,0.007495425590052397,0.16169533019544513,0.0
9336,1.0,0.05,0.00011588125016380579,8.862678975170724,0.007495425590052397,0.16169533019544513,0.0
9337,1.0,0.05,0.00011588125016380579,8.862678975170724,0.007495425590052397,0.16169533019544513,0.0
9338,1.0,0.05,0.00011588125016380579,8.862678975170724,0.007495425590052397,0.16169533019544513,0.0
9339,1.0,0.05,0.00011588125016380579,8.862678975170724,0.007320281492029616,0.16449210161101363,0.0
9340,1.0,0.05,0.00011588125016380579,8.862678975170724,0.007329381927892842,0.16449210161101363,0.0
9341,1.0,0.05,0.00011588125016380579,8.862678975170724,0.007329381927892842,0.15786091799496635,0.0
9342,1.0,0.05,0.00011588125016380579,8.862678975170724,0.007329381927892842,0.15786091799496635,0.0
9343,1.0,0.05,0.00011588125016380579,8.862678975170724,0.007329381927892842,0.17244217220398766,0.0
9344,1.0,0.05,0.00011588125016380579,8.862678975170724,0.007329381927892842,0.17244217220398766,0.0
9345,1.0,0.05,0.00011588125016380579,8.862678975170724,0.007329381927892842,0.17244217220398766,0.0
9346,1.0,0.05,0.00011588125016380579,8.862678975170724,0.007329381927892842,0.17244217220398766,0.0
9347,1.0,0.05,0.00011588125016380579,8.862678975170724,0.007329381927892842,0.17244217220398766,0.0
9348,1.0,0.05,0.00011588125016380579,8.862678975170724,0.0071014790331881605,0.17244217220398766,0.0
9349,1.0,0.05,0.00011588125016380579,8.862678975170724,0.0071014790331881605,0.17244217220398766,0.0
9350,1.0,0.05,0.00011588125016380579,8.862678975170724,0.0071014790331881605,0.17244217220398766,0.0
9351,1.0,0.05,0.00011588125016380579,10.764288952066607,0.0071014790331881605,0.17244217220398766,0.0
9352,1.0,0.05,0.00011588125016380579,10.764288952066607,0.0071014790331881605,0.17244217220398766,0.0
9353,1.0,0.05,0.00011588125016380579,10.764288952066607,0.0071014790331881605,0.17244217220398766,0.0
9354,1.0,0.05,0.00011588125016380579,10.764288952066607,0.0071014790331881605,0.13877261581358757,0.0
9355,1.0,0.05,0.00011588125016380579,10.764288952066607,0.0071014790331881605,0.13877261581358757,0.0
9356,1.0,0.05,0.00011994120355862147,10.764288952066607,0.0071014790331881605,0.13877261581358757,0.0
9357,1.0,0.05,0.00011994120355862147,10.764288952066607,0.0071014790331881605,0.13877261581358757,0.0
9358,1.0,0.05,0.00011994120355862147,10.764288952066607,0.0071014790331881605,0.13877261581358757,0.0
9359,1.0,0.05,0.00011687404906613463,10.764288952066607,0.0071014790331881605,0.13877261581358757,0.0
9360,1.0,0.05,0.00011687404906613463,10.764288952066607,0.0071014790331881605,0.13877261581358757,0.0
9361,1.0,0.05,0.00011687404906613463,10.764288952066607,0.0071014790331881605,0.13877261581358757,0.0
9362,1.0,0.05,0.00011687404906613463,8.92298564703033,0.0071014790331881605,0.13631330031283395,0.0
9363,1.0,0.05,0.00011687404906613463,8.92298564703033,0.0071014790331881605,0.13631330031283395,0.0
9364,1.0,0.05,0.00011687404906613463,12.905199467574576,0.0071014790331881605,0.14546595396895737,0.0
9365,1.0,0.05,0.00011687404906613463,12.149915630660232,0.007649089983326327,0.14546595396895737,0.0
9366,1.0,0.05,0.00011687404906613463,9.368982471951952,0.007649089983326327,0.14546595396895737,0.0
9367,1.0,0.05,0.00011687404906613463,9.368982471951952,0.007649089983326327,0.1872683549057746,0.0
9368,1.0,0.05,0.00011687404906613463,9.368982471951952,0.0071712109750873745,0.1872683549057746,0.0
9369,1.0,0.05,0.00011687404906613463,9.368982471951952,0.0071712109750873745,0.16924496306195097,0.0
9370,1.0,0.05,0.00011687404906613463,9.368982471951952,0.0071712109750873745,0.16924496306195097,0.0
9371,1.0,0.05,0.00011687404906613463,9.368982471951952,0.0071712109750873745,0.16924496306195097,0.0
9372,1.0,0.05,0.00011687404906613463,9.368982471951952,0.0071712109750873745,0.16924496306195097,0.0
9373,1.0,0.05,0.00011687404906613463,9.368982471951952,0.0071712109750873745,0.16924496306195097,0.0
9374,1.0,0.05,0.00011687404906613463,9.368982471951952,0.0071712109750873745,0.16924496306195097,0.0
9375,1.0,0.05,0.00011687404906613463,9.368982471951952,0.0071712109750873745,0.16924496306195097,0.0
9376,1.0,0.05,0.00011687404906613463,11.832894434255792,0.0071440845186866945,0.16924496306195097,0.0
9377,1.0,0.05,0.00011687404906613463,11.832894434255792,0.0071440845186866945,0.16924496306195097,0.0
9378,1.0,0.05,0.00011687404906613463,11.832894434255792,0.0071440845186866945,0.16924496306195097,0.0
9379,1.0,0.05,0.00011687404906613463,11.832894434255792,0.0071440845186866945,0.16924496306195097,0.0
9380,1.0,0.05,0.00011687404906613463,11.832894434255792,0.0071440845186866945,0.12682131745735795,0.0
9381,1.0,0.05,0.00011687404906613463,11.832894434255792,0.0071440845186866945,0.14454603164443958,0.0
9382,1.0,0.05,0.00011687404906613463,11.832894434255792,0.0071440845186866945,0.14454603164443958,0.0
9383,1.0,0.05,0.00011687404906613463,11.832894434255792,0.0071440845186866945,0.14454603164443958,0.0
9384,1.0,0.05,0.00011687404906613463,10.96443383237893,0.0071440845186866945,0.14454603164443958,0.0
9385,1.0,0.05,0.00011687404906613463,10.96443383237893,0.0071440845186866945,0.14454603164443958,0.0
9386,1.0,0.05,0.00011687404906613463,10.96443383237893,0.0071440845186866945,0.14454603164443958,0.0
9387,1.0,0.05,0.00011687404906613463,10.96443383237893,0.0071440845186866945,0.16138842696928662,0.0
9388,1.0,0.05,0.00011687404906613463,10.96443383237893,0.0071440845186866945,0.16138842696928662,0.0
9389,1.0,0.05,0.00011687404906613463,10.96443383237893,0.0071440845186866945,0.14768840435595565,0.0
9390,1.0,0.05,0.00011687404906613463,10.96443383237893,0.007273334325040378,0.11108348481189165,0.0
9391,1.0,0.05,0.00011687404906613463,10.96443383237893,0.007273334325040378,0.11108348481189165,0.0
9392,1.0,0.05,0.00011687404906613463,10.96443383237893,0.007374221696554997,0.14682386040776874,0.0
9393,1.0,0.05,0.00011687404906613463,10.96443383237893,0.007374221696554997,0.14682386040776874,0.0
9394,1.0,0.05,0.00011687404906613463,10.96443383237893,0.007374221696554997,0.14682386040776874,0.0
9395,1.0,0.05,0.00011687404906613463,10.96443383237893,0.007374221696554997,0.1529442040237543,0.0
9396,1.0,0.05,0.00011687404906613463,10.96443383237893,0.007374221696554997,0.16603922393828224,0.0
9397,1.0,0.05,0.00011687404906613463,10.96443383237893,0.007374221696554997,0.16603922393828224,0.0
9398,1.0,0.05,0.00011687404906613463,10.96443383237893,0.007374221696554997,0.15564943059708483,0.0
9399,1.0,0.05,0.00011687404906613463,10.96443383237893,0.007374221696554997,0.15564943059708483,0.0
9400,1.0,0.05,0.00011687404906613463,10.96443383237893,0.007374221696554997,0.11591582352010477,0.0
9401,1.0,0.05,0.00011687404906613463,10.96443383237893,0.007374221696554997,0.11591582352010477,0.0
9402,1.0,0.05,0.000121093198307488,10.96443383237893,0.006760516719645213,0.11591582352010477,0.0
9403,1.0,0.05,0.000121093198307488,10.96443383237893,0.006760516719645213,0.11591582352010477,0.0
9404,1.0,0.05,0.0001270785971763793,10.96443383237893,0.006760516719645213,0.11591582352010477,0.0
9405,1.0,0.05,0.0001270785971763793,10.96443383237893,0.006760516719645213,0.11591582352010477,0.0
9406,1.0,0.05,0.0001270785971763793,10.96443383237893,0.006760516719645213,0.11591582352010477,0.0
9407,1.0,0.05,0.0001270785971763793,10.96443383237893,0.006760516719645213,0.11591582352010477,0.0
9408,1.0,0.05,0.0001270785971763793,11.423633204827595,0.00653626890457176,0.11591582352010477,0.0
9409,1.0,0.05,0.0001270785971763793,11.423633204827595,0.00653626890457176,0.11591582352010477,0.0
9410,1.0,0.05,0.0001270785971763793,11.423633204827595,0.00653626890457176,0.11591582352010477,0.0
9411,1.0,0.05,0.0001270785971763793,11.423633204827595,0.00653626890457176,0.11591582352010477,0.0
9412,1.0,0.05,0.0001270785971763793,11.423633204827595,0.00653626890457176,0.11591582352010477,0.0
9413,1.0,0.05,0.0001270785971763793,11.423633204827595,0.00653626890457176,0.11591582352010477,0.0
9414,1.0,0.05,0.0001270785971763793,11.423633204827595,0.00653626890457176,0.11591582352010477,0.0
9415,1.0,0.05,0.0001270785971763793,11.423633204827595,0.00653626890457176,0.11591582352010477,0.0
9416,1.0,0.05,0.0001270785971763793,11.423633204827595,0.00653626890457176,0.11591582352010477,0.0
9417,1.0,0.05,0.0001270785971763793,11.423633204827595,0.00653626890457176,0.11003718035019361,0.0
9418,1.0,0.05,0.0001270785971763793,11.423633204827595,0.00653626890457176,0.11003718035019361,0.0
9419,1.0,0.05,0.0001270785971763793,11.423633204827595,0.00653626890457176,0.11212211799991098,0.0
9420,1.0,0.05,0.0001270785971763793,11.423633204827595,0.006261805353697513,0.11212211799991098,0.0
9421,1.0,0.05,0.0001270785971763793,11.423633204827595,0.006331879596831972,0.09381439607332419,0.0
9422,1.0,0.05,0.0001270785971763793,11.23400466285922,0.006331879596831972,0.09381439607332419,0.0
9423,1.0,0.05,0.0001270785971763793,11.23400466285922,0.006331879596831972,0.09381439607332419,0.0
9424,1.0,0.05,0.0001270785971763793,13.880736462835543,0.006331879596831972,0.09381439607332419,0.0
9425,1.0,0.05,0.0001270785971763793,13.880736462835543,0.006331879596831972,0.09381439607332419,0.0
9426,1.0,0.05,0.0001270785971763793,13.880736462835543,0.006331879596831972,0.09002748959662805,0.0
9427,1.0,0.05,0.0001270785971763793,13.880736462835543,0.006331879596831972,0.09002748959662805,0.0
9428,1.0,0.05,0.0001270785971763793,13.880736462835543,0.006331879596831972,0.08285515498613392,0.0
9429,1.0,0.05,0.0001270785971763793,10.311434388021468,0.006331879596831972,0.08285515498613392,0.0
9430,1.0,0.05,0.0001270785971763793,10.311434388021468,0.006331879596831972,0.08285515498613392,0.0
9431,1.0,0.05,0.0001270785971763793,9.709193705973448,0.006331879596831972,0.07490785453337276,0.0
9432,1.0,0.05,0.0001270785971763793,9.709193705973448,0.006331879596831972,0.07490785453337276,0.0
9433,1.0,0.05,0.0001270785971763793,9.709193705973448,0.005509651277484583,0.10913008606361865,0.0
9434,1.0,0.05,0.0001270785971763793,9.709193705973448,0.005509651277484583,0.10913008606361865,0.0
9435,1.0,0.05,0.0001270785971763793,9.709193705973448,0.007114661901981597,0.10913008606361865,0.0
9436,1.0,0.05,0.0001271729923749392,9.709193705973448,0.007114661901981597,0.10913008606361865,0.0
9437,1.0,0.05,0.0001271729923749392,9.709193705973448,0.007114661901981597,0.10428439282781969,0.0
9438,1.0,0.05,0.0001271729923749392,9.709193705973448,0.006504554066659022,0.10428439282781969,0.0
9439,1.0,0.05,0.0001271729923749392,9.709193705973448,0.006504554066659022,0.10428439282781969,0.0
9440,1.0,0.05,0.0001271729923749392,8.344716058606181,0.006504554066659022,0.10428439282781969,0.0
9441,1.0,0.05,0.0001271729923749392,8.344716058606181,0.006504554066659022,0.10428439282781969,0.0
9442,1.0,0.05,0.0001271729923749392,8.344716058606181,0.005952084976981106,0.10804252652616468,0.0
9443,1.0,0.05,0.0001271729923749392,8.344716058606181,0.005952084976981106,0.10804252652616468,0.0
9444,1.0,0.05,0.0001271729923749392,8.344716058606181,0.005952084976981106,0.10804252652616468,0.0
9445,1.0,0.05,0.0001271729923749392,8.344716058606181,0.005952084976981106,0.10804252652616468,0.0
9446,1.0,0.05,0.0001271729923749392,8.344716058606181,0.005952084976981106,0.10804252652616468,0.0
9447,1.0,0.05,0.0001271729923749392,8.344716058606181,0.005952084976981106,0.10804252652616468,0.0
9448,1.0,0.05,0.0001271729923749392,8.344716058606181,0.005952084976981106,0.10804252652616468,0.0
9449,1.0,0.05,0.0001271729923749392,8.344716058606181,0.005952084976981106,0.10804252652616468,0.0
9450,1.0,0.05,0.00012713496569159073,8.344716058606181,0.005952084976981106,0.10804252652616468,0.0
9451,1.0,0.05,0.00012713496569159073,8.344716058606181,0.005952084976981106,0.10804252652616468,0.0
9452,1.0,0.05,0.00012713496569159073,8.344716058606181,0.005984654480459801,0.10804252652616468,0.0
9453,1.0,0.05,0.00012713496569159073,8.344716058606181,0.005984654480459801,0.10804252652616468,0.0
9454,1.0,0.05,0.00012713496569159073,12.903770289362669,0.005984654480459801,0.10804252652616468,0.0
9455,1.0,0.05,0.00012713496569159073,12.903770289362669,0.005984654480459801,0.10804252652616468,0.0
9456,1.0,0.05,0.00012713496569159073,12.903770289362669,0.005984654480459801,0.10138225367740296,0.0
9457,1.0,0.05,0.00012713496569159073,9.6887148325916,0.007898630145312278,0.10138225367740296,0.0
9458,1.0,0.05,0.00012713496569159073,9.6887148325916,0.007898630145312278,0.10138225367740296,0.0
9459,1.0,0.05,0.00012713496569159073,9.6887148325916,0.007898630145312278,0.12354170644597388,0.0
9460,1.0,0.05,0.00011302003032984664,9.6887148325916,0.007898630145312278,0.12354170644597388,0.0
9461,1.0,0.05,0.00012465689616978238,9.6887148325916,0.007898630145312278,0.12354170644597388,0.0
9462,1.0,0.05,0.00012465689616978238,14.712660933639413,0.007898630145312278,0.12354170644597388,0.0
9463,1.0,0.05,0.00012465689616978238,14.712660933639413,0.007898630145312278,0.12354170644597388,0.0
9464,1.0,0.05,0.00012465689616978238,14.712660933639413,0.007898630145312278,0.1024090487374226,0.0
9465,1.0,0.05,0.00012465689616978238,14.712660933639413,0.007898630145312278,0.08764085867583105,0.0
9466,1.0,0.05,0.00012465689616978238,12.877083207967218,0.006566979061683051,0.08764085867583105,0.0
9467,1.0,0.05,0.00012465689616978238,12.877083207967218,0.006566979061683051,0.10728807920690478,0.0
9468,1.0,0.05,0.00012465689616978238,12.877083207967218,0.006566979061683051,0.11914120457661492,0.0
9469,1.0,0.05,0.00012465689616978238,7.851103670414091,0.006566979061683051,0.10848141447738192,0.0
9470,1.0,0.05,0.00012465689616978238,7.851103670414091,0.006566979061683051,0.10848141447738192,0.0
9471,1.0,0.05,0.00012465689616978238,7.851103670414091,0.006566979061683051,0.10848141447738192,0.0
9472,1.0,0.05,0.00012465689616978238,7.851103670414091,0.006566979061683051,0.15852512017871334,0.0
9473,1.0,0.05,0.0001203886109472227,7.851103670414091,0.006566979061683051,0.15852512017871334,0.0
9474,1.0,0.05,0.0001203886109472227,7.851103670414091,0.006566979061683051,0.15852512017871334,0.0
9475,1.0,0.05,0.0001203886109472227,7.851103670414091,0.006566979061683051,0.15852512017871334,0.0
9476,1.0,0.05,0.0001203886109472227,7.851103670414091,0.006566979061683051,0.15852512017871334,0.0
9477,1.0,0.05,0.0001203886109472227,7.851103670414091,0.006566979061683051,0.15852512017871334,0.0
9478,1.0,0.05,0.0001203886109472227,7.851103670414091,0.006566979061683051,0.15852512017871334,0.0
9479,1.0,0.05,0.0001203886109472227,7.851103670414091,0.006566979061683051,0.153764701153111,0.0
9480,1.0,0.05,0.0001203886109472227,7.851103670414091,0.006566979061683051,0.153764701153111,0.0
9481,1.0,0.05,0.0001203886109472227,7.851103670414091,0.006883583607668599,0.153764701153111,0.0
9482,1.0,0.05,0.0001203886109472227,8.978835787320435,0.006579297821567543,0.153764701153111,0.0
9483,1.0,0.05,0.0001203886109472227,8.978835787320435,0.006579297821567543,0.153764701153111,0.0
9484,1.0,0.05,0.0001203886109472227,8.978835787320435,0.006579297821567543,0.153764701153111,0.0
9485,1.0,0.05,0.0001203886109472227,8.978835787320435,0.006579297821567543,0.153764701153111,0.0
9486,1.0,0.05,0.0001203886109472227,8.978835787320435,0.006579297821567543,0.153764701153111,0.0
9487,1.0,0.05,0.0001203886109472227,8.978835787320435,0.007461147582835702,0.153764701153111,0.0
9488,1.0,0.05,0.0001203886109472227,6.426881029288211,0.007461147582835702,0.153764701153111,0.0
9489,1.0,0.05,0.00012084128011568757,5.963843643162065,0.007461147582835702,0.153764701153111,0.0
9490,1.0,0.05,0.00012084128011568757,5.963843643162065,0.007461147582835702,0.153764701153111,0.0
9491,1.0,0.05,0.00012084128011568757,5.963843643162065,0.007461147582835702,0.153764701153111,0.0
9492,1.0,0.05,0.00012084128011568757,5.963843643162065,0.007461147582835702,0.1580058849288951,0.0
9493,1.0,0.05,0.00012084128011568757,5.963843643162065,0.007172052870701469,0.1580058849288951,0.0
9494,1.0,0.05,0.00012084128011568757,7.672874076419944,0.007172052870701469,0.16622176920179094,0.0
9495,1.0,0.05,0.00012084128011568757,7.672874076419944,0.007172052870701469,0.16622176920179094,0.0
9496,1.0,0.05,0.00012084128011568757,7.672874076419944,0.007172052870701469,0.16622176920179094,0.0
9497,1.0,0.05,0.00012084128011568757,7.672874076419944,0.007172052870701469,0.16622176920179094,0.0
9498,1.0,0.05,0.00012084128011568757,7.672874076419944,0.007172052870701469,0.16622176920179094,0.0
9499,1.0,0.05,0.00012084128011568757,7.672874076419944,0.006775293257630632,0.16622176920179094,0.0
9500,1.0,0.05,0.00012084128011568757,7.672874076419944,0.006878810299020838,0.16622176920179094,0.0
9501,1.0,0.05,0.00012235979120398481,7.672874076419944,0.006878810299020838,0.16622176920179094,0.0
9502,1.0,0.05,0.00012235979120398481,5.678783783209738,0.006878810299020838,0.16622176920179094,0.0
9503,1.0,0.05,0.00012235979120398481,5.678783783209738,0.006878810299020838,0.16622176920179094,0.0
9504,1.0,0.05,0.00012235979120398481,5.678783783209738,0.006878810299020838,0.16622176920179094,0.0
9505,1.0,0.05,0.00012235979120398481,5.678783783209738,0.006878810299020838,0.16622176920179094,0.0
9506,1.0,0.05,0.00012235979120398481,5.678783783209738,0.006878810299020838,0.16622176920179094,0.0
9507,1.0,0.05,0.00012235979120398481,5.678783783209738,0.0067834922978697665,0.13124920666557333,0.0
9508,1.0,0.05,0.00012235979120398481,5.678783783209738,0.0067834922978697665,0.13124920666557333,0.0
9509,1.0,0.05,0.00012235979120398481,5.678783783209738,0.0067834922978697665,0.1497915275590314,0.0
9510,1.0,0.05,0.0001244695922130768,9.330704525321494,0.0067834922978697665,0.1497915275590314,0.0
9511,1.0,0.05,0.0001244695922130768,9.330704525321494,0.0067834922978697665,0.1497915275590314,0.0
9512,1.0,0.05,0.0001244695922130768,9.330704525321494,0.0067834922978697665,0.1497915275590314,0.0
9513,1.0,0.05,0.0001244695922130768,9.330704525321494,0.0067834922978697665,0.1497915275590314,0.0
9514,1.0,0.05,0.00011382314800969396,9.330704525321494,0.0067834922978697665,0.1497915275590314,0.0
9515,1.0,0.05,0.00011382314800969396,9.330704525321494,0.0067834922978697665,0.1497915275590314,0.0
9516,1.0,0.05,0.00011382314800969396,9.330704525321494,0.0067834922978697665,0.1497915275590314,0.0
9517,1.0,0.05,0.00011382314800969396,9.330704525321494,0.0067834922978697665,0.1497915275590314,0.0
9518,1.0,0.05,0.00011382314800969396,9.330704525321494,0.006545824681356542,0.18246632798340195,0.0
9519,1.0,0.05,0.00011382314800969396,9.330704525321494,0.006545824681356542,0.18246632798340195,0.0
9520,1.0,0.05,0.00011382314800969396,9.330704525321494,0.006545824681356542,0.18246632798340195,0.0
9521,1.0,0.05,0.00011382314800969396,9.330704525321494,0.008144739693994672,0.18101123955613108,0.0
9522,1.0,0.05,0.00011382314800969396,9.330704525321494,0.008144739693994672,0.18101123955613108,0.0
9523,1.0,0.05,0.00011382314800969396,10.32066455070968,0.008144739693994672,0.18101123955613108,0.0
9524,1.0,0.05,0.00011382314800969396,10.32066455070968,0.008144739693994672,0.18101123955613108,0.0
9525,1.0,0.05,0.00011382314800969396,10.32066455070968,0.008144739693994672,0.1641414193348624,0.0
9526,1.0,0.05,0.00011382314800969396,10.32066455070968,0.008144739693994672,0.1641414193348624,0.0
9527,1.0,0.05,0.00011382314800969396,10.32066455070968,0.008144739693994672,0.1641414193348624,0.0
9528,1.0,0.05,0.00011382314800969396,10.32066455070968,0.008144739693994672,0.1641414193348624,0.0
9529,1.0,0.05,0.00011382314800969396,10.32066455070968,0.008144739693994672,0.1641414193348624,0.0
9530,1.0,0.05,0.00011382314800969396,10.32066455070968,0.008144739693994672,0.1641414193348624,0.0
9531,1.0,0.05,0.00011760384620512273,10.32066455070968,0.008144739693994672,0.1641414193348624,0.0
9532,1.0,0.05,0.00011760384620512273,10.32066455070968,0.008144739693994672,0.1641414193348624,0.0
9533,1.0,0.05,0.00011760384620512273,10.32066455070968,0.008144739693994672,0.1641414193348624,0.0
9534,1.0,0.05,0.00011760384620512273,10.32066455070968,0.008144739693994672,0.1608376128976819,0.0
9535,1.0,0.05,0.00011437470723213516,10.32066455070968,0.007852789534436666,0.1608376128976819,0.0
9536,1.0,0.05,0.00011437470723213516,10.32066455070968,0.007852789534436666,0.14354243595357727,0.0
9537,1.0,0.05,0.00011437470723213516,10.32066455070968,0.007393602477141603,0.14354243595357727,0.0
9538,1.0,0.05,0.00011437470723213516,10.32066455070968,0.00821511704689892,0.14354243595357727,0.0
9539,1.0,0.05,0.00011437470723213516,10.32066455070968,0.00821511704689892,0.14354243595357727,0.0
9540,1.0,0.05,0.00011437470723213516,10.32066455070968,0.00821511704689892,0.1968191400382291,0.0
9541,1.0,0.05,0.00011437470723213516,10.32066455070968,0.00821511704689892,0.1968191400382291,0.0
9542,1.0,0.05,0.00011437470723213516,10.32066455070968,0.00821511704689892,0.1968191400382291,0.0
9543,1.0,0.05,0.00011437470723213516,10.32066455070968,0.00821511704689892,0.1968191400382291,0.0
9544,1.0,0.05,0.00011437470723213516,10.32066455070968,0.00821511704689892,0.21909701458287767,0.0
9545,1.0,0.05,0.00011437470723213516,10.32066455070968,0.00821511704689892,0.14956715875825627,0.0
9546,1.0,0.05,0.00011437470723213516,10.32066455070968,0.00821511704689892,0.18970473875204102,0.0
9547,1.0,0.05,0.00011437470723213516,8.936721733268712,0.007839505259729596,0.18970473875204102,0.0
9548,1.0,0.05,0.00011437470723213516,8.936721733268712,0.007839505259729596,0.20803687599632037,0.0
9549,1.0,0.05,0.00011437470723213516,9.006066943603656,0.007839505259729596,0.20803687599632037,0.0
9550,1.0,0.05,0.00011437470723213516,9.006066943603656,0.007267725742778632,0.20803687599632037,0.0
9551,1.0,0.05,0.00011437470723213516,8.363090593574427,0.007267725742778632,0.20803687599632037,0.0
9552,1.0,0.05,0.00011437470723213516,8.363090593574427,0.00756223179417082,0.20803687599632037,0.0
9553,1.0,0.05,0.00011437470723213516,8.363090593574427,0.00756223179417082,0.20803687599632037,0.0
9554,1.0,0.05,0.00011437470723213516,8.363090593574427,0.00756223179417082,0.20803687599632037,0.0
9555,1.0,0.05,0.00011437470723213516,8.363090593574427,0.00756223179417082,0.20803687599632037,0.0
9556,1.0,0.05,0.00011437470723213516,8.363090593574427,0.00756223179417082,0.20803687599632037,0.0
9557,1.0,0.05,0.00011437470723213516,8.363090593574427,0.00756223179417082,0.20803687599632037,0.0
9558,1.0,0.05,0.00011437470723213516,8.363090593574427,0.008139742383351,0.20803687599632037,0.0
9559,1.0,0.05,0.00011437470723213516,8.363090593574427,0.0074359955491466,0.20803687599632037,0.0
9560,1.0,0.05,0.00011437470723213516,8.363090593574427,0.0074359955491466,0.20803687599632037,0.0
9561,1.0,0.05,0.00011437470723213516,8.363090593574427,0.0074359955491466,0.20803687599632037,0.0
9562,1.0,0.05,0.00011437470723213516,7.767910063479903,0.0074359955491466,0.20803687599632037,0.0
9563,1.0,0.05,0.00011437470723213516,7.767910063479903,0.0074359955491466,0.20803687599632037,0.0
9564,1.0,0.05,0.00011437470723213516,7.767910063479903,0.0074359955491466,0.20803687599632037,0.0
9565,1.0,0.05,0.00011437470723213516,7.767910063479903,0.007794534332586295,0.20803687599632037,0.0
9566,1.0,0.05,0.00011437470723213516,8.141438104366344,0.007794534332586295,0.20803687599632037,0.0
9567,1.0,0.05,0.00011437470723213516,8.141438104366344,0.007794534332586295,0.20803687599632037,0.0
9568,1.0,0.05,0.00011437470723213516,8.141438104366344,0.007794534332586295,0.20803687599632037,0.0
9569,1.0,0.05,0.00011437470723213516,7.937079441981808,0.007794534332586295,0.20803687599632037,0.0
9570,1.0,0.05,0.00011437470723213516,7.937079441981808,0.007794534332586295,0.20803687599632037,0.0
9571,1.0,0.05,0.00011437470723213516,7.937079441981808,0.007794534332586295,0.20803687599632037,0.0
9572,1.0,0.05,0.00011437470723213516,7.937079441981808,0.007794534332586295,0.20803687599632037,0.0
9573,1.0,0.05,0.00011437470723213516,7.937079441981808,0.007794534332586295,0.20803687599632037,0.0
9574,1.0,0.05,0.00011437470723213516,7.937079441981808,0.007794534332586295,0.20803687599632037,0.0
9575,1.0,0.05,0.00011437470723213516,9.254942044740574,0.008128205604644601,0.20803687599632037,0.0
9576,1.0,0.05,0.00011457061172886632,9.254942044740574,0.008128205604644601,0.20803687599632037,0.0
9577,1.0,0.05,0.00011992693767883827,9.254942044740574,0.008128205604644601,0.16049258397839564,0.0
9578,1.0,0.05,0.00011992693767883827,9.254942044740574,0.0068619751836922396,0.16049258397839564,0.0
9579,1.0,0.05,0.00011992693767883827,9.254942044740574,0.0068619751836922396,0.16049258397839564,0.0
9580,1.0,0.05,0.00011739738314089426,6.921922124927576,0.0068619751836922396,0.16049258397839564,0.0
9581,1.0,0.05,0.00011739738314089426,6.921922124927576,0.0068619751836922396,0.16049258397839564,0.0
9582,1.0,0.05,0.00011739738314089426,6.921922124927576,0.0068619751836922396,0.16049258397839564,0.0
9583,1.0,0.05,0.00011739738314089426,6.921922124927576,0.0068619751836922396,0.16049258397839564,0.0
9584,1.0,0.05,0.00011739738314089426,6.921922124927576,0.0068619751836922396,0.16049258397839564,0.0
9585,1.0,0.05,0.00011739738314089426,6.921922124927576,0.0068619751836922396,0.16049258397839564,0.0
9586,1.0,0.05,0.00011739738314089426,6.921922124927576,0.0068619751836922396,0.16049258397839564,0.0
9587,1.0,0.05,0.00011739738314089426,6.921922124927576,0.0068619751836922396,0.16049258397839564,0.0
9588,1.0,0.05,0.00011739738314089426,6.921922124927576,0.0068619751836922396,0.16049258397839564,0.0
9589,1.0,0.05,0.00011739738314089426,6.921922124927576,0.0068619751836922396,0.16049258397839564,0.0
9590,1.0,0.05,0.00011739738314089426,6.921922124927576,0.0068619751836922396,0.16049258397839564,0.0
9591,1.0,0.05,0.00011781507939158057,6.921922124927576,0.0068619751836922396,0.1792898748913094,0.0
9592,1.0,0.05,0.00011781507939158057,6.921922124927576,0.0068619751836922396,0.1792898748913094,0.0
9593,1.0,0.05,0.00011781507939158057,6.921922124927576,0.0068619751836922396,0.1792898748913094,0.0
9594,1.0,0.05,0.00011781507939158057,6.921922124927576,0.0068619751836922396,0.1792898748913094,0.0
9595,1.0,0.05,0.00011781507939158057,6.921922124927576,0.0068619751836922396,0.1792898748913094,0.0
9596,1.0,0.05,0.00011781507939158057,6.921922124927576,0.0068619751836922396,0.1792898748913094,0.0
9597,1.0,0.05,0.00011781507939158057,6.921922124927576,0.0068619751836922396,0.1792898748913094,0.0
9598,1.0,0.05,0.00011781507939158057,6.921922124927576,0.0068619751836922396,0.1792898748913094,0.0
9599,1.0,0.05,0.00011781507939158057,6.921922124927576,0.0068619751836922396,0.1792898748913094,0.0
9600,1.0,0.05,0.00011781507939158057,6.921922124927576,0.0068619751836922396,0.1792898748913094,0.0
9601,1.0,0.05,0.00011781507939158057,6.077510249529695,0.0068619751836922396,0.1792898748913094,0.0
9602,1.0,0.05,0.00011781507939158057,6.077510249529695,0.0068619751836922396,0.1792898748913094,0.0
9603,1.0,0.05,0.00011781507939158057,6.077510249529695,0.0068619751836922396,0.1792898748913094,0.0
9604,1.0,0.05,0.00011781507939158057,6.077510249529695,0.0068619751836922396,0.1792898748913094,0.0
9605,1.0,0.05,0.00011781507939158057,6.077510249529695,0.0071465377007493905,0.1792898748913094,0.0
9606,1.0,0.05,0.00011781507939158057,6.077510249529695,0.007439072741125965,0.1277001924382971,0.0
9607,1.0,0.05,0.00011781507939158057,6.077510249529695,0.007439072741125965,0.13414236521056394,0.0
9608,1.0,0.05,0.00011691743033868707,6.077510249529695,0.007439072741125965,0.13414236521056394,0.0
9609,1.0,0.05,0.00011691743033868707,6.077510249529695,0.007439072741125965,0.13414236521056394,0.0
9610,1.0,0.05,0.00011691743033868707,6.077510249529695,0.007439072741125965,0.13414236521056394,0.0
9611,1.0,0.05,0.00011672037850013838,6.077510249529695,0.007439072741125965,0.20123421239481576,0.0
9612,1.0,0.05,0.00011672037850013838,6.077510249529695,0.007439072741125965,0.20123421239481576,0.0
9613,1.0,0.05,0.00011672037850013838,6.077510249529695,0.007439072741125965,0.19679230098437395,0.0
9614,1.0,0.05,0.00011672037850013838,6.077510249529695,0.007439072741125965,0.19679230098437395,0.0
9615,1.0,0.05,0.00011672037850013838,6.077510249529695,0.00819471267361425,0.19679230098437395,0.0
9616,1.0,0.05,0.00011672037850013838,7.982807228152652,0.00819471267361425,0.19679230098437395,0.0
9617,1.0,0.05,0.00011672037850013838,7.982807228152652,0.00819471267361425,0.1788986630450184,0.0
9618,1.0,0.05,0.00011672037850013838,7.982807228152652,0.00819471267361425,0.1788986630450184,0.0
9619,1.0,0.05,0.00011672037850013838,7.982807228152652,0.00819471267361425,0.1788986630450184,0.0
9620,1.0,0.05,0.00011672037850013838,7.982807228152652,0.00819471267361425,0.1788986630450184,0.0
9621,1.0,0.05,0.00011672037850013838,7.982807228152652,0.00819471267361425,0.1788986630450184,0.0
9622,1.0,0.05,0.00011672037850013838,7.982807228152652,0.00819471267361425,0.1788986630450184,0.0
9623,1.0,0.05,0.00011672037850013838,7.982807228152652,0.00819471267361425,0.1788986630450184,0.0
9624,1.0,0.05,0.00011672037850013838,7.982807228152652,0.00819471267361425,0.1788986630450184,0.0
9625,1.0,0.05,0.00011672037850013838,7.982807228152652,0.007213704601823777,0.1788986630450184,0.0
9626,1.0,0.05,0.00011672037850013838,7.982807228152652,0.007213704601823777,0.1788986630450184,0.0
9627,1.0,0.05,0.00011672037850013838,7.982807228152652,0.007599331227345004,0.1788986630450184,0.0
9628,1.0,0.05,0.00011672037850013838,7.982807228152652,0.007599331227345004,0.1788986630450184,0.0
9629,1.0,0.05,0.00011672037850013838,6.926954247403813,0.007599331227345004,0.1788986630450184,0.0
9630,1.0,0.05,0.00011672037850013838,6.926954247403813,0.007629244647067969,0.1788986630450184,0.0
9631,1.0,0.05,0.00011672037850013838,6.926954247403813,0.007629244647067969,0.1788986630450184,0.0
9632,1.0,0.05,0.00011672037850013838,6.926954247403813,0.007629244647067969,0.1788986630450184,0.0
9633,1.0,0.05,0.00011672037850013838,6.926954247403813,0.007629244647067969,0.1788986630450184,0.0
9634,1.0,0.05,0.00011672037850013838,6.926954247403813,0.007629244647067969,0.1788986630450184,0.0
9635,1.0,0.05,0.00011672037850013838,7.94161627397996,0.007629244647067969,0.17379365253287424,0.0
9636,1.0,0.05,0.00011672037850013838,7.94161627397996,0.007629244647067969,0.12291020345465142,0.0
9637,1.0,0.05,0.00011672037850013838,7.94161627397996,0.007629244647067969,0.12291020345465142,0.0
9638,1.0,0.05,0.00011672037850013838,7.94161627397996,0.007629244647067969,0.12291020345465142,0.0
9639,1.0,0.05,0.00011672037850013838,10.37449895143503,0.007629244647067969,0.12291020345465142,0.0
9640,1.0,0.05,0.00011672037850013838,10.37449895143503,0.007629244647067969,0.12291020345465142,0.0
9641,1.0,0.05,0.00011471788932917971,10.37449895143503,0.007629244647067969,0.12291020345465142,0.0
9642,1.0,0.05,0.0001237061918816542,10.37449895143503,0.007629244647067969,0.12291020345465142,0.0
9643,1.0,0.05,0.0001237061918816542,10.37449895143503,0.007629244647067969,0.12291020345465142,0.0
9644,1.0,0.05,0.0001237061918816542,10.37449895143503,0.007629244647067969,0.12291020345465142,0.0
9645,1.0,0.05,0.00011951439845723774,10.37449895143503,0.007629244647067969,0.12291020345465142,0.0
9646,1.0,0.05,0.00011951439845723774,10.37449895143503,0.007629244647067969,0.12291020345465142,0.0
9647,1.0,0.05,0.00011951439845723774,10.37449895143503,0.007620239193681297,0.12291020345465142,0.0
9648,1.0,0.05,0.00011951439845723774,12.335924520858967,0.007620239193681297,0.12291020345465142,0.0
9649,1.0,0.05,0.00011951439845723774,12.335924520858967,0.007620239193681297,0.12291020345465142,0.0
9650,1.0,0.05,0.00011951439845723774,12.335924520858967,0.007620239193681297,0.12291020345465142,0.0
9651,1.0,0.05,0.00011951439845723774,12.335924520858967,0.007620239193681297,0.12291020345465142,0.0
9652,1.0,0.05,0.00011951439845723774,12.335924520858967,0.007620239193681297,0.13192111124590988,0.0
9653,1.0,0.05,0.00011951439845723774,12.335924520858967,0.007620239193681297,0.13192111124590988,0.0
9654,1.0,0.05,0.00011951439845723774,12.335924520858967,0.007620239193681297,0.13192111124590988,0.0
9655,1.0,0.05,0.00011951439845723774,12.335924520858967,0.007620239193681297,0.13192111124590988,0.0
9656,1.0,0.05,0.00011951439845723774,12.335924520858967,0.007620239193681297,0.13192111124590988,0.0
9657,1.0,0.05,0.00011951439845723774,12.335924520858967,0.007620239193681297,0.13192111124590988,0.0
9658,1.0,0.05,0.00011951439845723774,13.701354299856433,0.007620239193681297,0.13192111124590988,0.0
9659,1.0,0.05,0.00011951439845723774,13.701354299856433,0.007620239193681297,0.09987622421997444,0.0
9660,1.0,0.05,0.00011775295776708951,13.832968529288479,0.007621901052592054,0.09987622421997444,0.0
9661,1.0,0.05,0.00011775295776708951,13.832968529288479,0.007621901052592054,0.09987622421997444,0.0
9662,1.0,0.05,0.00011581487617544315,13.832968529288479,0.007621901052592054,0.12932580536097252,0.0
9663,1.0,0.05,0.00011581487617544315,11.284581916764381,0.006974880636013162,0.12932580536097252,0.0
9664,1.0,0.05,0.00011581487617544315,11.284581916764381,0.006974880636013162,0.12932580536097252,0.0
9665,1.0,0.05,0.00011581487617544315,11.284581916764381,0.006974880636013162,0.12932580536097252,0.0
9666,1.0,0.05,0.00011581487617544315,11.284581916764381,0.006974880636013162,0.12932580536097252,0.0
9667,1.0,0.05,0.00011581487617544315,12.504753095002101,0.006974880636013162,0.12439792973918176,0.0
9668,1.0,0.05,0.00011311811741482824,12.504753095002101,0.006974880636013162,0.12439792973918176,0.0
9669,1.0,0.05,0.00011311811741482824,12.504753095002101,0.006974880636013162,0.12439792973918176,0.0
9670,1.0,0.05,0.00011311811741482824,12.504753095002101,0.006974880636013162,0.12439792973918176,0.0
9671,1.0,0.05,0.00011311811741482824,12.504753095002101,0.006974880636013162,0.12439792973918176,0.0
9672,1.0,0.05,0.00011311811741482824,12.504753095002101,0.006974880636013162,0.12439792973918176,0.0
9673,1.0,0.05,0.00011311811741482824,12.504753095002101,0.006974880636013162,0.12439792973918176,0.0
9674,1.0,0.05,0.00011311811741482824,12.504753095002101,0.006974880636013162,0.12439792973918176,0.0
9675,1.0,0.05,0.00011311811741482824,12.504753095002101,0.006974880636013162,0.12439792973918176,0.0
9676,1.0,0.05,0.00011311811741482824,12.504753095002101,0.006974880636013162,0.12439792973918176,0.0
9677,1.0,0.05,0.00011311811741482824,12.504753095002101,0.007968293844931692,0.12439792973918176,0.0
9678,1.0,0.05,0.00011311811741482824,12.504753095002101,0.007968293844931692,0.14716586972770235,0.0
9679,1.0,0.05,0.00011311811741482824,12.795232486597712,0.006911723587721967,0.14716586972770235,0.0
9680,1.0,0.05,0.00011311811741482824,12.795232486597712,0.006911723587721967,0.14716586972770235,0.0
9681,1.0,0.05,0.00011311811741482824,12.795232486597712,0.006933335116934285,0.14716586972770235,0.0
9682,1.0,0.05,0.00011311811741482824,12.473055191030099,0.006933335116934285,0.14716586972770235,0.0
9683,1.0,0.05,0.00011311811741482824,12.473055191030099,0.006933335116934285,0.1559098523673383,0.0
9684,1.0,0.05,0.0001131193721021043,12.473055191030099,0.006933335116934285,0.1559098523673383,0.0
9685,1.0,0.05,0.0001131193721021043,12.473055191030099,0.006933335116934285,0.1478428283666388,0.0
9686,1.0,0.05,0.0001131193721021043,12.473055191030099,0.007005747046915253,0.1488575683360357,0.0
9687,1.0,0.05,0.0001131193721021043,12.473055191030099,0.007005747046915253,0.1488575683360357,0.0
9688,1.0,0.05,0.0001131193721021043,12.473055191030099,0.007005747046915253,0.1488575683360357,0.0
9689,1.0,0.05,0.0001131193721021043,12.473055191030099,0.007005747046915253,0.1488575683360357,0.0
9690,1.0,0.05,0.0001131193721021043,12.473055191030099,0.007005747046915253,0.1488575683360357,0.0
9691,1.0,0.05,0.0001131193721021043,12.473055191030099,0.007005747046915253,0.1488575683360357,0.0
9692,1.0,0.05,0.0001131193721021043,12.473055191030099,0.007005747046915253,0.1488575683360357,0.0
9693,1.0,0.05,0.0001131193721021043,12.473055191030099,0.007005747046915253,0.1488575683360357,0.0
9694,1.0,0.05,0.0001131193721021043,12.473055191030099,0.007759266314426087,0.1488575683360357,0.0
9695,1.0,0.05,0.0001131193721021043,12.473055191030099,0.007759266314426087,0.1488575683360357,0.0
9696,1.0,0.05,0.0001131193721021043,12.473055191030099,0.007759266314426087,0.1488575683360357,0.0
9697,1.0,0.05,0.0001131193721021043,12.473055191030099,0.007759266314426087,0.1488575683360357,0.0
9698,1.0,0.05,0.0001131193721021043,12.473055191030099,0.007759266314426087,0.1488575683360357,0.0
9699,1.0,0.05,0.0001131193721021043,12.473055191030099,0.007759266314426087,0.1488575683360357,0.0
9700,1.0,0.05,0.0001131193721021043,12.473055191030099,0.007759266314426087,0.1488575683360357,0.0
9701,1.0,0.05,0.0001131193721021043,12.473055191030099,0.007759266314426087,0.1488575683360357,0.0
9702,1.0,0.05,0.0001131193721021043,12.473055191030099,0.007759266314426087,0.1488575683360357,0.0
9703,1.0,0.05,0.00011978699121731906,12.473055191030099,0.007759266314426087,0.1488575683360357,0.0
9704,1.0,0.05,0.00011978699121731906,12.473055191030099,0.007759266314426087,0.1488575683360357,0.0
9705,1.0,0.05,0.00011978699121731906,9.564496943511742,0.007759266314426087,0.1488575683360357,0.0
9706,1.0,0.05,0.00011978699121731906,9.564496943511742,0.007759266314426087,0.1488575683360357,0.0
9707,1.0,0.05,0.00011978699121731906,9.564496943511742,0.007759266314426087,0.1488575683360357,0.0
9708,1.0,0.05,0.00011978699121731906,9.564496943511742,0.007054199560512928,0.1488575683360357,0.0
9709,1.0,0.05,0.00011978699121731906,9.564496943511742,0.007054199560512928,0.1488575683360357,0.0
9710,1.0,0.05,0.00011978699121731906,7.8142455020038,0.007054199560512928,0.1488575683360357,0.0
9711,1.0,0.05,0.00011978699121731906,7.8142455020038,0.007054199560512928,0.1488575683360357,0.0
9712,1.0,0.05,0.0001143013143846825,9.81722495720598,0.007054199560512928,0.1488575683360357,0.0
9713,1.0,0.05,0.0001143013143846825,9.81722495720598,0.007054199560512928,0.1488575683360357,0.0
9714,1.0,0.05,0.0001143013143846825,9.81722495720598,0.007054199560512928,0.1488575683360357,0.0
9715,1.0,0.05,0.0001143013143846825,9.81722495720598,0.007054199560512928,0.1488575683360357,0.0
9716,1.0,0.05,0.0001143013143846825,9.81722495720598,0.007054199560512928,0.1488575683360357,0.0
9717,1.0,0.05,0.0001143013143846825,9.81722495720598,0.007054199560512928,0.1488575683360357,0.0
9718,1.0,0.05,0.0001143013143846825,9.81722495720598,0.007054199560512928,0.1488575683360357,0.0
9719,1.0,0.05,0.0001143013143846825,9.81722495720598,0.007054199560512928,0.151649489060537,0.0
9720,1.0,0.05,0.0001143013143846825,9.81722495720598,0.007054199560512928,0.151649489060537,0.0
9721,1.0,0.05,0.0001143013143846825,9.81722495720598,0.007054199560512928,0.151649489060537,0.0
9722,1.0,0.05,0.0001143013143846825,9.81722495720598,0.007054199560512928,0.151649489060537,0.0
9723,1.0,0.05,0.0001143013143846825,9.81722495720598,0.007054199560512928,0.151649489060537,0.0
9724,1.0,0.05,0.0001143013143846825,9.81722495720598,0.00846744927113195,0.151649489060537,0.0
9725,1.0,0.05,0.0001143013143846825,9.81722495720598,0.00846744927113195,0.151649489060537,0.0
9726,1.0,0.05,0.0001143013143846825,13.256107888269213,0.00846744927113195,0.151649489060537,0.0
9727,1.0,0.05,0.0001143013143846825,13.256107888269213,0.006548218578098498,0.151649489060537,0.0
9728,1.0,0.05,0.0001143013143846825,13.256107888269213,0.006548218578098498,0.1208382764212118,0.0
9729,1.0,0.05,0.0001143013143846825,13.256107888269213,0.006548218578098498,0.1208382764212118,0.0
9730,1.0,0.05,0.0001143013143846825,13.256107888269213,0.006548218578098498,0.1208382764212118,0.0
9731,1.0,0.05,0.0001143013143846825,9.964378297784364,0.006548218578098498,0.1208382764212118,0.0
9732,1.0,0.05,0.0001143013143846825,9.964378297784364,0.006548218578098498,0.1208382764212118,0.0
9733,1.0,0.05,0.0001143013143846825,6.013286814906181,0.008421968964721563,0.1208382764212118,0.0
9734,1.0,0.05,0.0001143013143846825,6.013286814906181,0.008421968964721563,0.1208382764212118,0.0
9735,1.0,0.05,0.0001143013143846825,6.013286814906181,0.008421968964721563,0.1208382764212118,0.0
9736,1.0,0.05,0.0001143013143846825,6.013286814906181,0.008421968964721563,0.183445881778446,0.0
9737,1.0,0.05,0.0001143013143846825,6.013286814906181,0.006579420151957603,0.183445881778446,0.0
9738,1.0,0.05,0.0001143013143846825,6.013286814906181,0.006579420151957603,0.18537313933136526,0.0
9739,1.0,0.05,0.0001143013143846825,6.013286814906181,0.006579420151957603,0.18537313933136526,0.0
9740,1.0,0.05,0.0001143013143846825,6.013286814906181,0.006819997338028557,0.18537313933136526,0.0
9741,1.0,0.05,0.0001143013143846825,6.013286814906181,0.006819997338028557,0.2034409995724617,0.0
9742,1.0,0.05,0.0001143013143846825,6.013286814906181,0.006819997338028557,0.22066481494889922,0.0
9743,1.0,0.05,0.0001143013143846825,6.013286814906181,0.0085380993841393,0.22066481494889922,0.0
9744,1.0,0.05,0.0001143013143846825,6.013286814906181,0.00771821374365657,0.22066481494889922,0.0
9745,1.0,0.05,0.0001143013143846825,6.013286814906181,0.007724521531954259,0.22066481494889922,0.0
9746,1.0,0.05,0.0001143013143846825,6.013286814906181,0.007724521531954259,0.22066481494889922,0.0
9747,1.0,0.05,0.0001143013143846825,6.013286814906181,0.007724521531954259,0.22066481494889922,0.0
9748,1.0,0.05,0.0001143013143846825,6.013286814906181,0.007724521531954259,0.22066481494889922,0.0
9749,1.0,0.05,0.0001143013143846825,6.013286814906181,0.008045395515928823,0.22066481494889922,0.0
9750,1.0,0.05,0.0001143013143846825,10.023538681472559,0.008045395515928823,0.22066481494889922,0.0
9751,1.0,0.05,0.0001143013143846825,10.023538681472559,0.008045395515928823,0.14324892779067147,0.0
9752,1.0,0.05,0.0001143013143846825,12.822674081653389,0.008045395515928823,0.14324892779067147,0.0
9753,1.0,0.05,0.0001143013143846825,12.822674081653389,0.008045395515928823,0.14324892779067147,0.0
9754,1.0,0.05,0.0001143013143846825,12.822674081653389,0.008045395515928823,0.1361422474419141,0.0
9755,1.0,0.05,0.0001143013143846825,12.822674081653389,0.008045395515928823,0.1361422474419141,0.0
9756,1.0,0.05,0.0001143013143846825,15.163890757131611,0.008045395515928823,0.1361422474419141,0.0
9757,1.0,0.05,0.0001143013143846825,15.163890757131611,0.008045395515928823,0.1361422474419141,0.0
9758,1.0,0.05,0.0001143013143846825,13.807349146722103,0.008045395515928823,0.1361422474419141,0.0
9759,1.0,0.05,0.0001143013143846825,13.807349146722103,0.008045395515928823,0.1361422474419141,0.0
9760,1.0,0.05,0.0001143013143846825,13.807349146722103,0.008045395515928823,0.1361422474419141,0.0
9761,1.0,0.05,0.0001143013143846825,13.807349146722103,0.007444411230390159,0.1361422474419141,0.0
9762,1.0,0.05,0.0001143013143846825,13.807349146722103,0.007444411230390159,0.1262711797991554,0.0
9763,1.0,0.05,0.0001143013143846825,13.807349146722103,0.007444411230390159,0.1262711797991554,0.0
9764,1.0,0.05,0.0001143013143846825,13.807349146722103,0.007444411230390159,0.1262711797991554,0.0
9765,1.0,0.05,0.0001143013143846825,13.807349146722103,0.007444411230390159,0.1262711797991554,0.0
9766,1.0,0.05,0.0001143013143846825,13.807349146722103,0.007444411230390159,0.1262711797991554,0.0
9767,1.0,0.05,0.0001143013143846825,13.807349146722103,0.007110170838275178,0.1262711797991554,0.0
9768,1.0,0.05,0.00011571213464870533,13.807349146722103,0.007110170838275178,0.1262711797991554,0.0
9769,1.0,0.05,0.00011571213464870533,13.807349146722103,0.007110170838275178,0.1262711797991554,0.0
9770,1.0,0.05,0.00011571213464870533,13.807349146722103,0.007110170838275178,0.10686442863202694,0.0
9771,1.0,0.05,0.00011571213464870533,13.807349146722103,0.007110170838275178,0.15332434850826918,0.0
9772,1.0,0.05,0.00011571213464870533,13.807349146722103,0.007110170838275178,0.15332434850826918,0.0
9773,1.0,0.05,0.00011571213464870533,13.807349146722103,0.008023681908667233,0.15332434850826918,0.0
9774,1.0,0.05,0.00011571213464870533,13.807349146722103,0.008023681908667233,0.15332434850826918,0.0
9775,1.0,0.05,0.00011571213464870533,13.807349146722103,0.008023681908667233,0.15332434850826918,0.0
9776,1.0,0.05,0.00011571213464870533,13.807349146722103,0.008023681908667233,0.15332434850826918,0.0
9777,1.0,0.05,0.00011571213464870533,13.807349146722103,0.008023681908667233,0.14893395477732907,0.0
9778,1.0,0.05,0.00011571213464870533,13.807349146722103,0.007469309929858691,0.14893395477732907,0.0
9779,1.0,0.05,0.00011571213464870533,13.807349146722103,0.007469309929858691,0.14893395477732907,0.0
9780,1.0,0.05,0.00011571213464870533,13.807349146722103,0.007469309929858691,0.14893395477732907,0.0
9781,1.0,0.05,0.00011571213464870533,13.807349146722103,0.007469309929858691,0.14893395477732907,0.0
9782,1.0,0.05,0.00011571213464870533,13.807349146722103,0.007469309929858691,0.14893395477732907,0.0
9783,1.0,0.05,0.00011571213464870533,13.807349146722103,0.007469309929858691,0.14893395477732907,0.0
9784,1.0,0.05,0.00011244423665988744,13.807349146722103,0.007469309929858691,0.17108051253143786,0.0
9785,1.0,0.05,0.00011244423665988744,10.25728353981863,0.007469309929858691,0.17108051253143786,0.0
9786,1.0,0.05,0.00011244423665988744,10.25728353981863,0.007469309929858691,0.17108051253143786,0.0
9787,1.0,0.05,0.0001126890446826303,10.25728353981863,0.007469309929858691,0.17108051253143786,0.0
9788,1.0,0.05,0.0001126890446826303,10.25728353981863,0.007469309929858691,0.17108051253143786,0.0
9789,1.0,0.05,0.0001126890446826303,10.25728353981863,0.007469309929858691,0.17108051253143786,0.0
9790,1.0,0.05,0.0001126890446826303,10.25728353981863,0.007469309929858691,0.15458157940720035,0.0
9791,1.0,0.05,0.0001126890446826303,10.25728353981863,0.007469309929858691,0.15458157940720035,0.0
9792,1.0,0.05,0.0001126890446826303,10.25728353981863,0.007469309929858691,0.15243166585112222,0.0
9793,1.0,0.05,0.0001126890446826303,10.25728353981863,0.008458510076232589,0.1868025316364771,0.0
9794,1.0,0.05,0.0001126890446826303,10.25728353981863,0.008458510076232589,0.1868025316364771,0.0
9795,1.0,0.05,0.0001126890446826303,10.25728353981863,0.007990087589057348,0.1868025316364771,0.0
9796,1.0,0.05,0.0001126890446826303,10.25728353981863,0.007990087589057348,0.14849741885630768,0.0
9797,1.0,0.05,0.0001126890446826303,10.25728353981863,0.007990087589057348,0.14949948530399507,0.0
9798,1.0,0.05,0.0001126890446826303,10.25728353981863,0.007990087589057348,0.14949948530399507,0.0
9799,1.0,0.05,0.0001126890446826303,10.25728353981863,0.007931485934964132,0.14949948530399507,0.0
9800,1.0,0.05,0.0001126890446826303,11.77849996161548,0.00712586381337149,0.14725576180433403,0.0
9801,1.0,0.05,0.0001126890446826303,11.77849996161548,0.00712586381337149,0.14725576180433403,0.0
9802,1.0,0.05,0.0001126890446826303,11.77849996161548,0.00712586381337149,0.14725576180433403,0.0
9803,1.0,0.05,0.0001126890446826303,11.77849996161548,0.00712586381337149,0.14725576180433403,0.0
9804,1.0,0.05,0.0001126890446826303,11.77849996161548,0.00712586381337149,0.14725576180433403,0.0
9805,1.0,0.05,0.0001126890446826303,11.77849996161548,0.00712586381337149,0.14725576180433403,0.0
9806,1.0,0.05,0.0001126890446826303,11.77849996161548,0.00712586381337149,0.14725576180433403,0.0
9807,1.0,0.05,0.0001126890446826303,11.77849996161548,0.00712586381337149,0.14725576180433403,0.0
9808,1.0,0.05,0.0001126890446826303,11.77849996161548,0.00712586381337149,0.14725576180433403,0.0
9809,1.0,0.05,0.0001126890446826303,11.77849996161548,0.007697912189884089,0.14725576180433403,0.0
9810,1.0,0.05,0.0001126890446826303,11.77849996161548,0.007697912189884089,0.14725576180433403,0.0
9811,1.0,0.05,0.0001126890446826303,11.77849996161548,0.007697912189884089,0.14725576180433403,0.0
9812,1.0,0.05,0.0001126890446826303,11.77849996161548,0.007697912189884089,0.13451584424271365,0.0
9813,1.0,0.05,0.0001126890446826303,15.833293721380912,0.007697912189884089,0.13451584424271365,0.0
9814,1.0,0.05,0.0001126890446826303,15.833293721380912,0.007697912189884089,0.13451584424271365,0.0
9815,1.0,0.05,0.0001126890446826303,14.921596194752055,0.007697912189884089,0.13451584424271365,0.0
9816,1.0,0.05,0.0001126890446826303,14.921596194752055,0.007697912189884089,0.13451584424271365,0.0
9817,1.0,0.05,0.0001126890446826303,14.921596194752055,0.007697912189884089,0.13451584424271365,0.0
9818,1.0,0.05,0.0001126890446826303,14.921596194752055,0.0079108086684558,0.13451584424271365,0.0
9819,1.0,0.05,0.0001126890446826303,14.921596194752055,0.0079108086684558,0.13451584424271365,0.0
9820,1.0,0.05,0.0001126890446826303,14.921596194752055,0.006983051711523728,0.11930822870487544,0.0
9821,1.0,0.05,0.0001126890446826303,14.921596194752055,0.006983051711523728,0.11930822870487544,0.0
9822,1.0,0.05,0.0001126890446826303,14.921596194752055,0.006983051711523728,0.11930822870487544,0.0
9823,1.0,0.05,0.0001126890446826303,14.921596194752055,0.006983051711523728,0.16678504950996947,0.0
9824,1.0,0.05,0.0001126890446826303,14.921596194752055,0.00784089619226975,0.14963495863968387,0.0
9825,1.0,0.05,0.0001126890446826303,14.921596194752055,0.00784089619226975,0.1638978887896706,0.0
9826,1.0,0.05,0.0001126890446826303,14.921596194752055,0.00784089619226975,0.1638978887896706,0.0
9827,1.0,0.05,0.0001115057240518499,14.921596194752055,0.00784089619226975,0.1638978887896706,0.0
9828,1.0,0.05,0.0001115057240518499,14.921596194752055,0.00784089619226975,0.1638978887896706,0.0
9829,1.0,0.05,0.0001115057240518499,14.921596194752055,0.00784089619226975,0.1638978887896706,0.0
9830,1.0,0.05,0.0001115057240518499,14.921596194752055,0.00784089619226975,0.1638978887896706,0.0
9831,1.0,0.05,0.0001115057240518499,14.855405690065268,0.00784089619226975,0.1226080471483181,0.0
9832,1.0,0.05,0.0001115057240518499,14.855405690065268,0.00784089619226975,0.1226080471483181,0.0
9833,1.0,0.05,0.0001115057240518499,14.855405690065268,0.00784089619226975,0.1226080471483181,0.0
9834,1.0,0.05,0.0001115057240518499,14.855405690065268,0.00784089619226975,0.1226080471483181,0.0
9835,1.0,0.05,0.0001115057240518499,14.855405690065268,0.00784089619226975,0.1226080471483181,0.0
9836,1.0,0.05,0.0001115057240518499,14.855405690065268,0.00784089619226975,0.1226080471483181,0.0
9837,1.0,0.05,0.0001115057240518499,14.855405690065268,0.00784089619226975,0.1226080471483181,0.0
9838,1.0,0.05,0.0001115057240518499,14.855405690065268,0.00784089619226975,0.1226080471483181,0.0
9839,1.0,0.05,0.0001115057240518499,14.855405690065268,0.00784089619226975,0.1226080471483181,0.0
9840,1.0,0.05,0.0001115057240518499,14.855405690065268,0.00784089619226975,0.1226080471483181,0.0
9841,1.0,0.05,0.0001115057240518499,14.855405690065268,0.00784089619226975,0.13234478078175052,0.0
9842,1.0,0.05,0.0001115057240518499,14.855405690065268,0.00784089619226975,0.13234478078175052,0.0
9843,1.0,0.05,0.0001115057240518499,14.855405690065268,0.00784089619226975,0.11633819781501846,0.0
9844,1.0,0.05,0.0001115057240518499,14.855405690065268,0.00784089619226975,0.11633819781501846,0.0
9845,1.0,0.05,0.0001115057240518499,12.354272146463856,0.00784089619226975,0.15942495741781262,0.0
9846,1.0,0.05,0.0001115057240518499,12.354272146463856,0.00784089619226975,0.15942495741781262,0.0
9847,1.0,0.05,0.0001115057240518499,12.354272146463856,0.00784089619226975,0.15942495741781262,0.0
9848,1.0,0.05,0.0001115057240518499,12.354272146463856,0.00784089619226975,0.15942495741781262,0.0
9849,1.0,0.05,0.0001115057240518499,12.354272146463856,0.00784089619226975,0.15942495741781262,0.0
9850,1.0,0.05,0.0001115057240518499,12.354272146463856,0.00784089619226975,0.13263236831439673,0.0
9851,1.0,0.05,0.0001115057240518499,12.354272146463856,0.00784089619226975,0.13263236831439673,0.0
9852,1.0,0.05,0.0001115057240518499,12.354272146463856,0.007487623482210947,0.13263236831439673,0.0
9853,1.0,0.05,0.00011083755793827075,11.987654834634426,0.007487623482210947,0.14614472121033972,0.0
9854,1.0,0.05,0.00011083755793827075,11.987654834634426,0.008025722932143686,0.14614472121033972,0.0
9855,1.0,0.05,0.00011083755793827075,11.987654834634426,0.008025722932143686,0.14614472121033972,0.0
9856,1.0,0.05,0.00011083755793827075,11.987654834634426,0.008025722932143686,0.14614472121033972,0.0
9857,1.0,0.05,0.00011083755793827075,11.987654834634426,0.008025722932143686,0.18397503773952922,0.0
9858,1.0,0.05,0.00011083755793827075,11.987654834634426,0.008025722932143686,0.18397503773952922,0.0
9859,1.0,0.05,0.00011083755793827075,11.987654834634426,0.00882694166645147,0.18397503773952922,0.0
9860,1.0,0.05,0.00011083755793827075,11.987654834634426,0.006813489701116004,0.16088433173546415,0.0
9861,1.0,0.05,0.00011083755793827075,11.987654834634426,0.006813489701116004,0.16088433173546415,0.0
9862,1.0,0.05,0.00011083755793827075,11.987654834634426,0.00848671961808888,0.16088433173546415,0.0
9863,1.0,0.05,0.00011182193865553756,11.987654834634426,0.00848671961808888,0.16088433173546415,0.0
9864,1.0,0.05,0.00011182193865553756,11.987654834634426,0.00848671961808888,0.16088433173546415,0.0
9865,1.0,0.05,0.00011182193865553756,11.987654834634426,0.00848671961808888,0.16088433173546415,0.0
9866,1.0,0.05,0.00011182193865553756,13.516583976210853,0.00848671961808888,0.1692920718400393,0.0
9867,1.0,0.05,0.00011182193865553756,13.516583976210853,0.00848671961808888,0.1692920718400393,0.0
9868,1.0,0.05,0.00011182193865553756,9.080632716748568,0.00848671961808888,0.1692920718400393,0.0
9869,1.0,0.05,0.00011182193865553756,9.080632716748568,0.007923678319260169,0.1794347306248202,0.0
9870,1.0,0.05,0.00011182193865553756,9.080632716748568,0.007923678319260169,0.1794347306248202,0.0
9871,1.0,0.05,0.00011182193865553756,9.080632716748568,0.007923678319260169,0.1794347306248202,0.0
9872,1.0,0.05,0.00011182193865553756,9.080632716748568,0.007923678319260169,0.1794347306248202,0.0
9873,1.0,0.05,0.00011182193865553756,9.080632716748568,0.007923678319260169,0.1794347306248202,0.0
9874,1.0,0.05,0.00011633227572971926,9.080632716748568,0.007923678319260169,0.1794347306248202,0.0
9875,1.0,0.05,0.00011633227572971926,9.080632716748568,0.007923678319260169,0.1794347306248202,0.0
9876,1.0,0.05,0.00011633227572971926,9.080632716748568,0.007923678319260169,0.1794347306248202,0.0
9877,1.0,0.05,0.00011633227572971926,9.080632716748568,0.007923678319260169,0.1794347306248202,0.0
9878,1.0,0.05,0.00011633227572971926,7.227810095599338,0.007923678319260169,0.1794347306248202,0.0
9879,1.0,0.05,0.00011633227572971926,7.227810095599338,0.007923678319260169,0.1794347306248202,0.0
9880,1.0,0.05,0.00011633227572971926,7.227810095599338,0.007923678319260169,0.1794347306248202,0.0
9881,1.0,0.05,0.00011633227572971926,7.227810095599338,0.007923678319260169,0.1794347306248202,0.0
9882,1.0,0.05,0.00011633227572971926,7.227810095599338,0.007923678319260169,0.1794347306248202,0.0
9883,1.0,0.05,0.00011633227572971926,7.227810095599338,0.007923678319260169,0.1794347306248202,0.0
9884,1.0,0.05,0.00011633227572971926,7.227810095599338,0.007625636123154351,0.1794347306248202,0.0
9885,1.0,0.05,0.00011633227572971926,7.227810095599338,0.007625636123154351,0.1794347306248202,0.0
9886,1.0,0.05,0.00011633227572971926,7.227810095599338,0.007899657382500206,0.1794347306248202,0.0
9887,1.0,0.05,0.00011633227572971926,6.806622639010911,0.007899657382500206,0.1794347306248202,0.0
9888,1.0,0.05,0.00011633227572971926,6.806622639010911,0.007899657382500206,0.1794347306248202,0.0
9889,1.0,0.05,0.00011633227572971926,6.806622639010911,0.007899657382500206,0.1794347306248202,0.0
9890,1.0,0.05,0.00011633227572971926,6.806622639010911,0.007899657382500206,0.1794347306248202,0.0
9891,1.0,0.05,0.00011633227572971926,6.806622639010911,0.007899657382500206,0.1794347306248202,0.0
9892,1.0,0.05,0.00011179291750151175,6.806622639010911,0.007899657382500206,0.15113147784895362,0.0
9893,1.0,0.05,0.00011179291750151175,11.694271310847995,0.007899657382500206,0.15113147784895362,0.0
9894,1.0,0.05,0.00011179291750151175,11.694271310847995,0.007899657382500206,0.17324134810584052,0.0
9895,1.0,0.05,0.00011179291750151175,11.694271310847995,0.007899657382500206,0.17324134810584052,0.0
9896,1.0,0.05,0.00011179291750151175,11.694271310847995,0.007899657382500206,0.17324134810584052,0.0
9897,1.0,0.05,0.00011179291750151175,11.694271310847995,0.007899657382500206,0.17324134810584052,0.0
9898,1.0,0.05,0.00011179291750151175,11.694271310847995,0.007899657382500206,0.17324134810584052,0.0
9899,1.0,0.05,0.00011179291750151175,6.981056376673081,0.007899657382500206,0.17324134810584052,0.0
9900,1.0,0.05,0.00011179291750151175,6.981056376673081,0.007899657382500206,0.17324134810584052,0.0
9901,1.0,0.05,0.00011179291750151175,6.981056376673081,0.007899657382500206,0.1684115487260664,0.0
9902,1.0,0.05,0.00011179291750151175,6.981056376673081,0.007791306021594024,0.1684115487260664,0.0
9903,1.0,0.05,0.00011179291750151175,8.767412774671996,0.007791306021594024,0.1684115487260664,0.0
9904,1.0,0.05,0.00011179291750151175,8.767412774671996,0.007791306021594024,0.1684115487260664,0.0
9905,1.0,0.05,0.00011179291750151175,8.767412774671996,0.007791306021594024,0.1684115487260664,0.0
9906,1.0,0.05,0.00011179291750151175,8.767412774671996,0.007791306021594024,0.1684115487260664,0.0
9907,1.0,0.05,0.00011179291750151175,8.767412774671996,0.007791306021594024,0.2069459958300403,0.0
9908,1.0,0.05,0.00011179291750151175,8.767412774671996,0.007791306021594024,0.2069459958300403,0.0
9909,1.0,0.05,0.00011179291750151175,8.767412774671996,0.007791306021594024,0.2069459958300403,0.0
9910,1.0,0.05,0.00011179291750151175,8.767412774671996,0.007791306021594024,0.2069459958300403,0.0
9911,1.0,0.05,0.00011179291750151175,8.767412774671996,0.007791306021594024,0.15749233210647734,0.0
9912,1.0,0.05,0.00011179291750151175,8.767412774671996,0.007791306021594024,0.15749233210647734,0.0
9913,1.0,0.05,0.00011179291750151175,14.275737421270492,0.007530557365632699,0.15749233210647734,0.0
9914,1.0,0.05,0.00011179291750151175,14.275737421270492,0.007530557365632699,0.15749233210647734,0.0
9915,1.0,0.05,0.00011179291750151175,12.75202790585395,0.007530557365632699,0.15749233210647734,0.0
9916,1.0,0.05,0.00011179291750151175,12.75202790585395,0.007530557365632699,0.15749233210647734,0.0
9917,1.0,0.05,0.00011179291750151175,10.293146482237404,0.008027549562025262,0.15749233210647734,0.0
9918,1.0,0.05,0.00011179291750151175,10.378138247989284,0.008027549562025262,0.15749233210647734,0.0
9919,1.0,0.05,0.00011364655884009333,10.378138247989284,0.008027549562025262,0.15749233210647734,0.0
9920,1.0,0.05,0.00011364655884009333,9.0725102018951,0.008027549562025262,0.15749233210647734,0.0
9921,1.0,0.05,0.00011364655884009333,9.0725102018951,0.008027549562025262,0.15749233210647734,0.0
9922,1.0,0.05,0.00011364655884009333,9.0725102018951,0.007912710060692102,0.15749233210647734,0.0
9923,1.0,0.05,0.00011364655884009333,9.0725102018951,0.007912710060692102,0.15749233210647734,0.0
9924,1.0,0.05,0.00011364655884009333,9.0725102018951,0.007912710060692102,0.16210723644694683,0.0
9925,1.0,0.05,0.00011364655884009333,9.0725102018951,0.007912710060692102,0.16210723644694683,0.0
9926,1.0,0.05,0.00011364655884009333,9.0725102018951,0.007912710060692102,0.15462740525013538,0.0
9927,1.0,0.05,0.00011364655884009333,9.0725102018951,0.007912710060692102,0.15462740525013538,0.0
9928,1.0,0.05,0.00011364655884009333,10.665070690465697,0.007912710060692102,0.15462740525013538,0.0
9929,1.0,0.05,0.00011364655884009333,10.665070690465697,0.007884149316637997,0.15462740525013538,0.0
9930,1.0,0.05,0.00011364655884009333,10.665070690465697,0.007884149316637997,0.1822017961350417,0.0
9931,1.0,0.05,0.00011364655884009333,10.665070690465697,0.007884149316637997,0.1822017961350417,0.0
9932,1.0,0.05,0.00011364655884009333,10.665070690465697,0.007884149316637997,0.1822017961350417,0.0
9933,1.0,0.05,0.00011364655884009333,10.665070690465697,0.007992932038639244,0.1822017961350417,0.0
9934,1.0,0.05,0.00011364655884009333,8.836822937696326,0.007314401038590029,0.1822017961350417,0.0
9935,1.0,0.05,0.00011364655884009333,8.836822937696326,0.007314401038590029,0.1822017961350417,0.0
9936,1.0,0.05,0.00011364655884009333,8.836822937696326,0.007314401038590029,0.1822017961350417,0.0
9937,1.0,0.05,0.00011364655884009333,8.836822937696326,0.007314401038590029,0.1822017961350417,0.0
9938,1.0,0.05,0.00011364655884009333,8.836822937696326,0.007438216767596635,0.15403700903120457,0.0
9939,1.0,0.05,0.00011364655884009333,16.32108493457676,0.007438216767596635,0.15403700903120457,0.0
9940,1.0,0.05,0.00011364655884009333,15.671571351955848,0.007438216767596635,0.15403700903120457,0.0
9941,1.0,0.05,0.00011364655884009333,15.671571351955848,0.008066946736395492,0.15403700903120457,0.0
9942,1.0,0.05,0.00011364655884009333,15.671571351955848,0.008066946736395492,0.13631186559494424,0.0
9943,1.0,0.05,0.00011364655884009333,15.671571351955848,0.008066946736395492,0.13631186559494424,0.0
9944,1.0,0.05,0.00011364655884009333,15.671571351955848,0.008066946736395492,0.13570918330967438,0.0
9945,1.0,0.05,0.00011364655884009333,15.671571351955848,0.008615372084423324,0.13570918330967438,0.0
9946,1.0,0.05,0.00011364655884009333,15.671571351955848,0.008615372084423324,0.13570918330967438,0.0
9947,1.0,0.05,0.00011364655884009333,15.671571351955848,0.008615372084423324,0.13570918330967438,0.0
9948,1.0,0.05,0.00011364655884009333,12.345385963534568,0.008615372084423324,0.13570918330967438,0.0
9949,1.0,0.05,0.00011364655884009333,12.345385963534568,0.008615372084423324,0.17201895628601413,0.0
9950,1.0,0.05,0.00011364655884009333,10.876909225361956,0.008615372084423324,0.17201895628601413,0.0
9951,1.0,0.05,0.00011364655884009333,10.876909225361956,0.008615372084423324,0.17201895628601413,0.0
9952,1.0,0.05,0.00011364655884009333,10.876909225361956,0.008388590993819854,0.17201895628601413,0.0
9953,1.0,0.05,0.00011364655884009333,10.876909225361956,0.008388590993819854,0.17201895628601413,0.0
9954,1.0,0.05,0.00010839233597512428,10.876909225361956,0.008388590993819854,0.19430420566729245,0.0
9955,1.0,0.05,0.00010839233597512428,10.876909225361956,0.008388590993819854,0.19430420566729245,0.0
9956,1.0,0.05,0.00010839233597512428,10.876909225361956,0.008388590993819854,0.19430420566729245,0.0
9957,1.0,0.05,0.00010839233597512428,10.876909225361956,0.008388590993819854,0.19430420566729245,0.0
9958,1.0,0.05,0.00010848844040767549,8.558364233516485,0.007594644975051978,0.19430420566729245,0.0
9959,1.0,0.05,0.00010848844040767549,8.558364233516485,0.007594644975051978,0.19430420566729245,0.0
9960,1.0,0.05,0.00010848844040767549,8.558364233516485,0.007594644975051978,0.19430420566729245,0.0
9961,1.0,0.05,0.00010848844040767549,8.558364233516485,0.007594644975051978,0.19430420566729245,0.0
9962,1.0,0.05,0.00010848844040767549,8.558364233516485,0.007594644975051978,0.19430420566729245,0.0
9963,1.0,0.05,0.00010848844040767549,8.558364233516485,0.008136157407564553,0.19430420566729245,0.0
9964,1.0,0.05,0.00010848844040767549,8.558364233516485,0.008136157407564553,0.19430420566729245,0.0
9965,1.0,0.05,0.00010848844040767549,8.558364233516485,0.008136157407564553,0.19430420566729245,0.0
9966,1.0,0.05,0.00010848844040767549,8.558364233516485,0.008136157407564553,0.19430420566729245,0.0
9967,1.0,0.05,0.00011034422206664766,8.558364233516485,0.008136157407564553,0.19430420566729245,0.0
9968,1.0,0.05,0.00011034422206664766,8.558364233516485,0.008136157407564553,0.19430420566729245,0.0
9969,1.0,0.05,0.00010821925047829833,8.558364233516485,0.008136157407564553,0.19430420566729245,0.0
9970,1.0,0.05,0.00010821925047829833,8.558364233516485,0.008136157407564553,0.19430420566729245,0.0
9971,1.0,0.05,0.00010821925047829833,8.558364233516485,0.008136157407564553,0.19430420566729245,0.0
9972,1.0,0.05,0.00010821925047829833,8.558364233516485,0.008136157407564553,0.19430420566729245,0.0
9973,1.0,0.05,0.00010821925047829833,8.558364233516485,0.008136157407564553,0.19430420566729245,0.0
9974,1.0,0.05,0.00010821925047829833,8.558364233516485,0.008136157407564553,0.19430420566729245,0.0
9975,1.0,0.05,0.00010831724197217168,8.558364233516485,0.008136157407564553,0.14290613592541412,0.0
9976,1.0,0.05,0.00010831724197217168,8.558364233516485,0.008136157407564553,0.1667850743517878,0.0
9977,1.0,0.05,0.00010831724197217168,8.558364233516485,0.008504218079257884,0.1667850743517878,0.0
9978,1.0,0.05,0.00010831724197217168,13.464330709480322,0.007341732240077765,0.1667850743517878,0.0
9979,1.0,0.05,0.00010831724197217168,13.464330709480322,0.007341732240077765,0.1667850743517878,0.0
9980,1.0,0.05,0.00010831724197217168,13.464330709480322,0.007910865513998557,0.1667850743517878,0.0
9981,1.0,0.05,0.00010831724197217168,13.464330709480322,0.007910865513998557,0.1667850743517878,0.0
9982,1.0,0.05,0.00010831724197217168,13.464330709480322,0.007296217535506548,0.1667850743517878,0.0
9983,1.0,0.05,0.00010831724197217168,13.464330709480322,0.007296217535506548,0.1667850743517878,0.0
9984,1.0,0.05,0.00010831724197217168,13.174890697931545,0.007296217535506548,0.1667850743517878,0.0
9985,1.0,0.05,0.00010831724197217168,13.174890697931545,0.007296217535506548,0.1667850743517878,0.0
9986,1.0,0.05,0.00010831724197217168,13.174890697931545,0.007296217535506548,0.1667850743517878,0.0
9987,1.0,0.05,0.00010831724197217168,13.174890697931545,0.007421472787008397,0.1667850743517878,0.0
9988,1.0,0.05,0.00010831724197217168,13.174890697931545,0.007421472787008397,0.1667850743517878,0.0
9989,1.0,0.05,0.00011026885942752984,13.174890697931545,0.007421472787008397,0.1667850743517878,0.0
9990,1.0,0.05,0.00011026885942752984,10.883749122432235,0.007421472787008397,0.1667850743517878,0.0
9991,1.0,0.05,0.00011026885942752984,10.883749122432235,0.007421472787008397,0.1667850743517878,0.0
9992,1.0,0.05,0.00011026885942752984,10.883749122432235,0.007421472787008397,0.1667850743517878,0.0
9993,1.0,0.05,0.00011026885942752984,10.883749122432235,0.007492137032922285,0.1667850743517878,0.0
9994,1.0,0.05,0.00011026885942752984,10.883749122432235,0.007492137032922285,0.1667850743517878,0.0
9995,1.0,0.05,0.00011026885942752984,10.883749122432235,0.007408162240835089,0.1667850743517878,0.0
9996,1.0,0.05,0.00011026885942752984,10.883749122432235,0.007408162240835089,0.1667850743517878,0.0
9997,1.0,0.05,0.00011026885942752984,10.883749122432235,0.007408162240835089,0.1667850743517878,0.0
9998,1.0,0.05,0.00011026885942752984,10.883749122432235,0.007408162240835089,0.1667850743517878,0.0
9999,1.0,0.05,0.00011026885942752984,10.883749122432235,0.007408162240835089,0.1667850743517878,0.0
10000,1.0,0.05,0.0001224860991562258,6.708525346372028,0.006421118757120331,0.1448974426531403,0.0
10001,1.0,0.05,0.0001224860991562258,6.708525346372028,0.006421118757120331,0.16021993871124487,0.0
10002,1.0,0.05,0.0001224860991562258,6.708525346372028,0.006421118757120331,0.1462065122825453,0.0
10003,1.0,0.05,0.0001224860991562258,12.313379461178386,0.006421118757120331,0.1462065122825453,0.0
10004,1.0,0.05,0.0001224860991562258,12.313379461178386,0.006705504447234291,0.1462065122825453,0.0
10005,1.0,0.05,0.0001224860991562258,12.520580679793,0.006705504447234291,0.1462065122825453,0.0
10006,1.0,0.05,0.0001224860991562258,3.988656943668147,0.006705504447234291,0.1462065122825453,0.0
10007,1.0,0.05,0.0001224860991562258,3.988656943668147,0.006705504447234291,0.1462065122825453,0.0
10008,1.0,0.05,0.0001224860991562258,3.988656943668147,0.006705504447234291,0.1627211794569425,0.0
10009,1.0,0.05,0.0001224860991562258,5.198396008786048,0.006705504447234291,0.1627211794569425,0.0
10010,1.0,0.05,0.0001224860991562258,5.198396008786048,0.006705504447234291,0.1627211794569425,0.0
10011,1.0,0.05,0.0001224860991562258,5.663960924394644,0.007039861488184583,0.1627211794569425,0.0
10012,1.0,0.05,0.0001224860991562258,5.663960924394644,0.007039861488184583,0.15116883609970347,0.0
10013,1.0,0.05,0.0001224860991562258,10.6557403341711,0.007039861488184583,0.15116883609970347,0.0
10014,1.0,0.05,0.0001224860991562258,10.6557403341711,0.007039861488184583,0.15116883609970347,0.0
10015,1.0,0.05,0.0001224860991562258,10.6557403341711,0.007039861488184583,0.15116883609970347,0.0
10016,1.0,0.05,0.0001224860991562258,10.6557403341711,0.007039861488184583,0.15116883609970347,0.0
10017,1.0,0.05,0.00012422308788102507,10.6557403341711,0.007039861488184583,0.15116883609970347,0.0
10018,1.0,0.05,0.00012422308788102507,6.560297226368107,0.007039861488184583,0.16067066624962445,0.0
10019,1.0,0.05,0.00012422308788102507,6.560297226368107,0.007039861488184583,0.17174225136685498,0.0
10020,1.0,0.05,0.00012192934082647366,6.560297226368107,0.007039861488184583,0.17174225136685498,0.0
10021,1.0,0.05,0.00012192934082647366,6.560297226368107,0.007039861488184583,0.17174225136685498,0.0
10022,1.0,0.05,0.00012192934082647366,7.80007823940376,0.007039861488184583,0.19317235507422986,0.0
10023,1.0,0.05,0.00012192934082647366,7.80007823940376,0.007039861488184583,0.19317235507422986,0.0
10024,1.0,0.05,0.00012192934082647366,7.80007823940376,0.007421803050065859,0.19317235507422986,0.0
10025,1.0,0.05,0.00012192934082647366,7.80007823940376,0.007421803050065859,0.19317235507422986,0.0
10026,1.0,0.05,0.00012192934082647366,7.80007823940376,0.007421803050065859,0.19317235507422986,0.0
10027,1.0,0.05,0.00012192934082647366,7.80007823940376,0.007421803050065859,0.10579978135110185,0.0
10028,1.0,0.05,0.00012192934082647366,7.80007823940376,0.007421803050065859,0.10579978135110185,0.0
10029,1.0,0.05,0.00012192934082647366,7.80007823940376,0.007421803050065859,0.10579978135110185,0.0
10030,1.0,0.05,0.00012192934082647366,7.80007823940376,0.007421803050065859,0.10579978135110185,0.0
10031,1.0,0.05,0.00012192934082647366,7.80007823940376,0.007421803050065859,0.10579978135110185,0.0
10032,1.0,0.05,0.00012192934082647366,15.604052508198123,0.007421803050065859,0.10579978135110185,0.0
10033,1.0,0.05,0.00012192934082647366,15.604052508198123,0.007421803050065859,0.10579978135110185,0.0
10034,1.0,0.05,0.00012192934082647366,15.604052508198123,0.007421803050065859,0.10579978135110185,0.0
10035,1.0,0.05,0.00012192934082647366,15.604052508198123,0.007421803050065859,0.10292448830869916,0.0
10036,1.0,0.05,0.00012192934082647366,15.604052508198123,0.0074256137531502515,0.10292448830869916,0.0
10037,1.0,0.05,0.00012192934082647366,14.90641903253433,0.006459188924395993,0.10292448830869916,0.0
10038,1.0,0.05,0.00012192934082647366,7.320908555499358,0.006459188924395993,0.1272970872139387,0.0
10039,1.0,0.05,0.00012192934082647366,7.320908555499358,0.006459188924395993,0.1272970872139387,0.0
10040,1.0,0.05,0.00012192934082647366,7.320908555499358,0.006929247701173686,0.1272970872139387,0.0
10041,1.0,0.05,0.00012192934082647366,7.320908555499358,0.006281014262660323,0.1272970872139387,0.0
10042,1.0,0.05,0.00012192934082647366,7.320908555499358,0.006281014262660323,0.1272970872139387,0.0
10043,1.0,0.05,0.0001286989143881405,7.320908555499358,0.006281014262660323,0.1272970872139387,0.0
10044,1.0,0.05,0.0001286989143881405,7.320908555499358,0.006281014262660323,0.1272970872139387,0.0
10045,1.0,0.05,0.0001286989143881405,7.320908555499358,0.006281014262660323,0.1272970872139387,0.0
10046,1.0,0.05,0.0001286989143881405,6.9265260522765715,0.006281014262660323,0.1272970872139387,0.0
10047,1.0,0.05,0.0001286989143881405,6.9265260522765715,0.006281014262660323,0.1272970872139387,0.0
10048,1.0,0.05,0.0001286989143881405,6.9265260522765715,0.006281014262660323,0.11344729581919082,0.0
10049,1.0,0.05,0.0001286989143881405,6.9265260522765715,0.006281014262660323,0.11344729581919082,0.0
10050,1.0,0.05,0.0001286989143881405,6.9265260522765715,0.006281014262660323,0.1301158895155779,0.0
10051,1.0,0.05,0.0001286989143881405,6.9265260522765715,0.0068019862267474345,0.1301158895155779,0.0
10052,1.0,0.05,0.0001286989143881405,6.9265260522765715,0.0068019862267474345,0.1301158895155779,0.0
10053,1.0,0.05,0.0001286989143881405,6.9265260522765715,0.0068019862267474345,0.1301158895155779,0.0
10054,1.0,0.05,0.0001286989143881405,6.9265260522765715,0.0068019862267474345,0.1301158895155779,0.0
10055,1.0,0.05,0.0001286989143881405,6.9265260522765715,0.006940934854212408,0.1301158895155779,0.0
10056,1.0,0.05,0.0001286989143881405,6.9265260522765715,0.006940934854212408,0.1301158895155779,0.0
10057,1.0,0.05,0.0001286989143881405,6.9265260522765715,0.006940934854212408,0.1301158895155779,0.0
10058,1.0,0.05,0.0001286989143881405,6.9265260522765715,0.006940934854212408,0.1301158895155779,0.0
10059,1.0,0.05,0.0001286989143881405,6.9265260522765715,0.006940934854212408,0.1301158895155779,0.0
10060,1.0,0.05,0.0001286989143881405,6.9265260522765715,0.006940934854212408,0.13114933770195525,0.0
10061,1.0,0.05,0.0001286989143881405,8.390620658949487,0.006940934854212408,0.13114933770195525,0.0
10062,1.0,0.05,0.0001286989143881405,8.390620658949487,0.006945148405264569,0.13114933770195525,0.0
10063,1.0,0.05,0.0001286989143881405,8.390620658949487,0.006945148405264569,0.13114933770195525,0.0
10064,1.0,0.05,0.0001286989143881405,8.390620658949487,0.006945148405264569,0.13114933770195525,0.0
10065,1.0,0.05,0.00012469199531620973,8.390620658949487,0.006945148405264569,0.10360663848901595,0.0
10066,1.0,0.05,0.00012469199531620973,8.390620658949487,0.006945148405264569,0.13653771913787016,0.0
10067,1.0,0.05,0.00012469199531620973,8.390620658949487,0.006945148405264569,0.13653771913787016,0.0
10068,1.0,0.05,0.00012469199531620973,8.390620658949487,0.006945148405264569,0.13653771913787016,0.0
10069,1.0,0.05,0.00012469199531620973,8.390620658949487,0.006945148405264569,0.13653771913787016,0.0
10070,1.0,0.05,0.00012469199531620973,8.390620658949487,0.006945148405264569,0.13653771913787016,0.0
10071,1.0,0.05,0.00012469199531620973,8.390620658949487,0.00642020191496701,0.13653771913787016,0.0
10072,1.0,0.05,0.00012469199531620973,8.390620658949487,0.007182117782911543,0.13653771913787016,0.0
10073,1.0,0.05,0.00012469199531620973,8.390620658949487,0.007182117782911543,0.13653771913787016,0.0
10074,1.0,0.05,0.00012469199531620973,8.390620658949487,0.007182117782911543,0.13653771913787016,0.0
10075,1.0,0.05,0.00012469199531620973,8.390620658949487,0.007182117782911543,0.13653771913787016,0.0
10076,1.0,0.05,0.00012469199531620973,8.390620658949487,0.007182117782911543,0.13653771913787016,0.0
10077,1.0,0.05,0.00012469199531620973,8.390620658949487,0.007182117782911543,0.13653771913787016,0.0
10078,1.0,0.05,0.00012469199531620973,8.390620658949487,0.007182117782911543,0.13653771913787016,0.0
10079,1.0,0.05,0.00012469199531620973,8.390620658949487,0.007182117782911543,0.13653771913787016,0.0
10080,1.0,0.05,0.00012469199531620973,8.390620658949487,0.007182117782911543,0.13653771913787016,0.0
10081,1.0,0.05,0.00012469199531620973,8.390620658949487,0.007182117782911543,0.13653771913787016,0.0
10082,1.0,0.05,0.00012469199531620973,10.251493686762075,0.007182117782911543,0.13653771913787016,0.0
10083,1.0,0.05,0.00011451058420527106,10.251493686762075,0.007182117782911543,0.13653771913787016,0.0
10084,1.0,0.05,0.00011451058420527106,10.251493686762075,0.007182117782911543,0.13653771913787016,0.0
10085,1.0,0.05,0.00011451058420527106,10.251493686762075,0.007182117782911543,0.13653771913787016,0.0
10086,1.0,0.05,0.00011451058420527106,10.251493686762075,0.007182117782911543,0.13653771913787016,0.0
10087,1.0,0.05,0.00011451058420527106,10.251493686762075,0.007182117782911543,0.13653771913787016,0.0
10088,1.0,0.05,0.00011451058420527106,10.251493686762075,0.007182117782911543,0.13653771913787016,0.0
10089,1.0,0.05,0.00011451058420527106,10.251493686762075,0.007182117782911543,0.1295266291660466,0.0
10090,1.0,0.05,0.00011451058420527106,10.251493686762075,0.007182117782911543,0.1295266291660466,0.0
10091,1.0,0.05,0.00011451058420527106,10.251493686762075,0.007182117782911543,0.1295266291660466,0.0
10092,1.0,0.05,0.00011451058420527106,10.251493686762075,0.007182117782911543,0.1295266291660466,0.0
10093,1.0,0.05,0.00011451058420527106,10.251493686762075,0.007182117782911543,0.1295266291660466,0.0
10094,1.0,0.05,0.00011451058420527106,10.251493686762075,0.007182117782911543,0.1295266291660466,0.0
10095,1.0,0.05,0.00011451058420527106,10.251493686762075,0.007116626628627644,0.1295266291660466,0.0
10096,1.0,0.05,0.0001236229786692075,10.251493686762075,0.007116626628627644,0.1295266291660466,0.0
10097,1.0,0.05,0.0001236229786692075,10.251493686762075,0.006892457631620214,0.1295266291660466,0.0
10098,1.0,0.05,0.0001236229786692075,10.251493686762075,0.006892457631620214,0.12497193019083717,0.0
10099,1.0,0.05,0.0001236229786692075,10.251493686762075,0.006892457631620214,0.10143347645778078,0.0
10100,1.0,0.05,0.0001236229786692075,10.251493686762075,0.006240244830127778,0.11507020193726347,0.0
10101,1.0,0.05,0.0001236229786692075,10.251493686762075,0.006240244830127778,0.11507020193726347,0.0
10102,1.0,0.05,0.0001236229786692075,10.251493686762075,0.006240244830127778,0.11507020193726347,0.0
10103,1.0,0.05,0.0001236229786692075,10.251493686762075,0.006240244830127778,0.11507020193726347,0.0
10104,1.0,0.05,0.0001236229786692075,7.901734701524177,0.006240244830127778,0.11507020193726347,0.0
10105,1.0,0.05,0.0001236229786692075,7.901734701524177,0.007473057226485524,0.11507020193726347,0.0
10106,1.0,0.05,0.0001236229786692075,7.901734701524177,0.007473057226485524,0.11507020193726347,0.0
10107,1.0,0.05,0.0001236229786692075,7.901734701524177,0.007473057226485524,0.12751349427882064,0.0
10108,1.0,0.05,0.0001236229786692075,7.901734701524177,0.007473057226485524,0.15529519684086884,0.0
10109,1.0,0.05,0.0001236229786692075,7.901734701524177,0.007473057226485524,0.15529519684086884,0.0
10110,1.0,0.05,0.0001236229786692075,6.096146029679801,0.006765400586295766,0.15529519684086884,0.0
10111,1.0,0.05,0.0001236229786692075,6.096146029679801,0.006765400586295766,0.15529519684086884,0.0
10112,1.0,0.05,0.0001236229786692075,6.096146029679801,0.006765400586295766,0.15529519684086884,0.0
10113,1.0,0.05,0.0001236229786692075,6.096146029679801,0.006014021404235491,0.15529519684086884,0.0
10114,1.0,0.05,0.0001236229786692075,6.096146029679801,0.006014021404235491,0.15529519684086884,0.0
10115,1.0,0.05,0.0001236229786692075,6.096146029679801,0.006014021404235491,0.15529519684086884,0.0
10116,1.0,0.05,0.0001236229786692075,6.096146029679801,0.006014021404235491,0.15529519684086884,0.0
10117,1.0,0.05,0.0001236229786692075,6.096146029679801,0.006014021404235491,0.15529519684086884,0.0
10118,1.0,0.05,0.0001236229786692075,6.096146029679801,0.006014021404235491,0.15529519684086884,0.0
10119,1.0,0.05,0.0001236229786692075,6.096146029679801,0.006014021404235491,0.15529519684086884,0.0
10120,1.0,0.05,0.0001236229786692075,6.096146029679801,0.006014021404235491,0.15529519684086884,0.0
10121,1.0,0.05,0.0001236229786692075,6.096146029679801,0.006014021404235491,0.15529519684086884,0.0
10122,1.0,0.05,0.0001236229786692075,6.096146029679801,0.006014021404235491,0.15529519684086884,0.0
10123,1.0,0.05,0.0001236229786692075,6.096146029679801,0.006046083885714314,0.15529519684086884,0.0
10124,1.0,0.05,0.0001236229786692075,6.160611181524885,0.007124415538160513,0.15529519684086884,0.0
10125,1.0,0.05,0.0001236229786692075,6.160611181524885,0.007124415538160513,0.15529519684086884,0.0
10126,1.0,0.05,0.0001236229786692075,6.160611181524885,0.007124415538160513,0.15529519684086884,0.0
10127,1.0,0.05,0.0001236229786692075,6.160611181524885,0.007124415538160513,0.161039205650229,0.0
10128,1.0,0.05,0.0001236229786692075,6.160611181524885,0.007124415538160513,0.161039205650229,0.0
10129,1.0,0.05,0.0001236229786692075,6.160611181524885,0.007238222235148624,0.161039205650229,0.0
10130,1.0,0.05,0.0001236229786692075,6.160611181524885,0.007238222235148624,0.1472113474838483,0.0
10131,1.0,0.05,0.0001236229786692075,6.160611181524885,0.007238222235148624,0.1472113474838483,0.0
10132,1.0,0.05,0.0001236229786692075,6.160611181524885,0.007238222235148624,0.1472113474838483,0.0
10133,1.0,0.05,0.0001236229786692075,6.160611181524885,0.007238222235148624,0.1472113474838483,0.0
10134,1.0,0.05,0.0001236229786692075,6.160611181524885,0.007238222235148624,0.1472113474838483,0.0
10135,1.0,0.05,0.0001236229786692075,6.160611181524885,0.006670071068740171,0.1472113474838483,0.0
10136,1.0,0.05,0.0001236229786692075,6.160611181524885,0.006670071068740171,0.1472113474838483,0.0
10137,1.0,0.05,0.0001236229786692075,6.160611181524885,0.006670071068740171,0.1472113474838483,0.0
10138,1.0,0.05,0.0001236229786692075,6.160611181524885,0.006477640299300208,0.1472113474838483,0.0
10139,1.0,0.05,0.0001236229786692075,5.767279309482973,0.006477640299300208,0.1472113474838483,0.0
10140,1.0,0.05,0.0001236229786692075,5.767279309482973,0.006477640299300208,0.1472113474838483,0.0
10141,1.0,0.05,0.0001236229786692075,5.767279309482973,0.006477640299300208,0.1472113474838483,0.0
10142,1.0,0.05,0.0001236229786692075,5.767279309482973,0.006477640299300208,0.1472113474838483,0.0
10143,1.0,0.05,0.0001236229786692075,5.767279309482973,0.006477640299300208,0.1472113474838483,0.0
10144,1.0,0.05,0.00012222129114643294,5.767279309482973,0.006477640299300208,0.1472113474838483,0.0
10145,1.0,0.05,0.00012222129114643294,5.767279309482973,0.006477640299300208,0.1472113474838483,0.0
10146,1.0,0.05,0.00012222129114643294,6.78271674125061,0.006477640299300208,0.1472113474838483,0.0
10147,1.0,0.05,0.00012222129114643294,6.78271674125061,0.006477640299300208,0.1472113474838483,0.0
10148,1.0,0.05,0.00012222129114643294,6.78271674125061,0.006477640299300208,0.1472113474838483,0.0
10149,1.0,0.05,0.00012222129114643294,6.102160124407646,0.006477640299300208,0.14669956132887452,0.0
10150,1.0,0.05,0.00012222129114643294,8.042037984378098,0.006477640299300208,0.14669956132887452,0.0
10151,1.0,0.05,0.00012222129114643294,8.042037984378098,0.006477640299300208,0.14669956132887452,0.0
10152,1.0,0.05,0.00012222129114643294,8.042037984378098,0.006477640299300208,0.14669956132887452,0.0
10153,1.0,0.05,0.00012128662773924107,8.042037984378098,0.006477640299300208,0.14669956132887452,0.0
10154,1.0,0.05,0.00012128662773924107,8.042037984378098,0.006477640299300208,0.14669956132887452,0.0
10155,1.0,0.05,0.00012128662773924107,8.042037984378098,0.006477640299300208,0.14669956132887452,0.0
10156,1.0,0.05,0.00012128662773924107,8.042037984378098,0.006477640299300208,0.14669956132887452,0.0
10157,1.0,0.05,0.00012128662773924107,8.042037984378098,0.006477640299300208,0.14669956132887452,0.0
10158,1.0,0.05,0.00012128662773924107,8.042037984378098,0.006477640299300208,0.14669956132887452,0.0
10159,1.0,0.05,0.00012128662773924107,8.042037984378098,0.006477640299300208,0.14669956132887452,0.0
10160,1.0,0.05,0.00012128662773924107,8.042037984378098,0.0061482036968404765,0.14669956132887452,0.0
10161,1.0,0.05,0.00012128662773924107,8.042037984378098,0.0061482036968404765,0.14669956132887452,0.0
10162,1.0,0.05,0.00012128662773924107,8.042037984378098,0.0061482036968404765,0.14669956132887452,0.0
10163,1.0,0.05,0.00012128662773924107,8.042037984378098,0.006880912036329193,0.14669956132887452,0.0
10164,1.0,0.05,0.00012070075640454132,8.042037984378098,0.006880912036329193,0.14669956132887452,0.0
10165,1.0,0.05,0.00012070075640454132,8.042037984378098,0.006880912036329193,0.14669956132887452,0.0
10166,1.0,0.05,0.00012070075640454132,8.042037984378098,0.006880912036329193,0.14669956132887452,0.0
10167,1.0,0.05,0.00012070075640454132,8.042037984378098,0.006880912036329193,0.14669956132887452,0.0
10168,1.0,0.05,0.00012070075640454132,7.95264573387972,0.006880912036329193,0.14669956132887452,0.0
10169,1.0,0.05,0.00012070075640454132,7.95264573387972,0.006880912036329193,0.14669956132887452,0.0
10170,1.0,0.05,0.00012070075640454132,7.95264573387972,0.006880912036329193,0.14669956132887452,0.0
10171,1.0,0.05,0.00012070075640454132,7.95264573387972,0.006701779882168622,0.14669956132887452,0.0
10172,1.0,0.05,0.00012070075640454132,8.498931601712556,0.006701779882168622,0.14669956132887452,0.0
10173,1.0,0.05,0.00012070075640454132,8.498931601712556,0.006701779882168622,0.14669956132887452,0.0
10174,1.0,0.05,0.00012070075640454132,8.498931601712556,0.006640828293061044,0.13576760229997442,0.0
10175,1.0,0.05,0.00012070075640454132,8.498931601712556,0.006640828293061044,0.13576760229997442,0.0
10176,1.0,0.05,0.00012070075640454132,10.387398705204774,0.006640828293061044,0.13576760229997442,0.0
10177,1.0,0.05,0.00012070075640454132,10.387398705204774,0.006640828293061044,0.13576760229997442,0.0
10178,1.0,0.05,0.00012070075640454132,10.387398705204774,0.007517473794683853,0.13576760229997442,0.0
10179,1.0,0.05,0.0001275789383114182,8.191134996942196,0.007517473794683853,0.13576760229997442,0.0
10180,1.0,0.05,0.0001275789383114182,11.213336479552225,0.007517473794683853,0.15719752095131845,0.0
10181,1.0,0.05,0.0001275789383114182,11.213336479552225,0.007517473794683853,0.13401397819863492,0.0
10182,1.0,0.05,0.0001275789383114182,11.213336479552225,0.007525052975546651,0.12081510241393731,0.0
10183,1.0,0.05,0.00012741433295591502,11.213336479552225,0.007525052975546651,0.12081510241393731,0.0
10184,1.0,0.05,0.00012741433295591502,11.213336479552225,0.007525052975546651,0.12081510241393731,0.0
10185,1.0,0.05,0.00012741433295591502,11.213336479552225,0.006484886572019027,0.12081510241393731,0.0
10186,1.0,0.05,0.00012741433295591502,11.213336479552225,0.006484886572019027,0.12081510241393731,0.0
10187,1.0,0.05,0.00012741433295591502,11.213336479552225,0.006484886572019027,0.12081510241393731,0.0
10188,1.0,0.05,0.00013206019364640786,11.213336479552225,0.006484886572019027,0.12081510241393731,0.0
10189,1.0,0.05,0.00013206019364640786,7.32390152756264,0.006484886572019027,0.12081510241393731,0.0
10190,1.0,0.05,0.00013206019364640786,7.32390152756264,0.006213332227713905,0.12081510241393731,0.0
10191,1.0,0.05,0.00012561013856201997,5.5325765638428095,0.006213332227713905,0.13600588219364768,0.0
10192,1.0,0.05,0.00012561013856201997,5.5325765638428095,0.006213332227713905,0.13600588219364768,0.0
10193,1.0,0.05,0.00012561013856201997,5.5325765638428095,0.006213332227713905,0.13600588219364768,0.0
10194,1.0,0.05,0.00012561013856201997,5.5325765638428095,0.006213332227713905,0.13600588219364768,0.0
10195,1.0,0.05,0.00012561013856201997,5.5325765638428095,0.006213332227713905,0.13600588219364768,0.0
10196,1.0,0.05,0.00012561013856201997,5.5325765638428095,0.006213332227713905,0.13600588219364768,0.0
10197,1.0,0.05,0.0001267708435846271,5.5325765638428095,0.006213332227713905,0.13600588219364768,0.0
10198,1.0,0.05,0.0001267708435846271,5.5325765638428095,0.007033871412732331,0.13600588219364768,0.0
10199,1.0,0.05,0.0001267708435846271,5.5325765638428095,0.007033871412732331,0.13600588219364768,0.0
10200,1.0,0.05,0.0001267708435846271,5.5325765638428095,0.007033871412732331,0.13600588219364768,0.0
10201,1.0,0.05,0.0001267708435846271,5.5325765638428095,0.00645795924175002,0.13600588219364768,0.0
10202,1.0,0.05,0.0001267708435846271,5.5325765638428095,0.00645795924175002,0.12407795202359807,0.0
10203,1.0,0.05,0.0001272754516215193,5.5325765638428095,0.00645795924175002,0.12407795202359807,0.0
10204,1.0,0.05,0.0001272754516215193,5.5325765638428095,0.00645795924175002,0.12407795202359807,0.0
10205,1.0,0.05,0.0001272754516215193,5.5325765638428095,0.00645795924175002,0.12407795202359807,0.0
10206,1.0,0.05,0.0001272754516215193,5.5325765638428095,0.00645795924175002,0.12407795202359807,0.0
10207,1.0,0.05,0.0001272754516215193,5.5325765638428095,0.00645795924175002,0.1466696526116183,0.0
10208,1.0,0.05,0.0001272754516215193,5.5325765638428095,0.00645795924175002,0.1466696526116183,0.0
10209,1.0,0.05,0.0001272754516215193,5.5325765638428095,0.00645795924175002,0.1466696526116183,0.0
10210,1.0,0.05,0.0001272754516215193,5.5325765638428095,0.00645795924175002,0.15560993294589923,0.0
10211,1.0,0.05,0.0001272754516215193,5.5325765638428095,0.00645795924175002,0.15560993294589923,0.0
10212,1.0,0.05,0.0001272754516215193,5.5325765638428095,0.00645795924175002,0.15560993294589923,0.0
10213,1.0,0.05,0.0001272754516215193,5.5325765638428095,0.00645795924175002,0.14370200984786555,0.0
10214,1.0,0.05,0.0001272754516215193,5.5325765638428095,0.00645795924175002,0.14370200984786555,0.0
10215,1.0,0.05,0.0001272754516215193,5.5325765638428095,0.00645795924175002,0.14370200984786555,0.0
10216,1.0,0.05,0.00012308104673970175,5.5325765638428095,0.00645795924175002,0.14370200984786555,0.0
10217,1.0,0.05,0.00012308104673970175,5.5325765638428095,0.00645795924175002,0.14370200984786555,0.0
10218,1.0,0.05,0.00012308104673970175,5.5325765638428095,0.00664024597616843,0.14370200984786555,0.0
10219,1.0,0.05,0.00012308104673970175,5.5325765638428095,0.00664024597616843,0.14370200984786555,0.0
10220,1.0,0.05,0.00012308104673970175,5.5325765638428095,0.00664024597616843,0.14370200984786555,0.0
10221,1.0,0.05,0.00012308104673970175,10.81340787899461,0.00664024597616843,0.14370200984786555,0.0
10222,1.0,0.05,0.00012308104673970175,4.426263209765608,0.00664024597616843,0.14370200984786555,0.0
10223,1.0,0.05,0.00012308104673970175,4.426263209765608,0.006571715533212628,0.14370200984786555,0.0
10224,1.0,0.05,0.00012308104673970175,4.426263209765608,0.006571715533212628,0.14370200984786555,0.0
10225,1.0,0.05,0.00012308104673970175,4.426263209765608,0.006571715533212628,0.14370200984786555,0.0
10226,1.0,0.05,0.00012308104673970175,4.426263209765608,0.006571715533212628,0.14370200984786555,0.0
10227,1.0,0.05,0.00012308104673970175,4.426263209765608,0.006571715533212628,0.14370200984786555,0.0
10228,1.0,0.05,0.00012308104673970175,4.426263209765608,0.006571715533212628,0.14370200984786555,0.0
10229,1.0,0.05,0.00012308104673970175,5.257394315059088,0.006571715533212628,0.14370200984786555,0.0
10230,1.0,0.05,0.00012308104673970175,5.257394315059088,0.006937418017348278,0.14370200984786555,0.0
10231,1.0,0.05,0.00012308104673970175,5.257394315059088,0.006937418017348278,0.14370200984786555,0.0
10232,1.0,0.05,0.00012308104673970175,5.257394315059088,0.006937418017348278,0.14370200984786555,0.0
10233,1.0,0.05,0.00012308104673970175,5.257394315059088,0.006660470126153292,0.14370200984786555,0.0
10234,1.0,0.05,0.00012308104673970175,5.257394315059088,0.006660470126153292,0.14370200984786555,0.0
10235,1.0,0.05,0.00012308104673970175,5.257394315059088,0.006660470126153292,0.14370200984786555,0.0
10236,1.0,0.05,0.00012308104673970175,5.257394315059088,0.006660470126153292,0.15529798451181248,0.0
10237,1.0,0.05,0.00012308104673970175,5.257394315059088,0.006694906494985938,0.15529798451181248,0.0
10238,1.0,0.05,0.00012308104673970175,5.257394315059088,0.006694906494985938,0.15529798451181248,0.0
10239,1.0,0.05,0.00012308104673970175,5.257394315059088,0.006547146023610561,0.15529798451181248,0.0
10240,1.0,0.05,0.00012308104673970175,5.257394315059088,0.006547146023610561,0.15529798451181248,0.0
10241,1.0,0.05,0.00012308104673970175,5.257394315059088,0.006547146023610561,0.15529798451181248,0.0
10242,1.0,0.05,0.00012308104673970175,5.257394315059088,0.006547146023610561,0.15529798451181248,0.0
10243,1.0,0.05,0.00012308104673970175,5.257394315059088,0.006547146023610561,0.15529798451181248,0.0
10244,1.0,0.05,0.00012308104673970175,9.515508059786939,0.0068973816542109425,0.15529798451181248,0.0
10245,1.0,0.05,0.00012308104673970175,9.515508059786939,0.0068973816542109425,0.15529798451181248,0.0
10246,1.0,0.05,0.00012308104673970175,9.515508059786939,0.0068973816542109425,0.15529798451181248,0.0
10247,1.0,0.05,0.00012308104673970175,9.515508059786939,0.0068973816542109425,0.15529798451181248,0.0
10248,1.0,0.05,0.00012308104673970175,9.515508059786939,0.0068973816542109425,0.15529798451181248,0.0
10249,1.0,0.05,0.00012308104673970175,9.515508059786939,0.0068973816542109425,0.15529798451181248,0.0
10250,1.0,0.05,0.00012308104673970175,9.515508059786939,0.0068973816542109425,0.15529798451181248,0.0
10251,1.0,0.05,0.00012308104673970175,9.515508059786939,0.0068973816542109425,0.15529798451181248,0.0
10252,1.0,0.05,0.00012308104673970175,9.515508059786939,0.0068973816542109425,0.12076247590755604,0.0
10253,1.0,0.05,0.00012308104673970175,9.515508059786939,0.0068973816542109425,0.10817599716325052,0.0
10254,1.0,0.05,0.00012308104673970175,9.515508059786939,0.0068973816542109425,0.10817599716325052,0.0
10255,1.0,0.05,0.00012308104673970175,9.515508059786939,0.0068973816542109425,0.10817599716325052,0.0
10256,1.0,0.05,0.00012308104673970175,12.846219145566536,0.0072342068383082925,0.10817599716325052,0.0
10257,1.0,0.05,0.00012308104673970175,12.846219145566536,0.0072342068383082925,0.11042453866294391,0.0
10258,1.0,0.05,0.00012308104673970175,12.846219145566536,0.0072342068383082925,0.11042453866294391,0.0
10259,1.0,0.05,0.00012308104673970175,12.846219145566536,0.0072342068383082925,0.11042453866294391,0.0
10260,1.0,0.05,0.00012308104673970175,12.433535147575952,0.0072342068383082925,0.11042453866294391,0.0
10261,1.0,0.05,0.00012308104673970175,12.433535147575952,0.006909686155823757,0.11042453866294391,0.0
10262,1.0,0.05,0.00012308104673970175,12.433535147575952,0.006909686155823757,0.11042453866294391,0.0
10263,1.0,0.05,0.00012308104673970175,10.95935028596682,0.007215235079284917,0.11042453866294391,0.0
10264,1.0,0.05,0.00012308104673970175,10.95935028596682,0.007215235079284917,0.11042453866294391,0.0
10265,1.0,0.05,0.00012308104673970175,10.95935028596682,0.007215235079284917,0.11042453866294391,0.0
10266,1.0,0.05,0.00012753254398111978,10.95935028596682,0.00697605740197824,0.11042453866294391,0.0
10267,1.0,0.05,0.00012753254398111978,10.95935028596682,0.00697605740197824,0.11042453866294391,0.0
10268,1.0,0.05,0.00012753254398111978,10.95935028596682,0.00697605740197824,0.12437957403983649,0.0
10269,1.0,0.05,0.00012753254398111978,10.95935028596682,0.00697605740197824,0.12437957403983649,0.0
10270,1.0,0.05,0.00012753254398111978,10.95935028596682,0.0059493216544213605,0.12945401971338202,0.0
10271,1.0,0.05,0.00012753254398111978,10.95935028596682,0.0059493216544213605,0.12945401971338202,0.0
10272,1.0,0.05,0.00012753254398111978,10.95935028596682,0.0059493216544213605,0.12945401971338202,0.0
10273,1.0,0.05,0.00012753254398111978,10.95935028596682,0.005733148715763002,0.12945401971338202,0.0
10274,1.0,0.05,0.00011726662752891797,10.95935028596682,0.007885380857981555,0.12945401971338202,0.0
10275,1.0,0.05,0.00011726662752891797,10.95935028596682,0.007885380857981555,0.12945401971338202,0.0
10276,1.0,0.05,0.00011763944695980024,10.95935028596682,0.007885380857981555,0.12945401971338202,0.0
10277,1.0,0.05,0.00011763944695980024,10.95935028596682,0.0062805240305434384,0.12945401971338202,0.0
10278,1.0,0.05,0.00011763944695980024,10.95935028596682,0.0064068887974524065,0.12945401971338202,0.0
10279,1.0,0.05,0.00011763944695980024,10.95935028596682,0.006324529627941441,0.12945401971338202,0.0
10280,1.0,0.05,0.00012548154199206414,10.95935028596682,0.006324529627941441,0.12945401971338202,0.0
10281,1.0,0.05,0.00012548154199206414,10.95935028596682,0.006324529627941441,0.12945401971338202,0.0
10282,1.0,0.05,0.00012548154199206414,10.95935028596682,0.006324529627941441,0.12945401971338202,0.0
10283,1.0,0.05,0.00012548154199206414,10.95935028596682,0.006324529627941441,0.12945401971338202,0.0
10284,1.0,0.05,0.00012548154199206414,10.95935028596682,0.006324529627941441,0.12945401971338202,0.0
10285,1.0,0.05,0.00012548154199206414,10.95935028596682,0.006324529627941441,0.12945401971338202,0.0
10286,1.0,0.05,0.00012548154199206414,10.95935028596682,0.007301427691367206,0.12945401971338202,0.0
10287,1.0,0.05,0.00012548154199206414,8.643705953309905,0.006427531910510304,0.14080602043424204,0.0
10288,1.0,0.05,0.00012548154199206414,8.643705953309905,0.006427531910510304,0.14080602043424204,0.0
10289,1.0,0.05,0.00012548154199206414,8.643705953309905,0.006647768398131596,0.14080602043424204,0.0
10290,1.0,0.05,0.00012548154199206414,8.643705953309905,0.006881374866224111,0.1146563751134575,0.0
10291,1.0,0.05,0.00012548154199206414,8.643705953309905,0.006881374866224111,0.12614042951040502,0.0
10292,1.0,0.05,0.00012548154199206414,8.643705953309905,0.005961005089573025,0.12614042951040502,0.0
10293,1.0,0.05,0.00012548154199206414,8.643705953309905,0.006388109072308284,0.12614042951040502,0.0
10294,1.0,0.05,0.00012548154199206414,8.643705953309905,0.006388109072308284,0.11649583702769295,0.0
10295,1.0,0.05,0.00012548154199206414,10.500078631797138,0.006388109072308284,0.11649583702769295,0.0
10296,1.0,0.05,0.00012548154199206414,8.834948367286756,0.006388109072308284,0.11649583702769295,0.0
10297,1.0,0.05,0.00012548154199206414,8.834948367286756,0.006388109072308284,0.11649583702769295,0.0
10298,1.0,0.05,0.00012548154199206414,8.834948367286756,0.006388109072308284,0.11649583702769295,0.0
10299,1.0,0.05,0.00012548154199206414,8.834948367286756,0.006388109072308284,0.11649583702769295,0.0
10300,1.0,0.05,0.00012548154199206414,8.834948367286756,0.006388109072308284,0.11649583702769295,0.0
10301,1.0,0.05,0.00012548154199206414,8.834948367286756,0.006388109072308284,0.13361801149922797,0.0
10302,1.0,0.05,0.00012548154199206414,8.834948367286756,0.006388109072308284,0.13361801149922797,0.0
10303,1.0,0.05,0.00012548154199206414,11.554491746583963,0.00710221694870917,0.13361801149922797,0.0
10304,1.0,0.05,0.00012548154199206414,7.927672415243748,0.0066033170333295674,0.13361801149922797,0.0
10305,1.0,0.05,0.00012548154199206414,7.927672415243748,0.0066033170333295674,0.13361801149922797,0.0
10306,1.0,0.05,0.00012548154199206414,7.927672415243748,0.005433334401733117,0.13361801149922797,0.0
10307,1.0,0.05,0.00012548154199206414,7.927672415243748,0.006440468369497482,0.11493396695044802,0.0
10308,1.0,0.05,0.00012548154199206414,7.927672415243748,0.006440468369497482,0.11493396695044802,0.0
10309,1.0,0.05,0.00012548154199206414,7.927672415243748,0.006440468369497482,0.11493396695044802,0.0
10310,1.0,0.05,0.00012548154199206414,7.927672415243748,0.006440468369497482,0.11281007494350412,0.0
10311,1.0,0.05,0.00012548154199206414,7.927672415243748,0.006440468369497482,0.11281007494350412,0.0
10312,1.0,0.05,0.00012548154199206414,7.927672415243748,0.006440468369497482,0.11281007494350412,0.0
10313,1.0,0.05,0.00012067271898694404,12.84975374201889,0.006440468369497482,0.11281007494350412,0.0
10314,1.0,0.05,0.00012067271898694404,12.84975374201889,0.006440468369497482,0.11281007494350412,0.0
10315,1.0,0.05,0.00012067271898694404,12.84975374201889,0.006440468369497482,0.11281007494350412,0.0
10316,1.0,0.05,0.00012067271898694404,12.84975374201889,0.006440468369497482,0.11281007494350412,0.0
10317,1.0,0.05,0.00012067271898694404,12.84975374201889,0.006440468369497482,0.11281007494350412,0.0
10318,1.0,0.05,0.00012067271898694404,12.84975374201889,0.006440468369497482,0.11281007494350412,0.0
10319,1.0,0.05,0.00012067271898694404,10.063587085680098,0.006440468369497482,0.11281007494350412,0.0
10320,1.0,0.05,0.00012067271898694404,10.063587085680098,0.006440468369497482,0.11281007494350412,0.0
10321,1.0,0.05,0.00012067271898694404,10.063587085680098,0.006440468369497482,0.11281007494350412,0.0
10322,1.0,0.05,0.0001214185028001392,10.063587085680098,0.006440468369497482,0.11281007494350412,0.0
10323,1.0,0.05,0.0001214185028001392,10.063587085680098,0.006440468369497482,0.11281007494350412,0.0
10324,1.0,0.05,0.0001214185028001392,10.063587085680098,0.006440468369497482,0.11281007494350412,0.0
10325,1.0,0.05,0.0001214185028001392,10.063587085680098,0.006440468369497482,0.11281007494350412,0.0
10326,1.0,0.05,0.0001214185028001392,10.063587085680098,0.006440468369497482,0.11281007494350412,0.0
10327,1.0,0.05,0.0001214185028001392,10.063587085680098,0.006440468369497482,0.11281007494350412,0.0
10328,1.0,0.05,0.0001214185028001392,10.063587085680098,0.006163322912492261,0.11281007494350412,0.0
10329,1.0,0.05,0.0001214185028001392,10.063587085680098,0.007289119929133311,0.10628798952446813,0.0
10330,1.0,0.05,0.0001214185028001392,10.063587085680098,0.007289119929133311,0.10628798952446813,0.0
10331,1.0,0.05,0.0001214185028001392,10.063587085680098,0.007289119929133311,0.10628798952446813,0.0
10332,1.0,0.05,0.0001214185028001392,10.063587085680098,0.007289119929133311,0.10628798952446813,0.0
10333,1.0,0.05,0.00011955384369065685,10.063587085680098,0.007289119929133311,0.10628798952446813,0.0
10334,1.0,0.05,0.00011955384369065685,10.063587085680098,0.007289119929133311,0.10628798952446813,0.0
10335,1.0,0.05,0.00011955384369065685,10.063587085680098,0.007289119929133311,0.10628798952446813,0.0
10336,1.0,0.05,0.00011955384369065685,10.063587085680098,0.007289119929133311,0.14133489324452608,0.0
10337,1.0,0.05,0.00011955384369065685,10.468218401514491,0.007289119929133311,0.15438387988138197,0.0
10338,1.0,0.05,0.00012619871352843032,8.211329942927776,0.007289119929133311,0.12365025310548577,0.0
10339,1.0,0.05,0.00012619871352843032,8.211329942927776,0.005919676598428324,0.12365025310548577,0.0
10340,1.0,0.05,0.00012619871352843032,8.211329942927776,0.005919676598428324,0.12365025310548577,0.0
10341,1.0,0.05,0.00012619871352843032,8.211329942927776,0.005919676598428324,0.13671842175874668,0.0
10342,1.0,0.05,0.00012619871352843032,8.211329942927776,0.005919676598428324,0.13671842175874668,0.0
10343,1.0,0.05,0.00012619871352843032,8.211329942927776,0.005919676598428324,0.10790643937662114,0.0
10344,1.0,0.05,0.00012619871352843032,8.211329942927776,0.005919676598428324,0.10790643937662114,0.0
10345,1.0,0.05,0.00012619871352843032,9.255982497349919,0.005919676598428324,0.10790643937662114,0.0
10346,1.0,0.05,0.00012619871352843032,8.846643757648593,0.005919676598428324,0.10790643937662114,0.0
10347,1.0,0.05,0.00012619871352843032,8.846643757648593,0.005919676598428324,0.10790643937662114,0.0
10348,1.0,0.05,0.00012619871352843032,8.846643757648593,0.005919676598428324,0.09501008341611455,0.0
10349,1.0,0.05,0.00012619871352843032,8.846643757648593,0.006901277494925842,0.09501008341611455,0.0
10350,1.0,0.05,0.00012619871352843032,7.709127204664441,0.006660744692192482,0.09501008341611455,0.0
10351,1.0,0.05,0.00012619871352843032,6.10826279616326,0.006660744692192482,0.16513190720152227,0.0
10352,1.0,0.05,0.00012619871352843032,6.10826279616326,0.006660744692192482,0.11295178984274473,0.0
10353,1.0,0.05,0.00012619871352843032,6.10826279616326,0.006660744692192482,0.10704091091946367,0.0
10354,1.0,0.05,0.00012619871352843032,14.382291204396225,0.006660744692192482,0.10644489626618002,0.0
10355,1.0,0.05,0.00012619871352843032,14.382291204396225,0.006413710544945719,0.10644489626618002,0.0
10356,1.0,0.05,0.00012619871352843032,15.071163494354849,0.006413710544945719,0.10644489626618002,0.0
10357,1.0,0.05,0.00012619871352843032,11.917336937460618,0.006413710544945719,0.10644489626618002,0.0
10358,1.0,0.05,0.00012619871352843032,11.981495708902415,0.006413710544945719,0.10644489626618002,0.0
10359,1.0,0.05,0.00012619871352843032,11.981495708902415,0.006413710544945719,0.10644489626618002,0.0
10360,1.0,0.05,0.00012619871352843032,11.981495708902415,0.006413710544945719,0.10644489626618002,0.0
10361,1.0,0.05,0.00012619871352843032,11.981495708902415,0.006413710544945719,0.10644489626618002,0.0
10362,1.0,0.05,0.00012619871352843032,11.981495708902415,0.006413710544945719,0.10644489626618002,0.0
10363,1.0,0.05,0.00012673762185440212,11.981495708902415,0.006413710544945719,0.10644489626618002,0.0
10364,1.0,0.05,0.00012673762185440212,11.981495708902415,0.006413710544945719,0.10644489626618002,0.0
10365,1.0,0.05,0.00012673762185440212,11.981495708902415,0.006413710544945719,0.10644489626618002,0.0
10366,1.0,0.05,0.00012673762185440212,11.981495708902415,0.006413710544945719,0.10644489626618002,0.0
10367,1.0,0.05,0.00012673762185440212,12.237140634119712,0.006413710544945719,0.10644489626618002,0.0
10368,1.0,0.05,0.00012673762185440212,10.914614141711084,0.006413710544945719,0.10644489626618002,0.0
10369,1.0,0.05,0.00012673762185440212,10.914614141711084,0.006413710544945719,0.13632768680953847,0.0
10370,1.0,0.05,0.00011843224793776742,10.914614141711084,0.006413710544945719,0.13632768680953847,0.0
10371,1.0,0.05,0.00011843224793776742,11.723497473640478,0.006413710544945719,0.13632768680953847,0.0
10372,1.0,0.05,0.00011843224793776742,11.723497473640478,0.007940290317447139,0.13632768680953847,0.0
10373,1.0,0.05,0.00011843224793776742,11.723497473640478,0.007940290317447139,0.13632768680953847,0.0
10374,1.0,0.05,0.00011843224793776742,11.723497473640478,0.007940290317447139,0.13279564671465013,0.0
10375,1.0,0.05,0.00011843224793776742,11.723497473640478,0.007940290317447139,0.13279564671465013,0.0
10376,1.0,0.05,0.00011843224793776742,11.723497473640478,0.007940290317447139,0.13279564671465013,0.0
10377,1.0,0.05,0.00011843224793776742,11.723497473640478,0.006362822971072769,0.12375391580382161,0.0
10378,1.0,0.05,0.00011843224793776742,11.723497473640478,0.006362822971072769,0.12890875028690355,0.0
10379,1.0,0.05,0.00011843224793776742,11.723497473640478,0.006362822971072769,0.12890875028690355,0.0
10380,1.0,0.05,0.00011843224793776742,11.723497473640478,0.006362822971072769,0.12890875028690355,0.0
10381,1.0,0.05,0.00011843224793776742,11.723497473640478,0.006848457678747304,0.12890875028690355,0.0
10382,1.0,0.05,0.00011843224793776742,11.723497473640478,0.007248605657522423,0.1429661589435827,0.0
10383,1.0,0.05,0.00011843224793776742,11.723497473640478,0.007248605657522423,0.1429661589435827,0.0
10384,1.0,0.05,0.00011843224793776742,11.723497473640478,0.007248605657522423,0.10857387635027213,0.0
10385,1.0,0.05,0.00011843224793776742,11.723497473640478,0.007248605657522423,0.10857387635027213,0.0
10386,1.0,0.05,0.00011843224793776742,11.723497473640478,0.007248605657522423,0.10857387635027213,0.0
10387,1.0,0.05,0.00011843224793776742,11.723497473640478,0.007248605657522423,0.10857387635027213,0.0
10388,1.0,0.05,0.00011843224793776742,11.723497473640478,0.006579670519884207,0.10857387635027213,0.0
10389,1.0,0.05,0.00011843224793776742,11.723497473640478,0.006579670519884207,0.10857387635027213,0.0
10390,1.0,0.05,0.0001196413271715653,11.723497473640478,0.006579670519884207,0.10857387635027213,0.0
10391,1.0,0.05,0.0001196413271715653,11.723497473640478,0.006579670519884207,0.10857387635027213,0.0
10392,1.0,0.05,0.0001196413271715653,11.723497473640478,0.006579670519884207,0.10419223403868201,0.0
10393,1.0,0.05,0.0001196413271715653,11.723497473640478,0.006579670519884207,0.10419223403868201,0.0
10394,1.0,0.05,0.0001196413271715653,11.723497473640478,0.006579670519884207,0.10653742387284634,0.0
10395,1.0,0.05,0.0001196413271715653,11.723497473640478,0.006579670519884207,0.10653742387284634,0.0
10396,1.0,0.05,0.0001196413271715653,11.723497473640478,0.006579670519884207,0.14949931116382928,0.0
10397,1.0,0.05,0.0001196413271715653,11.723497473640478,0.007395760837727784,0.14949931116382928,0.0
10398,1.0,0.05,0.0001196413271715653,11.723497473640478,0.007395760837727784,0.14949931116382928,0.0
10399,1.0,0.05,0.0001196413271715653,11.723497473640478,0.0070670899714455615,0.12442451054043427,0.0
10400,1.0,0.05,0.0001196413271715653,11.723497473640478,0.0070670899714455615,0.11770345815151376,0.0
10401,1.0,0.05,0.0001196413271715653,11.723497473640478,0.0070670899714455615,0.11770345815151376,0.0
10402,1.0,0.05,0.0001196413271715653,11.723497473640478,0.0070670899714455615,0.11770345815151376,0.0
10403,1.0,0.05,0.0001196413271715653,11.723497473640478,0.0070670899714455615,0.11770345815151376,0.0
10404,1.0,0.05,0.0001196413271715653,13.155405810485888,0.0070670899714455615,0.11770345815151376,0.0
10405,1.0,0.05,0.0001196413271715653,13.155405810485888,0.0070670899714455615,0.11770345815151376,0.0
10406,1.0,0.05,0.0001196413271715653,13.155405810485888,0.0070670899714455615,0.1270926402745534,0.0
10407,1.0,0.05,0.0001196413271715653,9.09417203578937,0.0070670899714455615,0.12536493950424643,0.0
10408,1.0,0.05,0.0001196413271715653,9.09417203578937,0.0070670899714455615,0.12536493950424643,0.0
10409,1.0,0.05,0.0001196413271715653,6.674051724470445,0.0070670899714455615,0.12536493950424643,0.0
10410,1.0,0.05,0.0001196413271715653,6.674051724470445,0.0070670899714455615,0.12536493950424643,0.0
10411,1.0,0.05,0.0001196413271715653,6.674051724470445,0.0070670899714455615,0.12536493950424643,0.0
10412,1.0,0.05,0.0001196413271715653,6.674051724470445,0.0070670899714455615,0.12536493950424643,0.0
10413,1.0,0.05,0.0001196413271715653,6.674051724470445,0.0070670899714455615,0.12536493950424643,0.0
10414,1.0,0.05,0.0001196413271715653,6.674051724470445,0.0070670899714455615,0.20104591139871744,0.0
10415,1.0,0.05,0.00011431352877877919,6.674051724470445,0.0070670899714455615,0.20104591139871744,0.0
10416,1.0,0.05,0.00011431352877877919,6.674051724470445,0.007735294139756828,0.20104591139871744,0.0
10417,1.0,0.05,0.00011431352877877919,9.875928809258625,0.007735294139756828,0.20662622093977584,0.0
10418,1.0,0.05,0.00011431352877877919,9.875928809258625,0.008800935119369885,0.20662622093977584,0.0
10419,1.0,0.05,0.00011431352877877919,8.989023804362944,0.008800935119369885,0.20662622093977584,0.0
10420,1.0,0.05,0.00011431352877877919,8.989023804362944,0.008800935119369885,0.20662622093977584,0.0
10421,1.0,0.05,0.00011783515107406884,8.989023804362944,0.008800935119369885,0.20662622093977584,0.0
10422,1.0,0.05,0.00011783515107406884,8.989023804362944,0.008800935119369885,0.20662622093977584,0.0
10423,1.0,0.05,0.00011783515107406884,8.989023804362944,0.008800935119369885,0.20662622093977584,0.0
10424,1.0,0.05,0.00011783515107406884,8.989023804362944,0.007280637468766546,0.20662622093977584,0.0
10425,1.0,0.05,0.00011783515107406884,8.989023804362944,0.007280637468766546,0.13855467474927907,0.0
10426,1.0,0.05,0.00011991785353782554,8.989023804362944,0.007280637468766546,0.13855467474927907,0.0
10427,1.0,0.05,0.00011991785353782554,8.989023804362944,0.007280637468766546,0.13855467474927907,0.0
10428,1.0,0.05,0.00011991785353782554,8.989023804362944,0.007280637468766546,0.13855467474927907,0.0
10429,1.0,0.05,0.00011991785353782554,8.989023804362944,0.007543880079099855,0.13855467474927907,0.0
10430,1.0,0.05,0.00011991785353782554,8.989023804362944,0.007543880079099855,0.13855467474927907,0.0
10431,1.0,0.05,0.00011991785353782554,9.52947127430646,0.007543880079099855,0.13855467474927907,0.0
10432,1.0,0.05,0.00011991785353782554,9.52947127430646,0.007543880079099855,0.13855467474927907,0.0
10433,1.0,0.05,0.00011991785353782554,9.52947127430646,0.007543880079099855,0.13855467474927907,0.0
10434,1.0,0.05,0.00011991785353782554,8.672515809713886,0.007543880079099855,0.13855467474927907,0.0
10435,1.0,0.05,0.00011991785353782554,8.672515809713886,0.007543880079099855,0.13855467474927907,0.0
10436,1.0,0.05,0.00011991785353782554,8.672515809713886,0.007543880079099855,0.13855467474927907,0.0
10437,1.0,0.05,0.00011991785353782554,8.672515809713886,0.006552535318225294,0.13855467474927907,0.0
10438,1.0,0.05,0.00011991785353782554,8.672515809713886,0.006593631751497656,0.13855467474927907,0.0
10439,1.0,0.05,0.00011991785353782554,8.672515809713886,0.006593631751497656,0.13855467474927907,0.0
10440,1.0,0.05,0.00011991785353782554,8.672515809713886,0.0065944551918481024,0.13855467474927907,0.0
10441,1.0,0.05,0.0001241268077930498,8.672515809713886,0.007199683719002691,0.12770856165660102,0.0
10442,1.0,0.05,0.0001165939897157956,8.672515809713886,0.007199683719002691,0.12770856165660102,0.0
10443,1.0,0.05,0.0001165939897157956,8.672515809713886,0.007199683719002691,0.12770856165660102,0.0
10444,1.0,0.05,0.0001165939897157956,8.672515809713886,0.007199683719002691,0.12770856165660102,0.0
10445,1.0,0.05,0.0001165939897157956,8.672515809713886,0.007199683719002691,0.1718327495355792,0.0
10446,1.0,0.05,0.0001165939897157956,8.672515809713886,0.007199683719002691,0.1718327495355792,0.0
10447,1.0,0.05,0.0001165939897157956,8.672515809713886,0.007199683719002691,0.1718327495355792,0.0
10448,1.0,0.05,0.0001165939897157956,8.672515809713886,0.007199683719002691,0.1718327495355792,0.0
10449,1.0,0.05,0.0001165939897157956,8.672515809713886,0.007199683719002691,0.1718327495355792,0.0
10450,1.0,0.05,0.0001165939897157956,8.672515809713886,0.007199683719002691,0.1718327495355792,0.0
10451,1.0,0.05,0.0001165939897157956,8.672515809713886,0.008086734593660615,0.1718327495355792,0.0
10452,1.0,0.05,0.0001165939897157956,8.672515809713886,0.008086734593660615,0.1718327495355792,0.0
10453,1.0,0.05,0.0001165939897157956,8.672515809713886,0.006930579215053773,0.1718327495355792,0.0
10454,1.0,0.05,0.0001165939897157956,8.672515809713886,0.006930579215053773,0.1718327495355792,0.0
10455,1.0,0.05,0.0001165939897157956,8.672515809713886,0.006930579215053773,0.1718327495355792,0.0
10456,1.0,0.05,0.0001165939897157956,8.672515809713886,0.007770240939514789,0.1718327495355792,0.0
10457,1.0,0.05,0.0001165939897157956,8.672515809713886,0.007770240939514789,0.1340359691122127,0.0
10458,1.0,0.05,0.0001165939897157956,8.672515809713886,0.007770240939514789,0.1340359691122127,0.0
10459,1.0,0.05,0.0001165939897157956,8.672515809713886,0.007770240939514789,0.1340359691122127,0.0
10460,1.0,0.05,0.00011017076537013862,8.672515809713886,0.007770240939514789,0.1340359691122127,0.0
10461,1.0,0.05,0.00011017076537013862,8.672515809713886,0.008955705479814996,0.24828158225781144,0.0
10462,1.0,0.05,0.00011017076537013862,8.672515809713886,0.008955705479814996,0.24828158225781144,0.0
10463,1.0,0.05,0.00011017076537013862,8.672515809713886,0.008955705479814996,0.2552061257046453,0.0
10464,1.0,0.05,0.00011017076537013862,8.672515809713886,0.008955705479814996,0.2552061257046453,0.0
10465,1.0,0.05,0.00011017076537013862,9.201016271387246,0.008955705479814996,0.15883690980951698,0.0
10466,1.0,0.05,0.00011017076537013862,10.420662217026148,0.008955705479814996,0.15883690980951698,0.0
10467,1.0,0.05,0.00011017076537013862,10.420662217026148,0.006994316787342202,0.15883690980951698,0.0
10468,1.0,0.05,0.00012285125762870715,9.505360282198708,0.006994316787342202,0.14026207455145473,0.0
10469,1.0,0.05,0.00012285125762870715,9.505360282198708,0.006994316787342202,0.14026207455145473,0.0
10470,1.0,0.05,0.00012285125762870715,12.438237093482314,0.006994316787342202,0.14026207455145473,0.0
10471,1.0,0.05,0.00012877534345936127,12.438237093482314,0.006994316787342202,0.14026207455145473,0.0
10472,1.0,0.05,0.00012877534345936127,12.438237093482314,0.006994316787342202,0.11808425331124758,0.0
10473,1.0,0.05,0.00012877534345936127,12.438237093482314,0.006994316787342202,0.11808425331124758,0.0
10474,1.0,0.05,0.00012877534345936127,12.438237093482314,0.006994316787342202,0.11808425331124758,0.0
10475,1.0,0.05,0.00012877534345936127,12.438237093482314,0.006994316787342202,0.10607718696575218,0.0
10476,1.0,0.05,0.00012877534345936127,12.438237093482314,0.006994316787342202,0.10607718696575218,0.0
10477,1.0,0.05,0.00012877534345936127,12.438237093482314,0.006994316787342202,0.10607718696575218,0.0
10478,1.0,0.05,0.00012877534345936127,12.438237093482314,0.006994316787342202,0.10607718696575218,0.0
10479,1.0,0.05,0.00012877534345936127,12.438237093482314,0.006496278309517576,0.10607718696575218,0.0
10480,1.0,0.05,0.00012877534345936127,6.073244071382433,0.006496278309517576,0.11632193054103569,0.0
10481,1.0,0.05,0.00012877534345936127,6.073244071382433,0.006496278309517576,0.11632193054103569,0.0
10482,1.0,0.05,0.00012877534345936127,6.073244071382433,0.006496278309517576,0.11632193054103569,0.0
10483,1.0,0.05,0.0001280922564410657,6.073244071382433,0.006496278309517576,0.11632193054103569,0.0
10484,1.0,0.05,0.00012429057438848148,6.755564652100304,0.006496278309517576,0.11632193054103569,0.0
10485,1.0,0.05,0.00012429057438848148,6.755564652100304,0.006496278309517576,0.11632193054103569,0.0
10486,1.0,0.05,0.00012429057438848148,6.755564652100304,0.006496278309517576,0.11632193054103569,0.0
10487,1.0,0.05,0.00012429057438848148,6.755564652100304,0.00591656425622453,0.11632193054103569,0.0
10488,1.0,0.05,0.00012429057438848148,6.755564652100304,0.006784710911915144,0.11632193054103569,0.0
10489,1.0,0.05,0.00012429057438848148,6.755564652100304,0.0061916086265987125,0.18101700573521334,0.0
10490,1.0,0.05,0.00010934814035973829,6.755564652100304,0.0077986425452547,0.18101700573521334,0.0
10491,1.0,0.05,0.00010934814035973829,6.755564652100304,0.0077986425452547,0.18101700573521334,0.0
10492,1.0,0.05,0.00010934814035973829,6.755564652100304,0.0077986425452547,0.18101700573521334,0.0
10493,1.0,0.05,0.00010934814035973829,6.755564652100304,0.0077986425452547,0.20648443052034637,0.0
10494,1.0,0.05,0.00010934814035973829,6.755564652100304,0.0077986425452547,0.20648443052034637,0.0
10495,1.0,0.05,0.00010934814035973829,6.755564652100304,0.0077986425452547,0.20648443052034637,0.0
10496,1.0,0.05,0.00010934814035973829,6.755564652100304,0.0077986425452547,0.20648443052034637,0.0
10497,1.0,0.05,0.00010934814035973829,6.755564652100304,0.0077986425452547,0.20648443052034637,0.0
10498,1.0,0.05,0.00010934814035973829,6.755564652100304,0.0077986425452547,0.20648443052034637,0.0
10499,1.0,0.05,0.00010934814035973829,6.755564652100304,0.0077986425452547,0.20648443052034637,0.0
10500,1.0,0.05,0.00010934814035973829,6.755564652100304,0.0077986425452547,0.20648443052034637,0.0
10501,1.0,0.05,0.00010934814035973829,6.755564652100304,0.0077986425452547,0.20648443052034637,0.0
10502,1.0,0.05,0.00010934814035973829,6.755564652100304,0.0077986425452547,0.20648443052034637,0.0
10503,1.0,0.05,0.00010934814035973829,6.755564652100304,0.0077986425452547,0.20648443052034637,0.0
10504,1.0,0.05,0.00010934814035973829,6.755564652100304,0.0077986425452547,0.20648443052034637,0.0
10505,1.0,0.05,0.00010934814035973829,6.755564652100304,0.0077986425452547,0.20648443052034637,0.0
10506,1.0,0.05,0.00010934814035973829,6.755564652100304,0.0077986425452547,0.20648443052034637,0.0
10507,1.0,0.05,0.00010934814035973829,6.755564652100304,0.0077986425452547,0.20648443052034637,0.0
10508,1.0,0.05,0.00010934814035973829,6.755564652100304,0.0077986425452547,0.20648443052034637,0.0
10509,1.0,0.05,0.00010934814035973829,6.755564652100304,0.008154537817853852,0.20648443052034637,0.0
10510,1.0,0.05,0.00010934814035973829,6.755564652100304,0.008154537817853852,0.21435631116558118,0.0
10511,1.0,0.05,0.00010934814035973829,6.755564652100304,0.008154537817853852,0.21435631116558118,0.0
10512,1.0,0.05,0.00010934814035973829,6.755564652100304,0.008154537817853852,0.21435631116558118,0.0
10513,1.0,0.05,0.00010934814035973829,6.755564652100304,0.008154537817853852,0.23376472065640208,0.0
10514,1.0,0.05,0.00010934814035973829,6.755564652100304,0.008154537817853852,0.23376472065640208,0.0
10515,1.0,0.05,0.00010934814035973829,6.755564652100304,0.007928107197874706,0.23376472065640208,0.0
10516,1.0,0.05,0.00010934814035973829,6.755564652100304,0.007928107197874706,0.23376472065640208,0.0
10517,1.0,0.05,0.00010934814035973829,6.755564652100304,0.007928107197874706,0.23634083742094925,0.0
10518,1.0,0.05,0.00010934814035973829,6.755564652100304,0.007928107197874706,0.22806709099851924,0.0
10519,1.0,0.05,0.00011297296996111908,6.755564652100304,0.007928107197874706,0.22806709099851924,0.0
10520,1.0,0.05,0.00011297296996111908,5.932881269472404,0.007928107197874706,0.22806709099851924,0.0
10521,1.0,0.05,0.00011297296996111908,5.932881269472404,0.007928107197874706,0.22806709099851924,0.0
10522,1.0,0.05,0.00011297296996111908,5.932881269472404,0.007928107197874706,0.21678626918066948,0.0
10523,1.0,0.05,0.00011297296996111908,5.932881269472404,0.007928107197874706,0.21678626918066948,0.0
10524,1.0,0.05,0.00011297296996111908,5.932881269472404,0.007928107197874706,0.13895250842445273,0.0
10525,1.0,0.05,0.00011297296996111908,5.932881269472404,0.007928107197874706,0.13895250842445273,0.0
10526,1.0,0.05,0.00011297296996111908,5.932881269472404,0.007928107197874706,0.13895250842445273,0.0
10527,1.0,0.05,0.00011297296996111908,10.093053921177415,0.007928107197874706,0.15092748848594462,0.0
10528,1.0,0.05,0.00011297296996111908,10.093053921177415,0.007928107197874706,0.15092748848594462,0.0
10529,1.0,0.05,0.00011297296996111908,12.38799235878632,0.007928107197874706,0.15092748848594462,0.0
10530,1.0,0.05,0.00011297296996111908,12.38799235878632,0.007928107197874706,0.15092748848594462,0.0
10531,1.0,0.05,0.00011297296996111908,13.896614578460003,0.007928107197874706,0.15092748848594462,0.0
10532,1.0,0.05,0.00011297296996111908,13.896614578460003,0.007928107197874706,0.15092748848594462,0.0
10533,1.0,0.05,0.00011297296996111908,13.896614578460003,0.007928107197874706,0.15092748848594462,0.0
10534,1.0,0.05,0.00011297296996111908,9.151428076944129,0.007928107197874706,0.15092748848594462,0.0
10535,1.0,0.05,0.00011297296996111908,9.151428076944129,0.007928107197874706,0.15092748848594462,0.0
10536,1.0,0.05,0.00011297296996111908,9.151428076944129,0.007928107197874706,0.15092748848594462,0.0
10537,1.0,0.05,0.00011920697042192715,9.151428076944129,0.00794357139768644,0.15685099837446106,0.0
10538,1.0,0.05,0.00011920697042192715,9.151428076944129,0.00794357139768644,0.15685099837446106,0.0
10539,1.0,0.05,0.00011920697042192715,9.151428076944129,0.00794357139768644,0.15685099837446106,0.0
10540,1.0,0.05,0.00011920697042192715,9.151428076944129,0.00794357139768644,0.15685099837446106,0.0
10541,1.0,0.05,0.00011920697042192715,9.151428076944129,0.0062856504984724155,0.15685099837446106,0.0
10542,1.0,0.05,0.00011920697042192715,9.151428076944129,0.0062856504984724155,0.11049118465439786,0.0
10543,1.0,0.05,0.00011920697042192715,9.151428076944129,0.0062856504984724155,0.15923167751523093,0.0
10544,1.0,0.05,0.00011920697042192715,9.151428076944129,0.0065559784381745536,0.15923167751523093,0.0
10545,1.0,0.05,0.00011920697042192715,9.151428076944129,0.007745679422308753,0.15923167751523093,0.0
10546,1.0,0.05,0.00011920697042192715,9.151428076944129,0.007745679422308753,0.17298259126606708,0.0
10547,1.0,0.05,0.00011920697042192715,9.151428076944129,0.007745679422308753,0.17298259126606708,0.0
10548,1.0,0.05,0.00011920697042192715,9.151428076944129,0.007745679422308753,0.17298259126606708,0.0
10549,1.0,0.05,0.00011920697042192715,9.151428076944129,0.007778282465152514,0.17298259126606708,0.0
10550,1.0,0.05,0.00011920697042192715,9.151428076944129,0.007778282465152514,0.17298259126606708,0.0
10551,1.0,0.05,0.00011920697042192715,9.151428076944129,0.007778282465152514,0.1532618857587531,0.0
10552,1.0,0.05,0.0001096745538633557,9.151428076944129,0.007778282465152514,0.15489837247938498,0.0
10553,1.0,0.05,0.0001096745538633557,9.151428076944129,0.007778282465152514,0.222598523966335,0.0
10554,1.0,0.05,0.0001096745538633557,9.151428076944129,0.007778282465152514,0.222598523966335,0.0
10555,1.0,0.05,0.0001096745538633557,9.780440760487721,0.007778282465152514,0.222598523966335,0.0
10556,1.0,0.05,0.0001096745538633557,9.780440760487721,0.007778282465152514,0.222598523966335,0.0
10557,1.0,0.05,0.0001096745538633557,14.718983024024496,0.008329133112589069,0.1420884150497107,0.0
10558,1.0,0.05,0.0001096745538633557,14.718983024024496,0.008771665841400222,0.1420884150497107,0.0
10559,1.0,0.05,0.00010755823008742782,14.718983024024496,0.008771665841400222,0.1420884150497107,0.0
10560,1.0,0.05,0.00010755823008742782,14.718983024024496,0.008771665841400222,0.1840425168179578,0.0
10561,1.0,0.05,0.00010755823008742782,14.718983024024496,0.008160413445895054,0.1840425168179578,0.0
10562,1.0,0.05,0.00010755823008742782,14.718983024024496,0.008160413445895054,0.1840425168179578,0.0
10563,1.0,0.05,0.00010755823008742782,14.718983024024496,0.007094687072600941,0.1840425168179578,0.0
10564,1.0,0.05,0.00010755823008742782,8.486022320324807,0.007094687072600941,0.1840425168179578,0.0
10565,1.0,0.05,0.00010755823008742782,8.153838361298199,0.007094687072600941,0.1840425168179578,0.0
10566,1.0,0.05,0.00010755823008742782,8.153838361298199,0.007094687072600941,0.16954527447708864,0.0
10567,1.0,0.05,0.00011356891490239421,8.153838361298199,0.007094687072600941,0.17020394596446026,0.0
10568,1.0,0.05,0.00011356891490239421,8.153838361298199,0.007094687072600941,0.17020394596446026,0.0
10569,1.0,0.05,0.00011495550242234007,10.510692423611246,0.007094687072600941,0.17020394596446026,0.0
10570,1.0,0.05,0.00011495550242234007,10.510692423611246,0.007094687072600941,0.17020394596446026,0.0
10571,1.0,0.05,0.00011495550242234007,10.510692423611246,0.007094687072600941,0.17020394596446026,0.0
10572,1.0,0.05,0.00011495550242234007,10.510692423611246,0.007094687072600941,0.15963477882496493,0.0
10573,1.0,0.05,0.00011495550242234007,10.510692423611246,0.007094687072600941,0.15963477882496493,0.0
10574,1.0,0.05,0.00011495550242234007,10.510692423611246,0.007094687072600941,0.16634174260333393,0.0
10575,1.0,0.05,0.00011495550242234007,9.280863189188409,0.007094687072600941,0.16634174260333393,0.0
10576,1.0,0.05,0.00011209596653137316,9.280863189188409,0.007094687072600941,0.13540053733244495,0.0
10577,1.0,0.05,0.00011209596653137316,9.280863189188409,0.007094687072600941,0.13017821885494063,0.0
10578,1.0,0.05,0.00011209596653137316,16.120859906635204,0.006788722375693407,0.13017821885494063,0.0
10579,1.0,0.05,0.00011209596653137316,16.120859906635204,0.006788722375693407,0.13017821885494063,0.0
10580,1.0,0.05,0.00011209596653137316,16.120859906635204,0.006788722375693407,0.13017821885494063,0.0
10581,1.0,0.05,0.00011209596653137316,16.120859906635204,0.006788722375693407,0.13017821885494063,0.0
10582,1.0,0.05,0.00011395815944752157,16.120859906635204,0.006788722375693407,0.13017821885494063,0.0
10583,1.0,0.05,0.00011395815944752157,16.120859906635204,0.007537436497641841,0.13017821885494063,0.0
10584,1.0,0.05,0.00011395815944752157,16.120859906635204,0.007224001604945839,0.13963071896035073,0.0
10585,1.0,0.05,0.00011395815944752157,12.845998415409696,0.007239718237901601,0.10513322009347459,0.0
10586,1.0,0.05,0.00011395815944752157,15.615432338964737,0.007239718237901601,0.10513322009347459,0.0
10587,1.0,0.05,0.00011395815944752157,15.615432338964737,0.007239718237901601,0.10513322009347459,0.0
10588,1.0,0.05,0.00011395815944752157,15.615432338964737,0.007239718237901601,0.10513322009347459,0.0
10589,1.0,0.05,0.00011395815944752157,23.876713782429576,0.007239718237901601,0.10513322009347459,0.0
10590,1.0,0.05,0.00011395815944752157,23.876713782429576,0.007239718237901601,0.10513322009347459,0.0
10591,1.0,0.05,0.00011395815944752157,23.876713782429576,0.007173120336445445,0.10513322009347459,0.0
10592,1.0,0.05,0.00011395815944752157,23.876713782429576,0.007173120336445445,0.10513322009347459,0.0
10593,1.0,0.05,0.00011395815944752157,23.876713782429576,0.007173120336445445,0.10513322009347459,0.0
10594,1.0,0.05,0.00011395815944752157,23.876713782429576,0.007173120336445445,0.10513322009347459,0.0
10595,1.0,0.05,0.00011395815944752157,15.197054338614421,0.007173120336445445,0.10513322009347459,0.0
10596,1.0,0.05,0.00011395815944752157,15.197054338614421,0.007173120336445445,0.10513322009347459,0.0
10597,1.0,0.05,0.00011395815944752157,15.197054338614421,0.007173120336445445,0.10513322009347459,0.0
10598,1.0,0.05,0.00011395815944752157,15.197054338614421,0.007173120336445445,0.14755704824909244,0.0
10599,1.0,0.05,0.00011395815944752157,15.197054338614421,0.007173120336445445,0.14755704824909244,0.0
10600,1.0,0.05,0.00011395815944752157,15.197054338614421,0.007173120336445445,0.14755704824909244,0.0
10601,1.0,0.05,0.00011395815944752157,15.197054338614421,0.007173120336445445,0.14755704824909244,0.0
10602,1.0,0.05,0.00011395815944752157,15.197054338614421,0.007173120336445445,0.14755704824909244,0.0
10603,1.0,0.05,0.00011395815944752157,15.197054338614421,0.008197075535278767,0.14755704824909244,0.0
10604,1.0,0.05,0.00011395815944752157,15.197054338614421,0.008197075535278767,0.14755704824909244,0.0
10605,1.0,0.05,0.00011395815944752157,15.197054338614421,0.008197075535278767,0.12787801441089047,0.0
10606,1.0,0.05,0.00011395815944752157,14.249563346595707,0.007893226948713741,0.12787801441089047,0.0
10607,1.0,0.05,0.00011395815944752157,14.249563346595707,0.007893226948713741,0.12787801441089047,0.0
10608,1.0,0.05,0.00011395815944752157,14.249563346595707,0.007893226948713741,0.12787801441089047,0.0
10609,1.0,0.05,0.00011395815944752157,14.249563346595707,0.007893226948713741,0.12787801441089047,0.0
10610,1.0,0.05,0.00011395815944752157,14.249563346595707,0.007893226948713741,0.12787801441089047,0.0
10611,1.0,0.05,0.00011395815944752157,14.249563346595707,0.007893226948713741,0.12787801441089047,0.0
10612,1.0,0.05,0.00011395815944752157,11.765911864190556,0.00814665583047825,0.12787801441089047,0.0
10613,1.0,0.05,0.00011395815944752157,6.719512695819446,0.00814665583047825,0.18397654970225688,0.0
10614,1.0,0.05,0.00011395815944752157,6.719512695819446,0.006707707748156973,0.18397654970225688,0.0
10615,1.0,0.05,0.00011395815944752157,8.788239016398109,0.006707707748156973,0.18397654970225688,0.0
10616,1.0,0.05,0.00011395815944752157,8.788239016398109,0.006707707748156973,0.18397654970225688,0.0
10617,1.0,0.05,0.00011395815944752157,8.788239016398109,0.006707707748156973,0.18397654970225688,0.0
10618,1.0,0.05,0.00011395815944752157,8.788239016398109,0.006707707748156973,0.18397654970225688,0.0
10619,1.0,0.05,0.00011395815944752157,8.788239016398109,0.006707707748156973,0.18397654970225688,0.0
10620,1.0,0.05,0.00011395815944752157,8.788239016398109,0.006707707748156973,0.14637529613313482,0.0
10621,1.0,0.05,0.00012342083508461776,8.788239016398109,0.006707707748156973,0.15970204893950468,0.0
10622,1.0,0.05,0.00012342083508461776,8.788239016398109,0.006707707748156973,0.15970204893950468,0.0
10623,1.0,0.05,0.00012342083508461776,8.788239016398109,0.006707707748156973,0.15970204893950468,0.0
10624,1.0,0.05,0.00012342083508461776,8.788239016398109,0.006707707748156973,0.15970204893950468,0.0
10625,1.0,0.05,0.00012342083508461776,8.788239016398109,0.006707707748156973,0.15970204893950468,0.0
10626,1.0,0.05,0.00012342083508461776,8.788239016398109,0.006707707748156973,0.15970204893950468,0.0
10627,1.0,0.05,0.00012471340834808057,8.45500643346422,0.006707707748156973,0.15970204893950468,0.0
10628,1.0,0.05,0.00012471340834808057,8.45500643346422,0.007381408444304609,0.15395067219824074,0.0
10629,1.0,0.05,0.00012471340834808057,8.45500643346422,0.007381408444304609,0.15395067219824074,0.0
10630,1.0,0.05,0.00012471340834808057,8.45500643346422,0.007381408444304609,0.15395067219824074,0.0
10631,1.0,0.05,0.00012471340834808057,9.459447689493942,0.007381408444304609,0.15395067219824074,0.0
10632,1.0,0.05,0.00012471340834808057,9.459447689493942,0.007381408444304609,0.10472919854036225,0.0
10633,1.0,0.05,0.00012471340834808057,9.459447689493942,0.007381408444304609,0.10472919854036225,0.0
10634,1.0,0.05,0.00012471340834808057,9.459447689493942,0.007381408444304609,0.10472919854036225,0.0
10635,1.0,0.05,0.00012471340834808057,9.459447689493942,0.006051943143735784,0.10472919854036225,0.0
10636,1.0,0.05,0.00012471340834808057,9.459447689493942,0.006051943143735784,0.10472919854036225,0.0
10637,1.0,0.05,0.00012471340834808057,9.459447689493942,0.007280025326070148,0.10472919854036225,0.0
10638,1.0,0.05,0.00012471340834808057,9.459447689493942,0.007280025326070148,0.10472919854036225,0.0
10639,1.0,0.05,0.00012471340834808057,9.459447689493942,0.007280025326070148,0.10472919854036225,0.0
10640,1.0,0.05,0.00012471340834808057,9.459447689493942,0.007280025326070148,0.10472919854036225,0.0
10641,1.0,0.05,0.00012471340834808057,9.459447689493942,0.007280025326070148,0.10472919854036225,0.0
10642,1.0,0.05,0.00012104261606335504,9.459447689493942,0.007237458676620474,0.11290974263599368,0.0
10643,1.0,0.05,0.00012104261606335504,9.459447689493942,0.007237458676620474,0.11290974263599368,0.0
10644,1.0,0.05,0.00012104261606335504,9.459447689493942,0.007237458676620474,0.11290974263599368,0.0
10645,1.0,0.05,0.00012104261606335504,15.278865637788911,0.007237458676620474,0.11290974263599368,0.0
10646,1.0,0.05,0.00012104261606335504,11.234017821351642,0.007237458676620474,0.11290974263599368,0.0
10647,1.0,0.05,0.00012104261606335504,16.956600055505945,0.007237458676620474,0.11290974263599368,0.0
10648,1.0,0.05,0.00012104261606335504,16.956600055505945,0.0071618382047502855,0.11290974263599368,0.0
10649,1.0,0.05,0.00012104261606335504,16.956600055505945,0.0071618382047502855,0.11290974263599368,0.0
10650,1.0,0.05,0.00012104261606335504,5.552742233817568,0.0071618382047502855,0.11290974263599368,0.0
10651,1.0,0.05,0.00012104261606335504,5.552742233817568,0.006385895172417555,0.12546783994861013,0.0
10652,1.0,0.05,0.00012104261606335504,14.317111021366372,0.006385895172417555,0.12546783994861013,0.0
10653,1.0,0.05,0.00012104261606335504,14.317111021366372,0.006385895172417555,0.10902953696742211,0.0
10654,1.0,0.05,0.00012104261606335504,14.317111021366372,0.006385895172417555,0.10902953696742211,0.0
10655,1.0,0.05,0.00012104261606335504,14.317111021366372,0.006385895172417555,0.10902953696742211,0.0
10656,1.0,0.05,0.00012104261606335504,14.317111021366372,0.006385895172417555,0.10902953696742211,0.0
10657,1.0,0.05,0.00012699457947828535,14.317111021366372,0.006385895172417555,0.10902953696742211,0.0
10658,1.0,0.05,0.00012699457947828535,14.317111021366372,0.006385895172417555,0.10902953696742211,0.0
10659,1.0,0.05,0.00012699457947828535,14.317111021366372,0.006385895172417555,0.10902953696742211,0.0
10660,1.0,0.05,0.00012699457947828535,14.317111021366372,0.006385895172417555,0.10902953696742211,0.0
10661,1.0,0.05,0.00012699457947828535,11.111781169438387,0.006385895172417555,0.10902953696742211,0.0
10662,1.0,0.05,0.00012699457947828535,11.111781169438387,0.006385895172417555,0.10902953696742211,0.0
10663,1.0,0.05,0.00012699457947828535,11.111781169438387,0.006385895172417555,0.1362821859297517,0.0
10664,1.0,0.05,0.00012477460054615745,11.111781169438387,0.006385895172417555,0.1362821859297517,0.0
10665,1.0,0.05,0.00012477460054615745,11.111781169438387,0.006385895172417555,0.1362821859297517,0.0
10666,1.0,0.05,0.00012477460054615745,11.111781169438387,0.006385895172417555,0.1362821859297517,0.0
10667,1.0,0.05,0.00012477460054615745,11.111781169438387,0.006385895172417555,0.1362821859297517,0.0
10668,1.0,0.05,0.00012477460054615745,11.111781169438387,0.006694471199355111,0.1362821859297517,0.0
10669,1.0,0.05,0.00012477460054615745,11.111781169438387,0.006694471199355111,0.1362821859297517,0.0
10670,1.0,0.05,0.00012477460054615745,11.111781169438387,0.006694471199355111,0.1362821859297517,0.0
10671,1.0,0.05,0.00012317182321127114,11.111781169438387,0.006694471199355111,0.1362821859297517,0.0
10672,1.0,0.05,0.00012317182321127114,11.111781169438387,0.006539876835965762,0.1362821859297517,0.0
10673,1.0,0.05,0.00012317182321127114,11.111781169438387,0.006539876835965762,0.1362821859297517,0.0
10674,1.0,0.05,0.00012317182321127114,11.111781169438387,0.006539876835965762,0.1362821859297517,0.0
10675,1.0,0.05,0.00012317182321127114,11.111781169438387,0.006539876835965762,0.1362821859297517,0.0
10676,1.0,0.05,0.00012317182321127114,11.111781169438387,0.006539876835965762,0.1362821859297517,0.0
10677,1.0,0.05,0.00012317182321127114,11.111781169438387,0.006539876835965762,0.1362821859297517,0.0
10678,1.0,0.05,0.00012317182321127114,11.111781169438387,0.006539876835965762,0.1362821859297517,0.0
10679,1.0,0.05,0.00012317182321127114,10.438739492355012,0.006539876835965762,0.1362821859297517,0.0
10680,1.0,0.05,0.00012317182321127114,10.438739492355012,0.0058342792472374306,0.1362821859297517,0.0
10681,1.0,0.05,0.00012317182321127114,10.438739492355012,0.0062226931339715175,0.1362821859297517,0.0
10682,1.0,0.05,0.00012118224955542276,10.438739492355012,0.0062226931339715175,0.1362821859297517,0.0
10683,1.0,0.05,0.00012118224955542276,10.438739492355012,0.0062226931339715175,0.1362821859297517,0.0
10684,1.0,0.05,0.00012118224955542276,10.438739492355012,0.0062226931339715175,0.1362821859297517,0.0
10685,1.0,0.05,0.00012118224955542276,10.438739492355012,0.007685294699354849,0.1362821859297517,0.0
10686,1.0,0.05,0.00012118224955542276,10.438739492355012,0.007685294699354849,0.1283749409552062,0.0
10687,1.0,0.05,0.00012088771235898931,10.438739492355012,0.007685294699354849,0.1534626558473299,0.0
10688,1.0,0.05,0.00012088771235898931,10.438739492355012,0.007685294699354849,0.1534626558473299,0.0
10689,1.0,0.05,0.00012088771235898931,6.974968974688551,0.006482909684366213,0.1534626558473299,0.0
10690,1.0,0.05,0.00012088771235898931,6.974968974688551,0.006482909684366213,0.1534626558473299,0.0
10691,1.0,0.05,0.00012088771235898931,6.974968974688551,0.007032325221016571,0.1534626558473299,0.0
10692,1.0,0.05,0.00012088771235898931,6.3085738354132985,0.007032325221016571,0.1534626558473299,0.0
10693,1.0,0.05,0.00012088771235898931,6.3085738354132985,0.007032325221016571,0.1534626558473299,0.0
10694,1.0,0.05,0.00012088771235898931,6.3085738354132985,0.007032325221016571,0.1534626558473299,0.0
10695,1.0,0.05,0.00012088771235898931,6.3085738354132985,0.007032325221016571,0.1723814518361094,0.0
10696,1.0,0.05,0.00012088771235898931,6.3085738354132985,0.007032325221016571,0.1723814518361094,0.0
10697,1.0,0.05,0.00012088771235898931,6.3085738354132985,0.007032325221016571,0.1723814518361094,0.0
10698,1.0,0.05,0.00012088771235898931,6.3085738354132985,0.007032325221016571,0.1969288088474211,0.0
10699,1.0,0.05,0.00012088771235898931,6.3085738354132985,0.007032325221016571,0.1969288088474211,0.0
10700,1.0,0.05,0.00012088771235898931,6.3085738354132985,0.007032325221016571,0.1969288088474211,0.0
10701,1.0,0.05,0.00012088771235898931,6.3085738354132985,0.006644255678815741,0.16360924913536204,0.0
10702,1.0,0.05,0.00012088771235898931,6.3085738354132985,0.006644255678815741,0.17881423450424758,0.0
10703,1.0,0.05,0.00012088771235898931,6.3085738354132985,0.006644255678815741,0.17881423450424758,0.0
10704,1.0,0.05,0.00011029068275753634,6.3085738354132985,0.006644255678815741,0.22382862358893,0.0
10705,1.0,0.05,0.00011029068275753634,6.3085738354132985,0.006644255678815741,0.22382862358893,0.0
10706,1.0,0.05,0.00011029068275753634,6.3085738354132985,0.009160463556778752,0.22382862358893,0.0
10707,1.0,0.05,0.00011029068275753634,6.3085738354132985,0.009160463556778752,0.22382862358893,0.0
10708,1.0,0.05,0.00011029068275753634,6.3085738354132985,0.008933272867923253,0.22382862358893,0.0
10709,1.0,0.05,0.00011029068275753634,6.3085738354132985,0.008933272867923253,0.22382862358893,0.0
10710,1.0,0.05,0.00011029068275753634,6.3085738354132985,0.008933272867923253,0.22382862358893,0.0
10711,1.0,0.05,0.00011029068275753634,6.3085738354132985,0.008933272867923253,0.22382862358893,0.0
10712,1.0,0.05,0.00011029068275753634,6.3085738354132985,0.007424873294326909,0.22382862358893,0.0
10713,1.0,0.05,0.00011029068275753634,6.3085738354132985,0.007346559343476475,0.22382862358893,0.0
10714,1.0,0.05,0.00011029068275753634,6.3085738354132985,0.007573270298689998,0.2211898478714635,0.0
10715,1.0,0.05,0.00011029068275753634,6.3085738354132985,0.007573270298689998,0.2211898478714635,0.0
10716,1.0,0.05,0.00011029068275753634,8.657593489570402,0.007576893028747093,0.20960808342245413,0.0
10717,1.0,0.05,0.00011029068275753634,8.657593489570402,0.007259589029151302,0.20960808342245413,0.0
10718,1.0,0.05,0.00011976299023052927,8.657593489570402,0.007259589029151302,0.20960808342245413,0.0
10719,1.0,0.05,0.00011976299023052927,8.657593489570402,0.006953614584237664,0.1885761521520056,0.0
10720,1.0,0.05,0.00011976299023052927,8.657593489570402,0.0068036764170600365,0.1885761521520056,0.0
10721,1.0,0.05,0.00011976299023052927,8.657593489570402,0.0068036764170600365,0.1885761521520056,0.0
10722,1.0,0.05,0.00011976299023052927,8.657593489570402,0.0068036764170600365,0.1885761521520056,0.0
10723,1.0,0.05,0.00011976299023052927,8.657593489570402,0.0068036764170600365,0.1885761521520056,0.0
10724,1.0,0.05,0.00011976299023052927,8.657593489570402,0.0068036764170600365,0.13187109458945107,0.0
10725,1.0,0.05,0.00011976299023052927,8.657593489570402,0.0068036764170600365,0.18798284889955938,0.0
10726,1.0,0.05,0.00011976299023052927,8.657593489570402,0.0068036764170600365,0.18798284889955938,0.0
10727,1.0,0.05,0.00011976299023052927,8.657593489570402,0.0068036764170600365,0.18798284889955938,0.0
10728,1.0,0.05,0.00011976299023052927,8.657593489570402,0.0068036764170600365,0.18798284889955938,0.0
10729,1.0,0.05,0.00011976299023052927,8.657593489570402,0.0068036764170600365,0.18798284889955938,0.0
10730,1.0,0.05,0.00011976299023052927,8.657593489570402,0.0068036764170600365,0.18798284889955938,0.0
10731,1.0,0.05,0.00011976299023052927,8.516796835988146,0.0070962133044780345,0.18798284889955938,0.0
10732,1.0,0.05,0.0001117673973016401,8.516796835988146,0.0070962133044780345,0.18798284889955938,0.0
10733,1.0,0.05,0.0001117673973016401,8.516796835988146,0.0070962133044780345,0.18798284889955938,0.0
10734,1.0,0.05,0.0001117673973016401,8.516796835988146,0.007881174990389945,0.18798284889955938,0.0
10735,1.0,0.05,0.0001117673973016401,8.516796835988146,0.007881174990389945,0.18798284889955938,0.0
10736,1.0,0.05,0.0001117673973016401,8.516796835988146,0.007881174990389945,0.18798284889955938,0.0
10737,1.0,0.05,0.0001117673973016401,8.516796835988146,0.007881174990389945,0.18798284889955938,0.0
10738,1.0,0.05,0.00011571090459537608,8.516796835988146,0.008160459657517301,0.18798284889955938,0.0
10739,1.0,0.05,0.00011571090459537608,8.516796835988146,0.007265036740759897,0.18798284889955938,0.0
10740,1.0,0.05,0.00011571090459537608,8.516796835988146,0.007265036740759897,0.18798284889955938,0.0
10741,1.0,0.05,0.00011571090459537608,8.516796835988146,0.007265036740759897,0.18798284889955938,0.0
10742,1.0,0.05,0.00012123321767453696,8.516796835988146,0.007265036740759897,0.18798284889955938,0.0
10743,1.0,0.05,0.00012123321767453696,8.516796835988146,0.007265036740759897,0.18798284889955938,0.0
10744,1.0,0.05,0.00012123321767453696,8.516796835988146,0.007265036740759897,0.18798284889955938,0.0
10745,1.0,0.05,0.00012123321767453696,8.516796835988146,0.007265036740759897,0.18798284889955938,0.0
10746,1.0,0.05,0.00012123321767453696,8.516796835988146,0.007265036740759897,0.18798284889955938,0.0
10747,1.0,0.05,0.00011520215663701412,8.516796835988146,0.007832765268147373,0.17658122127085968,0.0
10748,1.0,0.05,0.00011588407339282958,8.516796835988146,0.007832765268147373,0.17658122127085968,0.0
10749,1.0,0.05,0.00011588407339282958,6.796512070702306,0.007442860986077547,0.1522711605477571,0.0
10750,1.0,0.05,0.00011588407339282958,6.796512070702306,0.007442860986077547,0.1522711605477571,0.0
10751,1.0,0.05,0.00011588407339282958,6.796512070702306,0.007442860986077547,0.1522711605477571,0.0
10752,1.0,0.05,0.00011588407339282958,6.796512070702306,0.007442860986077547,0.1522711605477571,0.0
10753,1.0,0.05,0.00011588407339282958,6.30171225046827,0.007442860986077547,0.19502717767829095,0.0
10754,1.0,0.05,0.00011588407339282958,6.30171225046827,0.007442860986077547,0.19502717767829095,0.0
10755,1.0,0.05,0.00011588407339282958,6.30171225046827,0.0071998364911517775,0.16528522059512676,0.0
10756,1.0,0.05,0.00011588407339282958,6.30171225046827,0.0071998364911517775,0.16528522059512676,0.0
10757,1.0,0.05,0.00011588407339282958,12.997480353193879,0.0071998364911517775,0.16528522059512676,0.0
10758,1.0,0.05,0.00011588407339282958,12.997480353193879,0.0071998364911517775,0.16528522059512676,0.0
10759,1.0,0.05,0.00011896485269584921,10.050613550179662,0.0071998364911517775,0.16528522059512676,0.0
10760,1.0,0.05,0.00011896485269584921,10.050613550179662,0.0071998364911517775,0.16528522059512676,0.0
10761,1.0,0.05,0.00011896485269584921,10.050613550179662,0.0072788687205531345,0.16528522059512676,0.0
10762,1.0,0.05,0.00011896485269584921,10.050613550179662,0.007308236061603765,0.16528522059512676,0.0
10763,1.0,0.05,0.00011896485269584921,10.050613550179662,0.007308236061603765,0.16528522059512676,0.0
10764,1.0,0.05,0.00011896485269584921,10.050613550179662,0.007239064904416218,0.13044007159732443,0.0
10765,1.0,0.05,0.0001267280059166884,10.050613550179662,0.007239064904416218,0.13044007159732443,0.0
10766,1.0,0.05,0.0001267280059166884,10.050613550179662,0.007239064904416218,0.13044007159732443,0.0
10767,1.0,0.05,0.0001267280059166884,10.050613550179662,0.007239064904416218,0.13044007159732443,0.0
10768,1.0,0.05,0.0001267280059166884,10.050613550179662,0.007239064904416218,0.13044007159732443,0.0
10769,1.0,0.05,0.00011020487392514065,10.050613550179662,0.007567436307880636,0.13044007159732443,0.0
10770,1.0,0.05,0.0001239806027396187,9.749712029942586,0.007567436307880636,0.13044007159732443,0.0
10771,1.0,0.05,0.0001239806027396187,9.749712029942586,0.007567436307880636,0.13044007159732443,0.0
10772,1.0,0.05,0.0001239806027396187,9.749712029942586,0.007567436307880636,0.13044007159732443,0.0
10773,1.0,0.05,0.0001239806027396187,9.749712029942586,0.007567436307880636,0.14132018933442347,0.0
10774,1.0,0.05,0.0001239806027396187,9.749712029942586,0.007567436307880636,0.14132018933442347,0.0
10775,1.0,0.05,0.0001239806027396187,9.749712029942586,0.007523048027451236,0.14132018933442347,0.0
10776,1.0,0.05,0.0001239806027396187,9.749712029942586,0.007523048027451236,0.14132018933442347,0.0
10777,1.0,0.05,0.0001239806027396187,9.749712029942586,0.007523048027451236,0.14132018933442347,0.0
10778,1.0,0.05,0.00012189080319004869,9.749712029942586,0.007153605773358748,0.14132018933442347,0.0
10779,1.0,0.05,0.00012189080319004869,6.319468541344463,0.007153605773358748,0.14132018933442347,0.0
10780,1.0,0.05,0.00012189080319004869,12.316910754818949,0.007153605773358748,0.14132018933442347,0.0
10781,1.0,0.05,0.00012189080319004869,12.316910754818949,0.007139373661092664,0.14132018933442347,0.0
10782,1.0,0.05,0.00012189080319004869,12.316910754818949,0.007139373661092664,0.14132018933442347,0.0
10783,1.0,0.05,0.00012189080319004869,13.70982668919629,0.007139373661092664,0.14132018933442347,0.0
10784,1.0,0.05,0.00012189080319004869,13.70982668919629,0.007139373661092664,0.14132018933442347,0.0
10785,1.0,0.05,0.00012189080319004869,13.70982668919629,0.007584804336147317,0.14132018933442347,0.0
10786,1.0,0.05,0.00012189080319004869,13.70982668919629,0.007584804336147317,0.14132018933442347,0.0
10787,1.0,0.05,0.0001225673066485536,13.70982668919629,0.007584804336147317,0.11941586964085624,0.0
10788,1.0,0.05,0.0001225673066485536,13.70982668919629,0.007584804336147317,0.11941586964085624,0.0
10789,1.0,0.05,0.0001225673066485536,8.716475817747622,0.007584804336147317,0.11941586964085624,0.0
10790,1.0,0.05,0.0001225673066485536,8.716475817747622,0.007251459884503005,0.11786572087023937,0.0
10791,1.0,0.05,0.0001225673066485536,8.716475817747622,0.007251459884503005,0.11786572087023937,0.0
10792,1.0,0.05,0.0001225673066485536,8.716475817747622,0.007251459884503005,0.11786572087023937,0.0
10793,1.0,0.05,0.00012147258036501485,8.716475817747622,0.006958016849281904,0.11786572087023937,0.0
10794,1.0,0.05,0.00012147258036501485,8.716475817747622,0.006958016849281904,0.1334377038463268,0.0
10795,1.0,0.05,0.00012147258036501485,8.716475817747622,0.006958016849281904,0.1334377038463268,0.0
10796,1.0,0.05,0.00012147258036501485,10.47369979476089,0.006958016849281904,0.1334377038463268,0.0
10797,1.0,0.05,0.00012147258036501485,11.907316225795768,0.006958016849281904,0.1334377038463268,0.0
10798,1.0,0.05,0.00012147258036501485,11.907316225795768,0.006958016849281904,0.1334377038463268,0.0
10799,1.0,0.05,0.00012147258036501485,11.907316225795768,0.006958016849281904,0.1334377038463268,0.0
10800,1.0,0.05,0.00012147258036501485,11.907316225795768,0.006958016849281904,0.1334377038463268,0.0
10801,1.0,0.05,0.00012147258036501485,11.907316225795768,0.006958016849281904,0.1334377038463268,0.0
10802,1.0,0.05,0.00012147258036501485,11.907316225795768,0.006958016849281904,0.1092069123881381,0.0
10803,1.0,0.05,0.00012147258036501485,11.907316225795768,0.006958016849281904,0.1092069123881381,0.0
10804,1.0,0.05,0.00012147258036501485,11.907316225795768,0.006958016849281904,0.1092069123881381,0.0
10805,1.0,0.05,0.00012147258036501485,11.907316225795768,0.006958016849281904,0.1092069123881381,0.0
10806,1.0,0.05,0.00012147258036501485,11.907316225795768,0.006958016849281904,0.11734871451681292,0.0
10807,1.0,0.05,0.00012147258036501485,11.907316225795768,0.006958016849281904,0.11734871451681292,0.0
10808,1.0,0.05,0.00012147258036501485,11.907316225795768,0.006958016849281904,0.11734871451681292,0.0
10809,1.0,0.05,0.00012147258036501485,8.169932963099853,0.006958016849281904,0.11734871451681292,0.0
10810,1.0,0.05,0.00012241460197934056,8.169932963099853,0.006958016849281904,0.11734871451681292,0.0
10811,1.0,0.05,0.00012241460197934056,8.169932963099853,0.006958016849281904,0.1191293787288915,0.0
10812,1.0,0.05,0.00012241460197934056,8.169932963099853,0.006958016849281904,0.1191293787288915,0.0
10813,1.0,0.05,0.00012241460197934056,8.169932963099853,0.006958016849281904,0.1191293787288915,0.0
10814,1.0,0.05,0.00012241460197934056,7.412365959794684,0.006958016849281904,0.1191293787288915,0.0
10815,1.0,0.05,0.00012241460197934056,7.412365959794684,0.006958016849281904,0.14634751533981627,0.0
10816,1.0,0.05,0.00012241460197934056,7.412365959794684,0.006958016849281904,0.14634751533981627,0.0
10817,1.0,0.05,0.0001238740715966065,7.412365959794684,0.006958016849281904,0.14634751533981627,0.0
10818,1.0,0.05,0.0001238740715966065,7.412365959794684,0.006958016849281904,0.14634751533981627,0.0
10819,1.0,0.05,0.0001238740715966065,6.812772014682224,0.006958016849281904,0.14634751533981627,0.0
10820,1.0,0.05,0.0001238740715966065,6.812772014682224,0.00667362579456314,0.14634751533981627,0.0
10821,1.0,0.05,0.0001238740715966065,6.812772014682224,0.00667362579456314,0.14634751533981627,0.0
10822,1.0,0.05,0.00012524703809888702,6.812772014682224,0.00667362579456314,0.14634751533981627,0.0
10823,1.0,0.05,0.00012524703809888702,6.812772014682224,0.00667362579456314,0.14634751533981627,0.0
10824,1.0,0.05,0.00012524703809888702,6.812772014682224,0.00667362579456314,0.14634751533981627,0.0
10825,1.0,0.05,0.00012524703809888702,6.812772014682224,0.00667362579456314,0.14634751533981627,0.0
10826,1.0,0.05,0.00012524703809888702,5.683869315096118,0.00667362579456314,0.14634751533981627,0.0
10827,1.0,0.05,0.00012524703809888702,5.683869315096118,0.00667362579456314,0.14634751533981627,0.0
10828,1.0,0.05,0.00012524703809888702,5.683869315096118,0.00667362579456314,0.14634751533981627,0.0
10829,1.0,0.05,0.00012524703809888702,5.683869315096118,0.00667362579456314,0.14634751533981627,0.0
10830,1.0,0.05,0.0001218535531928714,5.683869315096118,0.00667362579456314,0.14634751533981627,0.0
10831,1.0,0.05,0.0001218535531928714,5.683869315096118,0.00667362579456314,0.14634751533981627,0.0
10832,1.0,0.05,0.0001218535531928714,5.683869315096118,0.00667362579456314,0.13086665053125138,0.0
10833,1.0,0.05,0.0001218535531928714,5.683869315096118,0.00667362579456314,0.13735507629857477,0.0
10834,1.0,0.05,0.0001218535531928714,5.683869315096118,0.00667362579456314,0.13735507629857477,0.0
10835,1.0,0.05,0.0001218535531928714,5.683869315096118,0.00667362579456314,0.1833461525500526,0.0
10836,1.0,0.05,0.0001218535531928714,5.683869315096118,0.00667362579456314,0.1833461525500526,0.0
10837,1.0,0.05,0.0001218535531928714,5.683869315096118,0.00667362579456314,0.1833461525500526,0.0
10838,1.0,0.05,0.0001218535531928714,6.61166465273773,0.00667362579456314,0.1833461525500526,0.0
10839,1.0,0.05,0.0001218535531928714,6.61166465273773,0.00667362579456314,0.1833461525500526,0.0
10840,1.0,0.05,0.0001218535531928714,6.61166465273773,0.00667362579456314,0.1833461525500526,0.0
10841,1.0,0.05,0.0001218535531928714,6.61166465273773,0.00667362579456314,0.1833461525500526,0.0
10842,1.0,0.05,0.0001218535531928714,6.61166465273773,0.00667362579456314,0.1833461525500526,0.0
10843,1.0,0.05,0.0001218535531928714,8.41727610481567,0.006848090606104618,0.1833461525500526,0.0
10844,1.0,0.05,0.0001218535531928714,8.41727610481567,0.006848090606104618,0.13879634883652414,0.0
10845,1.0,0.05,0.0001218535531928714,8.41727610481567,0.006848090606104618,0.13879634883652414,0.0
10846,1.0,0.05,0.0001218535531928714,8.41727610481567,0.006709731925883472,0.12153099015200453,0.0
10847,1.0,0.05,0.0001218535531928714,8.41727610481567,0.007274542925584754,0.12153099015200453,0.0
10848,1.0,0.05,0.0001218535531928714,8.41727610481567,0.0070792739679828584,0.12153099015200453,0.0
10849,1.0,0.05,0.00012006685134100427,8.41727610481567,0.0070792739679828584,0.12153099015200453,0.0
10850,1.0,0.05,0.00012006685134100427,8.41727610481567,0.0070792739679828584,0.12153099015200453,0.0
10851,1.0,0.05,0.00012257769079788682,8.41727610481567,0.0070792739679828584,0.12153099015200453,0.0
10852,1.0,0.05,0.00012257769079788682,5.560424967712763,0.0070792739679828584,0.16622764071905394,0.0
10853,1.0,0.05,0.00012257769079788682,5.560424967712763,0.0070792739679828584,0.16622764071905394,0.0
10854,1.0,0.05,0.0001205919217948869,5.560424967712763,0.0070792739679828584,0.16622764071905394,0.0
10855,1.0,0.05,0.0001205919217948869,5.560424967712763,0.0070792739679828584,0.16622764071905394,0.0
10856,1.0,0.05,0.0001205919217948869,5.560424967712763,0.0070792739679828584,0.14748750861627144,0.0
10857,1.0,0.05,0.0001205919217948869,5.560424967712763,0.0070792739679828584,0.15386832820939678,0.0
10858,1.0,0.05,0.0001205919217948869,5.560424967712763,0.0070792739679828584,0.15386832820939678,0.0
10859,1.0,0.05,0.0001205919217948869,5.560424967712763,0.0070792739679828584,0.15386832820939678,0.0
10860,1.0,0.05,0.0001205919217948869,7.990308086995441,0.0070792739679828584,0.15386832820939678,0.0
10861,1.0,0.05,0.0001205919217948869,7.990308086995441,0.0070792739679828584,0.15386832820939678,0.0
10862,1.0,0.05,0.0001205919217948869,7.990308086995441,0.0070792739679828584,0.15386832820939678,0.0
10863,1.0,0.05,0.0001205919217948869,7.990308086995441,0.0070792739679828584,0.15386832820939678,0.0
10864,1.0,0.05,0.0001205919217948869,7.990308086995441,0.0062712316178219745,0.15386832820939678,0.0
10865,1.0,0.05,0.0001205919217948869,7.990308086995441,0.0062712316178219745,0.15386832820939678,0.0
10866,1.0,0.05,0.0001205919217948869,7.990308086995441,0.0062712316178219745,0.15386832820939678,0.0
10867,1.0,0.05,0.0001205919217948869,7.990308086995441,0.0062712316178219745,0.15386832820939678,0.0
10868,1.0,0.05,0.0001205919217948869,7.990308086995441,0.0062712316178219745,0.15386832820939678,0.0
10869,1.0,0.05,0.0001205919217948869,7.990308086995441,0.0062712316178219745,0.15386832820939678,0.0
10870,1.0,0.05,0.0001205919217948869,7.990308086995441,0.0062712316178219745,0.15386832820939678,0.0
10871,1.0,0.05,0.0001205919217948869,7.990308086995441,0.0062712316178219745,0.15386832820939678,0.0
10872,1.0,0.05,0.0001205919217948869,7.990308086995441,0.007976260141279242,0.15386832820939678,0.0
10873,1.0,0.05,0.0001205919217948869,7.990308086995441,0.007976260141279242,0.15386832820939678,0.0
10874,1.0,0.05,0.0001205919217948869,7.990308086995441,0.0060888101470557695,0.15386832820939678,0.0
10875,1.0,0.05,0.0001205919217948869,7.990308086995441,0.0060888101470557695,0.15386832820939678,0.0
10876,1.0,0.05,0.0001205919217948869,7.990308086995441,0.0060888101470557695,0.15386832820939678,0.0
10877,1.0,0.05,0.0001205919217948869,7.990308086995441,0.008039446867874772,0.15343513562683608,0.0
10878,1.0,0.05,0.0001205919217948869,7.990308086995441,0.008039446867874772,0.15343513562683608,0.0
10879,1.0,0.05,0.0001205919217948869,7.990308086995441,0.007541722586201105,0.15343513562683608,0.0
10880,1.0,0.05,0.0001205919217948869,7.990308086995441,0.007541722586201105,0.15343513562683608,0.0
10881,1.0,0.05,0.0001205919217948869,7.990308086995441,0.007541722586201105,0.15343513562683608,0.0
10882,1.0,0.05,0.0001205919217948869,7.990308086995441,0.007541722586201105,0.15343513562683608,0.0
10883,1.0,0.05,0.0001205919217948869,7.990308086995441,0.007541722586201105,0.15343513562683608,0.0
10884,1.0,0.05,0.0001205919217948869,7.990308086995441,0.007541722586201105,0.15343513562683608,0.0
10885,1.0,0.05,0.0001205919217948869,12.156518115489064,0.007541722586201105,0.15343513562683608,0.0
10886,1.0,0.05,0.0001205919217948869,12.156518115489064,0.007541722586201105,0.15350059141687628,0.0
10887,1.0,0.05,0.00010813834208570739,12.156518115489064,0.007809847510530878,0.14473475132116342,0.0
10888,1.0,0.05,0.00010813834208570739,12.156518115489064,0.007809847510530878,0.14473475132116342,0.0
10889,1.0,0.05,0.00010813834208570739,12.156518115489064,0.007809847510530878,0.14473475132116342,0.0
10890,1.0,0.05,0.00010813834208570739,12.156518115489064,0.007809847510530878,0.14473475132116342,0.0
10891,1.0,0.05,0.00010813834208570739,12.156518115489064,0.007498345380227622,0.14473475132116342,0.0
10892,1.0,0.05,0.00010813834208570739,12.156518115489064,0.007498345380227622,0.14473475132116342,0.0
10893,1.0,0.05,0.00011784051098202901,12.156518115489064,0.007498345380227622,0.14473475132116342,0.0
10894,1.0,0.05,0.00011784051098202901,12.156518115489064,0.007498345380227622,0.14473475132116342,0.0
10895,1.0,0.05,0.00011784051098202901,12.156518115489064,0.007498345380227622,0.14473475132116342,0.0
10896,1.0,0.05,0.00011784051098202901,6.53999297749543,0.007498345380227622,0.14473475132116342,0.0
10897,1.0,0.05,0.00011784051098202901,6.53999297749543,0.007498345380227622,0.13374581620391202,0.0
10898,1.0,0.05,0.00011784051098202901,6.53999297749543,0.007498345380227622,0.17775553549077752,0.0
10899,1.0,0.05,0.00011784051098202901,6.53999297749543,0.007498345380227622,0.17775553549077752,0.0
10900,1.0,0.05,0.00011784051098202901,6.53999297749543,0.007498345380227622,0.17775553549077752,0.0
10901,1.0,0.05,0.00011784051098202901,6.53999297749543,0.007498345380227622,0.17775553549077752,0.0
10902,1.0,0.05,0.00011784051098202901,6.53999297749543,0.007498345380227622,0.17775553549077752,0.0
10903,1.0,0.05,0.00011784051098202901,6.53999297749543,0.007498345380227622,0.17775553549077752,0.0
10904,1.0,0.05,0.00011784051098202901,6.53999297749543,0.007498345380227622,0.20662083338064338,0.0
10905,1.0,0.05,0.00011784051098202901,7.189103049583892,0.007498345380227622,0.20662083338064338,0.0
10906,1.0,0.05,0.00011784051098202901,7.189103049583892,0.007498345380227622,0.15683123767607066,0.0
10907,1.0,0.05,0.00011784051098202901,7.189103049583892,0.007498345380227622,0.14477732408364047,0.0
10908,1.0,0.05,0.00011784051098202901,7.189103049583892,0.007498345380227622,0.14477732408364047,0.0
10909,1.0,0.05,0.00011784051098202901,7.189103049583892,0.007498345380227622,0.14477732408364047,0.0
10910,1.0,0.05,0.00011784051098202901,7.189103049583892,0.007498345380227622,0.14477732408364047,0.0
10911,1.0,0.05,0.00011784051098202901,7.189103049583892,0.007498345380227622,0.14477732408364047,0.0
10912,1.0,0.05,0.00011784051098202901,7.189103049583892,0.007498345380227622,0.14477732408364047,0.0
10913,1.0,0.05,0.00012034609404202043,7.189103049583892,0.007498345380227622,0.17432805815088392,0.0
10914,1.0,0.05,0.00012034609404202043,7.189103049583892,0.007498345380227622,0.17432805815088392,0.0
10915,1.0,0.05,0.00012034609404202043,7.189103049583892,0.007498345380227622,0.17432805815088392,0.0
10916,1.0,0.05,0.00012034609404202043,7.189103049583892,0.007498345380227622,0.17432805815088392,0.0
10917,1.0,0.05,0.00012034609404202043,7.189103049583892,0.007498345380227622,0.17432805815088392,0.0
10918,1.0,0.05,0.00011144201637253143,7.189103049583892,0.007498345380227622,0.17432805815088392,0.0
10919,1.0,0.05,0.00011144201637253143,7.189103049583892,0.007498345380227622,0.17432805815088392,0.0
10920,1.0,0.05,0.00011144201637253143,7.189103049583892,0.007498345380227622,0.17432805815088392,0.0
10921,1.0,0.05,0.00011144201637253143,12.512753715380697,0.007498345380227622,0.17432805815088392,0.0
10922,1.0,0.05,0.00011144201637253143,12.512753715380697,0.008409603530540618,0.17432805815088392,0.0
10923,1.0,0.05,0.00011144201637253143,7.841170372749204,0.007322796298585006,0.17432805815088392,0.0
10924,1.0,0.05,0.00011144201637253143,7.841170372749204,0.007322796298585006,0.17432805815088392,0.0
10925,1.0,0.05,0.00011144201637253143,7.841170372749204,0.007322796298585006,0.17432805815088392,0.0
10926,1.0,0.05,0.00011144201637253143,9.91842932986225,0.007322796298585006,0.16673009711168582,0.0
10927,1.0,0.05,0.00011144201637253143,9.91842932986225,0.007753914525646226,0.16673009711168582,0.0
10928,1.0,0.05,0.00011144201637253143,9.768808688709157,0.007753914525646226,0.16673009711168582,0.0
10929,1.0,0.05,0.00011144201637253143,9.768808688709157,0.007753914525646226,0.16673009711168582,0.0
10930,1.0,0.05,0.00011144201637253143,9.768808688709157,0.007753914525646226,0.16673009711168582,0.0
10931,1.0,0.05,0.00011493489481144633,9.768808688709157,0.007753914525646226,0.16673009711168582,0.0
10932,1.0,0.05,0.00011493489481144633,9.768808688709157,0.007753914525646226,0.16673009711168582,0.0
10933,1.0,0.05,0.00011493489481144633,9.768808688709157,0.007753914525646226,0.16673009711168582,0.0
10934,1.0,0.05,0.00011493489481144633,9.768808688709157,0.007753914525646226,0.16673009711168582,0.0
10935,1.0,0.05,0.00011493489481144633,9.768808688709157,0.007753914525646226,0.16673009711168582,0.0
10936,1.0,0.05,0.00011493489481144633,9.768808688709157,0.007753914525646226,0.16673009711168582,0.0
10937,1.0,0.05,0.00011493489481144633,9.768808688709157,0.007753914525646226,0.16673009711168582,0.0
10938,1.0,0.05,0.00011493489481144633,9.768808688709157,0.007753914525646226,0.16673009711168582,0.0
10939,1.0,0.05,0.00011493489481144633,9.768808688709157,0.007753914525646226,0.16673009711168582,0.0
10940,1.0,0.05,0.00011493489481144633,9.768808688709157,0.007753914525646226,0.16673009711168582,0.0
10941,1.0,0.05,0.00011493489481144633,9.768808688709157,0.007753914525646226,0.16673009711168582,0.0
10942,1.0,0.05,0.00011493489481144633,9.768808688709157,0.007753914525646226,0.16673009711168582,0.0
10943,1.0,0.05,0.00011493489481144633,9.768808688709157,0.007753914525646226,0.16673009711168582,0.0
10944,1.0,0.05,0.00011493489481144633,9.768808688709157,0.007753914525646226,0.16673009711168582,0.0
10945,1.0,0.05,0.00011493489481144633,9.768808688709157,0.007753914525646226,0.16673009711168582,0.0
10946,1.0,0.05,0.00011493489481144633,11.891229277392767,0.007753914525646226,0.16673009711168582,0.0
10947,1.0,0.05,0.00011493489481144633,11.891229277392767,0.007753914525646226,0.16673009711168582,0.0
10948,1.0,0.05,0.00011493489481144633,11.891229277392767,0.007753914525646226,0.16673009711168582,0.0
10949,1.0,0.05,0.00011493489481144633,11.891229277392767,0.007753914525646226,0.16673009711168582,0.0
10950,1.0,0.05,0.00011493489481144633,11.891229277392767,0.007753914525646226,0.16673009711168582,0.0
10951,1.0,0.05,0.00011493489481144633,11.891229277392767,0.007753914525646226,0.16673009711168582,0.0
10952,1.0,0.05,0.00011493489481144633,11.891229277392767,0.007753914525646226,0.16673009711168582,0.0
10953,1.0,0.05,0.00011493489481144633,11.891229277392767,0.007753914525646226,0.16673009711168582,0.0
10954,1.0,0.05,0.00011666742098694356,11.891229277392767,0.007753914525646226,0.17388840729507915,0.0
10955,1.0,0.05,0.00011666742098694356,5.670774578213539,0.007753914525646226,0.17388840729507915,0.0
10956,1.0,0.05,0.00011666742098694356,5.670774578213539,0.007753914525646226,0.17388840729507915,0.0
10957,1.0,0.05,0.00011666742098694356,5.670774578213539,0.007753914525646226,0.17388840729507915,0.0
10958,1.0,0.05,0.00011666742098694356,5.670774578213539,0.007753914525646226,0.17388840729507915,0.0
10959,1.0,0.05,0.00011666742098694356,5.670774578213539,0.007753914525646226,0.17608574358292806,0.0
10960,1.0,0.05,0.0001170608491147998,5.670774578213539,0.007753914525646226,0.17608574358292806,0.0
10961,1.0,0.05,0.0001170608491147998,5.670774578213539,0.007853140515735836,0.17608574358292806,0.0
10962,1.0,0.05,0.0001170608491147998,5.670774578213539,0.007853140515735836,0.17608574358292806,0.0
10963,1.0,0.05,0.0001170608491147998,8.672518320499336,0.007853140515735836,0.17608574358292806,0.0
10964,1.0,0.05,0.0001170608491147998,8.672518320499336,0.007853140515735836,0.17608574358292806,0.0
10965,1.0,0.05,0.0001170608491147998,8.672518320499336,0.007853140515735836,0.17608574358292806,0.0
10966,1.0,0.05,0.0001170608491147998,8.672518320499336,0.007853140515735836,0.17608574358292806,0.0
10967,1.0,0.05,0.0001170608491147998,8.672518320499336,0.007853140515735836,0.17608574358292806,0.0
10968,1.0,0.05,0.0001170608491147998,8.672518320499336,0.007853140515735836,0.17608574358292806,0.0
10969,1.0,0.05,0.0001170608491147998,8.672518320499336,0.007853140515735836,0.17608574358292806,0.0
10970,1.0,0.05,0.0001170608491147998,8.672518320499336,0.007853140515735836,0.16791721877417365,0.0
10971,1.0,0.05,0.0001170608491147998,8.672518320499336,0.007853140515735836,0.16791721877417365,0.0
10972,1.0,0.05,0.0001170608491147998,8.672518320499336,0.007853140515735836,0.16791721877417365,0.0
10973,1.0,0.05,0.0001170608491147998,8.672518320499336,0.007853140515735836,0.16791721877417365,0.0
10974,1.0,0.05,0.0001170608491147998,8.672518320499336,0.007853140515735836,0.16892637425050105,0.0
10975,1.0,0.05,0.00011618011132494364,8.672518320499336,0.007853140515735836,0.16892637425050105,0.0
10976,1.0,0.05,0.00011618011132494364,8.672518320499336,0.007853140515735836,0.17641357395794188,0.0
10977,1.0,0.05,0.00011618011132494364,8.672518320499336,0.007853140515735836,0.17641357395794188,0.0
10978,1.0,0.05,0.00011618011132494364,8.672518320499336,0.007853140515735836,0.14478253896797622,0.0
10979,1.0,0.05,0.00011618011132494364,12.501514053218997,0.007853140515735836,0.14478253896797622,0.0
10980,1.0,0.05,0.00011618011132494364,12.501514053218997,0.007853140515735836,0.14478253896797622,0.0
10981,1.0,0.05,0.00011618011132494364,12.501514053218997,0.007853140515735836,0.1338342831909563,0.0
10982,1.0,0.05,0.00011618011132494364,12.501514053218997,0.007853140515735836,0.1338342831909563,0.0
10983,1.0,0.05,0.00011618011132494364,12.501514053218997,0.007853140515735836,0.1338342831909563,0.0
10984,1.0,0.05,0.00011917782711936496,12.501514053218997,0.007853140515735836,0.1338342831909563,0.0
10985,1.0,0.05,0.00011917782711936496,12.501514053218997,0.007853140515735836,0.1338342831909563,0.0
10986,1.0,0.05,0.00011917782711936496,12.501514053218997,0.007853140515735836,0.1338342831909563,0.0
10987,1.0,0.05,0.00011917782711936496,12.501514053218997,0.007853140515735836,0.1338342831909563,0.0
10988,1.0,0.05,0.00011917782711936496,12.501514053218997,0.007853140515735836,0.1338342831909563,0.0
10989,1.0,0.05,0.00011917782711936496,12.501514053218997,0.007853140515735836,0.1338342831909563,0.0
10990,1.0,0.05,0.00011917782711936496,10.718882304295434,0.007853140515735836,0.1338342831909563,0.0
10991,1.0,0.05,0.00011917782711936496,10.718882304295434,0.007853140515735836,0.1338342831909563,0.0
10992,1.0,0.05,0.00011917782711936496,10.718882304295434,0.007853140515735836,0.1338342831909563,0.0
10993,1.0,0.05,0.00011917782711936496,10.718882304295434,0.007853140515735836,0.1338342831909563,0.0
10994,1.0,0.05,0.00011917782711936496,10.718882304295434,0.0062211296255691734,0.1338342831909563,0.0
10995,1.0,0.05,0.00011917782711936496,10.718882304295434,0.006542041129486077,0.1338342831909563,0.0
10996,1.0,0.05,0.00011917782711936496,12.03985319521776,0.006542041129486077,0.1338342831909563,0.0
10997,1.0,0.05,0.00011917782711936496,12.03985319521776,0.006542041129486077,0.1338342831909563,0.0
10998,1.0,0.05,0.00011917782711936496,11.262529688144937,0.006542041129486077,0.1338342831909563,0.0
10999,1.0,0.05,0.00011917782711936496,11.262529688144937,0.007641618771414723,0.1338342831909563,0.0
11000,1.0,0.05,0.00011917782711936496,11.262529688144937,0.007641618771414723,0.1338342831909563,0.0
11001,1.0,0.05,0.00011917782711936496,11.262529688144937,0.007120357211582662,0.1338342831909563,0.0
11002,1.0,0.05,0.00011917782711936496,11.262529688144937,0.007120357211582662,0.1338342831909563,0.0
11003,1.0,0.05,0.00011917782711936496,11.262529688144937,0.006709495132915226,0.1338342831909563,0.0
11004,1.0,0.05,0.00011917782711936496,11.262529688144937,0.006709495132915226,0.1338342831909563,0.0
11005,1.0,0.05,0.00011917782711936496,11.262529688144937,0.006709495132915226,0.1338342831909563,0.0
11006,1.0,0.05,0.00011917782711936496,11.262529688144937,0.006709495132915226,0.1338342831909563,0.0
11007,1.0,0.05,0.00011917782711936496,11.262529688144937,0.006709495132915226,0.1338342831909563,0.0
11008,1.0,0.05,0.00011917782711936496,11.262529688144937,0.006709495132915226,0.11115764352975871,0.0
11009,1.0,0.05,0.00011917782711936496,11.262529688144937,0.006709495132915226,0.11115764352975871,0.0
11010,1.0,0.05,0.00011917782711936496,11.262529688144937,0.006948955119279013,0.11115764352975871,0.0
11011,1.0,0.05,0.00011917782711936496,11.262529688144937,0.006948955119279013,0.11115764352975871,0.0
11012,1.0,0.05,0.00011917782711936496,10.627604024769283,0.006948955119279013,0.14974095621816155,0.0
11013,1.0,0.05,0.00012012378147512749,10.627604024769283,0.006948955119279013,0.14974095621816155,0.0
11014,1.0,0.05,0.00012012378147512749,10.627604024769283,0.006948955119279013,0.14974095621816155,0.0
11015,1.0,0.05,0.00012012378147512749,10.627604024769283,0.006948955119279013,0.1208821664119162,0.0
11016,1.0,0.05,0.00012012378147512749,10.627604024769283,0.006948955119279013,0.13426118529042974,0.0
11017,1.0,0.05,0.00012012378147512749,10.627604024769283,0.00762635418951845,0.13426118529042974,0.0
11018,1.0,0.05,0.00012012378147512749,10.627604024769283,0.00762635418951845,0.13426118529042974,0.0
11019,1.0,0.05,0.00012012378147512749,10.627604024769283,0.007076504028827748,0.13426118529042974,0.0
11020,1.0,0.05,0.00012012378147512749,10.627604024769283,0.007076504028827748,0.13426118529042974,0.0
11021,1.0,0.05,0.00012012378147512749,10.627604024769283,0.007076504028827748,0.13426118529042974,0.0
11022,1.0,0.05,0.00012012378147512749,10.627604024769283,0.007076504028827748,0.13426118529042974,0.0
11023,1.0,0.05,0.00012012378147512749,10.627604024769283,0.007076504028827748,0.13426118529042974,0.0
11024,1.0,0.05,0.00012012378147512749,10.627604024769283,0.007076504028827748,0.12397702773502522,0.0
11025,1.0,0.05,0.00012012378147512749,10.627604024769283,0.006814209721284438,0.12397702773502522,0.0
11026,1.0,0.05,0.00012012378147512749,10.627604024769283,0.006814209721284438,0.12397702773502522,0.0
11027,1.0,0.05,0.00012012378147512749,10.627604024769283,0.006814209721284438,0.12397702773502522,0.0
11028,1.0,0.05,0.00012012378147512749,10.627604024769283,0.006814209721284438,0.12397702773502522,0.0
11029,1.0,0.05,0.00012012378147512749,10.627604024769283,0.006814209721284438,0.12397702773502522,0.0
11030,1.0,0.05,0.00012012378147512749,10.627604024769283,0.006814209721284438,0.12771412053367456,0.0
11031,1.0,0.05,0.00012012378147512749,10.627604024769283,0.006814209721284438,0.12771412053367456,0.0
11032,1.0,0.05,0.00012012378147512749,10.627604024769283,0.006814209721284438,0.12771412053367456,0.0
11033,1.0,0.05,0.00011710883403720542,11.01642942784757,0.006814209721284438,0.12771412053367456,0.0
11034,1.0,0.05,0.00011710883403720542,11.01642942784757,0.006814209721284438,0.12771412053367456,0.0
11035,1.0,0.05,0.00011710883403720542,11.730602595176194,0.006814209721284438,0.12771412053367456,0.0
11036,1.0,0.05,0.00011710883403720542,11.730602595176194,0.006814209721284438,0.1640976655418821,0.0
11037,1.0,0.05,0.00011710883403720542,11.730602595176194,0.006814209721284438,0.1640976655418821,0.0
11038,1.0,0.05,0.00011710883403720542,11.730602595176194,0.006814209721284438,0.1640976655418821,0.0
11039,1.0,0.05,0.00011710883403720542,11.730602595176194,0.006814209721284438,0.10375198280755396,0.0
11040,1.0,0.05,0.00011710883403720542,11.730602595176194,0.006814209721284438,0.10375198280755396,0.0
11041,1.0,0.05,0.00011710883403720542,11.730602595176194,0.006814209721284438,0.10375198280755396,0.0
11042,1.0,0.05,0.00011710883403720542,14.083591662668098,0.006814209721284438,0.10375198280755396,0.0
11043,1.0,0.05,0.00011710883403720542,14.901869102121296,0.006814209721284438,0.10375198280755396,0.0
11044,1.0,0.05,0.00011710883403720542,14.901869102121296,0.006814209721284438,0.10375198280755396,0.0
11045,1.0,0.05,0.00011860040620570042,14.901869102121296,0.006814209721284438,0.10375198280755396,0.0
11046,1.0,0.05,0.00011860040620570042,14.901869102121296,0.006814209721284438,0.10375198280755396,0.0
11047,1.0,0.05,0.00011860040620570042,14.901869102121296,0.006814209721284438,0.10375198280755396,0.0
11048,1.0,0.05,0.00011860040620570042,14.901869102121296,0.006814209721284438,0.10375198280755396,0.0
11049,1.0,0.05,0.00011860040620570042,14.901869102121296,0.006814209721284438,0.10375198280755396,0.0
11050,1.0,0.05,0.00011860040620570042,14.901869102121296,0.006814209721284438,0.10142862323015528,0.0
11051,1.0,0.05,0.00011860040620570042,14.901869102121296,0.006814209721284438,0.10142862323015528,0.0
11052,1.0,0.05,0.00011860040620570042,14.901869102121296,0.006814209721284438,0.10142862323015528,0.0
11053,1.0,0.05,0.00011860040620570042,14.901869102121296,0.006814209721284438,0.11349346198253076,0.0
11054,1.0,0.05,0.00011860040620570042,14.901869102121296,0.006814209721284438,0.11349346198253076,0.0
11055,1.0,0.05,0.00011860040620570042,14.901869102121296,0.006814209721284438,0.11349346198253076,0.0
11056,1.0,0.05,0.00011860040620570042,14.901869102121296,0.006568501575091663,0.11349346198253076,0.0
11057,1.0,0.05,0.00011860040620570042,14.901869102121296,0.006740953966285095,0.11349346198253076,0.0
11058,1.0,0.05,0.00011860040620570042,11.281878074241504,0.006740953966285095,0.11349346198253076,0.0
11059,1.0,0.05,0.00012083301246649481,11.281878074241504,0.006740953966285095,0.11349346198253076,0.0
11060,1.0,0.05,0.00012083301246649481,11.281878074241504,0.006740953966285095,0.11349346198253076,0.0
11061,1.0,0.05,0.00012083301246649481,11.281878074241504,0.006740953966285095,0.11349346198253076,0.0
11062,1.0,0.05,0.00012083301246649481,11.281878074241504,0.006740953966285095,0.11349346198253076,0.0
11063,1.0,0.05,0.00012083301246649481,11.281878074241504,0.006740953966285095,0.133914237652242,0.0
11064,1.0,0.05,0.00012083301246649481,11.281878074241504,0.006740953966285095,0.10794303275193803,0.0
11065,1.0,0.05,0.00012083301246649481,11.281878074241504,0.006740953966285095,0.10794303275193803,0.0
11066,1.0,0.05,0.00012083301246649481,13.088212650824872,0.006740953966285095,0.10794303275193803,0.0
11067,1.0,0.05,0.00012083301246649481,13.088212650824872,0.006740953966285095,0.10794303275193803,0.0
11068,1.0,0.05,0.00012083301246649481,11.407170340044189,0.006740953966285095,0.10794303275193803,0.0
11069,1.0,0.05,0.00012083301246649481,11.407170340044189,0.006740953966285095,0.10794303275193803,0.0
11070,1.0,0.05,0.00012083301246649481,11.407170340044189,0.006740953966285095,0.10794303275193803,0.0
11071,1.0,0.05,0.00012083301246649481,11.407170340044189,0.006740953966285095,0.10794303275193803,0.0
11072,1.0,0.05,0.00012083301246649481,11.407170340044189,0.006740953966285095,0.10794303275193803,0.0
11073,1.0,0.05,0.00012083301246649481,11.407170340044189,0.006740953966285095,0.10794303275193803,0.0
11074,1.0,0.05,0.00012452928615911354,11.407170340044189,0.006740953966285095,0.10794303275193803,0.0
11075,1.0,0.05,0.00012452928615911354,11.407170340044189,0.006740953966285095,0.10794303275193803,0.0
11076,1.0,0.05,0.00012452928615911354,11.407170340044189,0.00592611727318406,0.1143652859882187,0.0
11077,1.0,0.05,0.00012452928615911354,11.407170340044189,0.00592611727318406,0.1143652859882187,0.0
11078,1.0,0.05,0.00012452928615911354,11.407170340044189,0.00592611727318406,0.1143652859882187,0.0
11079,1.0,0.05,0.00012452928615911354,11.407170340044189,0.006163161467991357,0.1143652859882187,0.0
11080,1.0,0.05,0.00012452928615911354,11.407170340044189,0.006163161467991357,0.1143652859882187,0.0
11081,1.0,0.05,0.00012452928615911354,11.407170340044189,0.006163161467991357,0.1143652859882187,0.0
11082,1.0,0.05,0.00012452928615911354,11.407170340044189,0.006163161467991357,0.1143652859882187,0.0
11083,1.0,0.05,0.00012699961867830342,11.407170340044189,0.006163161467991357,0.1143652859882187,0.0
11084,1.0,0.05,0.00012699961867830342,11.407170340044189,0.006163161467991357,0.1143652859882187,0.0
11085,1.0,0.05,0.00012699961867830342,11.407170340044189,0.006237142297651589,0.1143652859882187,0.0
11086,1.0,0.05,0.00012699961867830342,11.407170340044189,0.0064113584069964225,0.1143652859882187,0.0
11087,1.0,0.05,0.00012699961867830342,11.407170340044189,0.0064113584069964225,0.1143652859882187,0.0
11088,1.0,0.05,0.00012699961867830342,11.407170340044189,0.006617510262264163,0.1143652859882187,0.0
11089,1.0,0.05,0.00012699961867830342,12.168969157382193,0.006617510262264163,0.09532199714278514,0.0
11090,1.0,0.05,0.00012699961867830342,12.168969157382193,0.006388575998321103,0.09532199714278514,0.0
11091,1.0,0.05,0.00012699961867830342,12.168969157382193,0.006388575998321103,0.09532199714278514,0.0
11092,1.0,0.05,0.00012699961867830342,12.168969157382193,0.006388575998321103,0.09532199714278514,0.0
11093,1.0,0.05,0.00012699961867830342,8.868665257955826,0.006388575998321103,0.09532199714278514,0.0
11094,1.0,0.05,0.00012699961867830342,8.868665257955826,0.006388575998321103,0.09532199714278514,0.0
11095,1.0,0.05,0.00012699961867830342,8.868665257955826,0.006388575998321103,0.09532199714278514,0.0
11096,1.0,0.05,0.00012699961867830342,8.868665257955826,0.006496617716426713,0.10522116399594159,0.0
11097,1.0,0.05,0.00012699961867830342,8.868665257955826,0.006496617716426713,0.10522116399594159,0.0
11098,1.0,0.05,0.00012699961867830342,10.476972490174987,0.006496617716426713,0.10522116399594159,0.0
11099,1.0,0.05,0.00012699961867830342,10.476972490174987,0.006496617716426713,0.10522116399594159,0.0
11100,1.0,0.05,0.00012699961867830342,10.476972490174987,0.006496617716426713,0.10522116399594159,0.0
11101,1.0,0.05,0.00012699961867830342,9.934086719866485,0.006496617716426713,0.10522116399594159,0.0
11102,1.0,0.05,0.00012699961867830342,9.934086719866485,0.006496617716426713,0.10522116399594159,0.0
11103,1.0,0.05,0.00012699961867830342,9.934086719866485,0.006496617716426713,0.121847914281561,0.0
11104,1.0,0.05,0.00012699961867830342,9.934086719866485,0.006061744964536333,0.11773863034947765,0.0
11105,1.0,0.05,0.00012699961867830342,8.799375460474508,0.006061744964536333,0.11773863034947765,0.0
11106,1.0,0.05,0.00012699961867830342,8.799375460474508,0.006061744964536333,0.11773863034947765,0.0
11107,1.0,0.05,0.0001373584895503844,8.799375460474508,0.006061744964536333,0.10122354119209917,0.0
11108,1.0,0.05,0.0001373584895503844,8.799375460474508,0.006061744964536333,0.10122354119209917,0.0
11109,1.0,0.05,0.0001373584895503844,8.799375460474508,0.006061744964536333,0.10122354119209917,0.0
11110,1.0,0.05,0.00012519594738449346,10.97650122346316,0.006155052521377616,0.08664476942164043,0.0
11111,1.0,0.05,0.00012519594738449346,10.97650122346316,0.006155052521377616,0.08664476942164043,0.0
11112,1.0,0.05,0.00012519594738449346,10.97650122346316,0.005798566450622424,0.08664476942164043,0.0
11113,1.0,0.05,0.00012519594738449346,10.97650122346316,0.005798566450622424,0.08947281442865772,0.0
11114,1.0,0.05,0.00012519594738449346,10.97650122346316,0.005798566450622424,0.08947281442865772,0.0
11115,1.0,0.05,0.00012519594738449346,10.97650122346316,0.005798566450622424,0.08947281442865772,0.0
11116,1.0,0.05,0.00012519594738449346,10.97650122346316,0.005798566450622424,0.10302413606082045,0.0
11117,1.0,0.05,0.00012519594738449346,10.97650122346316,0.005798566450622424,0.10302413606082045,0.0
11118,1.0,0.05,0.00012519594738449346,10.97650122346316,0.005798566450622424,0.10302413606082045,0.0
11119,1.0,0.05,0.00012519594738449346,10.97650122346316,0.005798566450622424,0.10302413606082045,0.0
11120,1.0,0.05,0.00012519594738449346,10.97650122346316,0.005798566450622424,0.10302413606082045,0.0
11121,1.0,0.05,0.00012519594738449346,10.97650122346316,0.005798566450622424,0.10302413606082045,0.0
11122,1.0,0.05,0.00012519594738449346,10.97650122346316,0.006567649128287001,0.10302413606082045,0.0
11123,1.0,0.05,0.00012519594738449346,10.97650122346316,0.006567649128287001,0.10302413606082045,0.0
11124,1.0,0.05,0.00012519594738449346,10.97650122346316,0.006567649128287001,0.10302413606082045,0.0
11125,1.0,0.05,0.00012037808517836911,11.529127863368018,0.006567649128287001,0.10302413606082045,0.0
11126,1.0,0.05,0.00012037808517836911,11.529127863368018,0.006567649128287001,0.09383867057198853,0.0
11127,1.0,0.05,0.00012037808517836911,11.529127863368018,0.006567649128287001,0.09383867057198853,0.0
11128,1.0,0.05,0.00012037808517836911,11.529127863368018,0.006567649128287001,0.09383867057198853,0.0
11129,1.0,0.05,0.00012037808517836911,11.529127863368018,0.006567649128287001,0.09383867057198853,0.0
11130,1.0,0.05,0.00012037808517836911,11.529127863368018,0.006567649128287001,0.09383867057198853,0.0
11131,1.0,0.05,0.00012037808517836911,14.658428597784905,0.006567649128287001,0.09383867057198853,0.0
11132,1.0,0.05,0.00012037808517836911,14.658428597784905,0.0066183934775452995,0.09383867057198853,0.0
11133,1.0,0.05,0.00012037808517836911,14.658428597784905,0.0066183934775452995,0.09383867057198853,0.0
11134,1.0,0.05,0.00012037808517836911,12.258443337776441,0.0066183934775452995,0.09383867057198853,0.0
11135,1.0,0.05,0.00012037808517836911,12.258443337776441,0.0066183934775452995,0.09383867057198853,0.0
11136,1.0,0.05,0.00012037808517836911,14.27069997432153,0.0066183934775452995,0.09383867057198853,0.0
11137,1.0,0.05,0.00012037808517836911,14.27069997432153,0.0066183934775452995,0.09383867057198853,0.0
11138,1.0,0.05,0.00012037808517836911,8.997510094245655,0.007183764583955764,0.12919932626906883,0.0
11139,1.0,0.05,0.00012037808517836911,8.997510094245655,0.007183764583955764,0.12919932626906883,0.0
11140,1.0,0.05,0.00012037808517836911,8.997510094245655,0.007183764583955764,0.12919932626906883,0.0
11141,1.0,0.05,0.00012037808517836911,8.997510094245655,0.007183764583955764,0.12919932626906883,0.0
11142,1.0,0.05,0.00011624801287410261,8.997510094245655,0.007459697815145668,0.12919932626906883,0.0
11143,1.0,0.05,0.00011624801287410261,8.997510094245655,0.007459697815145668,0.12919932626906883,0.0
11144,1.0,0.05,0.00011624801287410261,8.997510094245655,0.007459697815145668,0.17720606599159433,0.0
11145,1.0,0.05,0.00011624801287410261,8.997510094245655,0.007459697815145668,0.17720606599159433,0.0
11146,1.0,0.05,0.00011624801287410261,8.997510094245655,0.007459697815145668,0.17720606599159433,0.0
11147,1.0,0.05,0.00011624801287410261,8.997510094245655,0.007459697815145668,0.17720606599159433,0.0
11148,1.0,0.05,0.00011624801287410261,8.997510094245655,0.007713979523589613,0.17720606599159433,0.0
11149,1.0,0.05,0.00011975809861858777,8.997510094245655,0.007713979523589613,0.17720606599159433,0.0
11150,1.0,0.05,0.00011975809861858777,8.997510094245655,0.007713979523589613,0.17720606599159433,0.0
11151,1.0,0.05,0.00011975809861858777,8.997510094245655,0.007713979523589613,0.17720606599159433,0.0
11152,1.0,0.05,0.00011975809861858777,8.997510094245655,0.007713979523589613,0.17720606599159433,0.0
11153,1.0,0.05,0.00011975809861858777,8.997510094245655,0.007713979523589613,0.17720606599159433,0.0
11154,1.0,0.05,0.00011975809861858777,8.997510094245655,0.007713979523589613,0.18118301965556644,0.0
11155,1.0,0.05,0.00011975809861858777,10.492019326949588,0.007713979523589613,0.14797829493430234,0.0
11156,1.0,0.05,0.00011975809861858777,10.492019326949588,0.007713979523589613,0.14797829493430234,0.0
11157,1.0,0.05,0.00011975809861858777,10.492019326949588,0.007713979523589613,0.14797829493430234,0.0
11158,1.0,0.05,0.00011975809861858777,10.492019326949588,0.007713979523589613,0.14797829493430234,0.0
11159,1.0,0.05,0.00011975809861858777,10.492019326949588,0.007713979523589613,0.14797829493430234,0.0
11160,1.0,0.05,0.00011975809861858777,10.492019326949588,0.007713979523589613,0.14797829493430234,0.0
11161,1.0,0.05,0.00011975809861858777,10.492019326949588,0.007713979523589613,0.14797829493430234,0.0
11162,1.0,0.05,0.00011975809861858777,10.492019326949588,0.0072539928878845245,0.16466876465328745,0.0
11163,1.0,0.05,0.00011975809861858777,10.492019326949588,0.0072539928878845245,0.15507451236902137,0.0
11164,1.0,0.05,0.00011975809861858777,10.492019326949588,0.0072539928878845245,0.15507451236902137,0.0
11165,1.0,0.05,0.00011975809861858777,10.492019326949588,0.007438093270910703,0.15507451236902137,0.0
11166,1.0,0.05,0.00011975809861858777,10.492019326949588,0.0067683519066727,0.15129558057821363,0.0
11167,1.0,0.05,0.00011975809861858777,10.492019326949588,0.008028650148927131,0.15129558057821363,0.0
11168,1.0,0.05,0.00011975809861858777,10.492019326949588,0.008028650148927131,0.15129558057821363,0.0
11169,1.0,0.05,0.00011975809861858777,10.492019326949588,0.007554050173934433,0.1379632926490626,0.0
11170,1.0,0.05,0.00011975809861858777,10.492019326949588,0.007554050173934433,0.1379632926490626,0.0
11171,1.0,0.05,0.00011975809861858777,10.492019326949588,0.007117208604280841,0.11798091396692946,0.0
11172,1.0,0.05,0.00011975809861858777,10.492019326949588,0.007117208604280841,0.11798091396692946,0.0
11173,1.0,0.05,0.00011975809861858777,10.492019326949588,0.007117208604280841,0.11798091396692946,0.0
11174,1.0,0.05,0.00011975809861858777,10.492019326949588,0.006586145759962392,0.11798091396692946,0.0
11175,1.0,0.05,0.00011975809861858777,10.492019326949588,0.007258209625880564,0.11798091396692946,0.0
11176,1.0,0.05,0.00011975809861858777,10.492019326949588,0.007137462938923419,0.11798091396692946,0.0
11177,1.0,0.05,0.00011975809861858777,10.492019326949588,0.007137462938923419,0.11798091396692946,0.0
11178,1.0,0.05,0.00011975809861858777,10.492019326949588,0.007137462938923419,0.11798091396692946,0.0
11179,1.0,0.05,0.00011975809861858777,10.492019326949588,0.007137462938923419,0.12304470637965427,0.0
11180,1.0,0.05,0.00011975809861858777,10.492019326949588,0.007137462938923419,0.12304470637965427,0.0
11181,1.0,0.05,0.00011975809861858777,10.492019326949588,0.007137462938923419,0.12304470637965427,0.0
11182,1.0,0.05,0.00011975809861858777,10.492019326949588,0.007137462938923419,0.12304470637965427,0.0
11183,1.0,0.05,0.00011975809861858777,10.492019326949588,0.007137462938923419,0.12304470637965427,0.0
11184,1.0,0.05,0.00011934978594405262,13.092894797035541,0.007137462938923419,0.12304470637965427,0.0
11185,1.0,0.05,0.00011934978594405262,13.092894797035541,0.007137462938923419,0.12304470637965427,0.0
11186,1.0,0.05,0.00011934978594405262,13.092894797035541,0.006913299622339966,0.12304470637965427,0.0
11187,1.0,0.05,0.00011934978594405262,13.092894797035541,0.006913299622339966,0.12304470637965427,0.0
11188,1.0,0.05,0.00011934978594405262,13.092894797035541,0.007024378472412458,0.12304470637965427,0.0
11189,1.0,0.05,0.00011934978594405262,13.092894797035541,0.007024378472412458,0.12304470637965427,0.0
11190,1.0,0.05,0.00011934978594405262,13.092894797035541,0.007024378472412458,0.12304470637965427,0.0
11191,1.0,0.05,0.00011934978594405262,13.092894797035541,0.007024378472412458,0.12304470637965427,0.0
11192,1.0,0.05,0.00011934978594405262,13.092894797035541,0.006996719461911138,0.12304470637965427,0.0
11193,1.0,0.05,0.00011934978594405262,13.092894797035541,0.0067513192431962405,0.12304470637965427,0.0
11194,1.0,0.05,0.00011934978594405262,13.092894797035541,0.0067513192431962405,0.12304470637965427,0.0
11195,1.0,0.05,0.00011493640403840885,13.092894797035541,0.0067513192431962405,0.12304470637965427,0.0
11196,1.0,0.05,0.00012429648518696087,13.092894797035541,0.0067513192431962405,0.12304470637965427,0.0
11197,1.0,0.05,0.00012231058744765713,13.092894797035541,0.007603529620030598,0.12304470637965427,0.0
11198,1.0,0.05,0.00012231058744765713,13.092894797035541,0.007603529620030598,0.12304470637965427,0.0
11199,1.0,0.05,0.00012231058744765713,13.092894797035541,0.007603529620030598,0.12304470637965427,0.0
11200,1.0,0.05,0.00012231058744765713,13.092894797035541,0.007603529620030598,0.12526020927608975,0.0
11201,1.0,0.05,0.00012231058744765713,13.092894797035541,0.007148788607368785,0.11437665216166021,0.0
11202,1.0,0.05,0.00012231058744765713,13.092894797035541,0.007148788607368785,0.11437665216166021,0.0
11203,1.0,0.05,0.00012231058744765713,13.092894797035541,0.0070844072312386775,0.11437665216166021,0.0
11204,1.0,0.05,0.00012231058744765713,13.092894797035541,0.0070844072312386775,0.11437665216166021,0.0
11205,1.0,0.05,0.00012231058744765713,13.092894797035541,0.0062422643528312815,0.11437665216166021,0.0
11206,1.0,0.05,0.00012231058744765713,13.092894797035541,0.007361898828575065,0.11663186199444774,0.0
11207,1.0,0.05,0.00012231058744765713,13.092894797035541,0.006379045278586156,0.11368143982856663,0.0
11208,1.0,0.05,0.00012231058744765713,13.092894797035541,0.006379045278586156,0.11368143982856663,0.0
11209,1.0,0.05,0.00012231058744765713,13.092894797035541,0.006379045278586156,0.11368143982856663,0.0
11210,1.0,0.05,0.00012231058744765713,13.092894797035541,0.006379045278586156,0.11368143982856663,0.0
11211,1.0,0.05,0.00012231058744765713,13.092894797035541,0.006379045278586156,0.11368143982856663,0.0
11212,1.0,0.05,0.00012231058744765713,13.092894797035541,0.006379045278586156,0.11368143982856663,0.0
11213,1.0,0.05,0.00012231058744765713,13.092894797035541,0.006379045278586156,0.11368143982856663,0.0
11214,1.0,0.05,0.00012231058744765713,13.092894797035541,0.006417532291043506,0.11368143982856663,0.0
11215,1.0,0.05,0.00012231058744765713,13.092894797035541,0.006417532291043506,0.11368143982856663,0.0
11216,1.0,0.05,0.00012231058744765713,13.092894797035541,0.006417532291043506,0.11368143982856663,0.0
11217,1.0,0.05,0.00012231058744765713,13.092894797035541,0.006417532291043506,0.11368143982856663,0.0
11218,1.0,0.05,0.00012231058744765713,13.092894797035541,0.006417532291043506,0.11368143982856663,0.0
11219,1.0,0.05,0.00012231058744765713,13.092894797035541,0.006417532291043506,0.11368143982856663,0.0
11220,1.0,0.05,0.00012231058744765713,13.092894797035541,0.006417532291043506,0.11368143982856663,0.0
11221,1.0,0.05,0.00012231058744765713,13.092894797035541,0.006417532291043506,0.11368143982856663,0.0
11222,1.0,0.05,0.00012231058744765713,13.092894797035541,0.006098433087691478,0.11368143982856663,0.0
11223,1.0,0.05,0.00013020227226292672,11.419684593688984,0.006098433087691478,0.11368143982856663,0.0
11224,1.0,0.05,0.00013020227226292672,11.419684593688984,0.006098433087691478,0.11049603793130977,0.0
11225,1.0,0.05,0.00013020227226292672,11.419684593688984,0.006098433087691478,0.11049603793130977,0.0
11226,1.0,0.05,0.00013020227226292672,11.419684593688984,0.006098433087691478,0.11049603793130977,0.0
11227,1.0,0.05,0.00013020227226292672,11.419684593688984,0.006098433087691478,0.11049603793130977,0.0
11228,1.0,0.05,0.0001306163967185431,11.419684593688984,0.006098433087691478,0.11342534753780083,0.0
11229,1.0,0.05,0.00012858383879446787,11.419684593688984,0.006098433087691478,0.11342534753780083,0.0
11230,1.0,0.05,0.00012858383879446787,11.419684593688984,0.006668830027357582,0.11342534753780083,0.0
11231,1.0,0.05,0.00012022479900173979,11.419684593688984,0.006668830027357582,0.11342534753780083,0.0
11232,1.0,0.05,0.00012022479900173979,11.419684593688984,0.006668830027357582,0.12432833616708533,0.0
11233,1.0,0.05,0.00012022479900173979,11.419684593688984,0.006668830027357582,0.12432833616708533,0.0
11234,1.0,0.05,0.00012022479900173979,7.025956132554654,0.006668830027357582,0.12432833616708533,0.0
11235,1.0,0.05,0.00012022479900173979,10.465463623628452,0.006668830027357582,0.12170548151321783,0.0
11236,1.0,0.05,0.00012022479900173979,10.465463623628452,0.006668830027357582,0.13784535299952372,0.0
11237,1.0,0.05,0.00012022479900173979,6.2335705670224115,0.006668830027357582,0.13784535299952372,0.0
11238,1.0,0.05,0.00012022479900173979,12.807007416986906,0.006668830027357582,0.13784535299952372,0.0
11239,1.0,0.05,0.00012022479900173979,10.57013339006167,0.006668830027357582,0.13784535299952372,0.0
11240,1.0,0.05,0.00012022479900173979,10.57013339006167,0.006668830027357582,0.11940585145284824,0.0
11241,1.0,0.05,0.00012022479900173979,10.57013339006167,0.006863707810758571,0.11940585145284824,0.0
11242,1.0,0.05,0.00012022479900173979,10.57013339006167,0.006863707810758571,0.11940585145284824,0.0
11243,1.0,0.05,0.00012022479900173979,10.57013339006167,0.006863707810758571,0.11940585145284824,0.0
11244,1.0,0.05,0.00012022479900173979,10.57013339006167,0.006863707810758571,0.11940585145284824,0.0
11245,1.0,0.05,0.00012022479900173979,10.57013339006167,0.006863707810758571,0.09207573150025752,0.0
11246,1.0,0.05,0.00012022479900173979,10.57013339006167,0.006863707810758571,0.09207573150025752,0.0
11247,1.0,0.05,0.00012022479900173979,10.57013339006167,0.006863707810758571,0.09207573150025752,0.0
11248,1.0,0.05,0.00012022479900173979,10.57013339006167,0.006863707810758571,0.09207573150025752,0.0
11249,1.0,0.05,0.00012253581063786118,10.57013339006167,0.006863707810758571,0.09207573150025752,0.0
11250,1.0,0.05,0.00012253581063786118,10.57013339006167,0.005783569112315149,0.09405644791006595,0.0
11251,1.0,0.05,0.00012253581063786118,10.57013339006167,0.005783569112315149,0.11946253959419512,0.0
11252,1.0,0.05,0.00012253581063786118,10.9373344100906,0.005783569112315149,0.11472781511416173,0.0
11253,1.0,0.05,0.00012253581063786118,10.9373344100906,0.005783569112315149,0.11472781511416173,0.0
11254,1.0,0.05,0.00012253581063786118,10.9373344100906,0.005783569112315149,0.11472781511416173,0.0
11255,1.0,0.05,0.00012253581063786118,10.9373344100906,0.007574614987301625,0.10425864464100014,0.0
11256,1.0,0.05,0.00011735685144086453,11.361591062156776,0.007574614987301625,0.10425864464100014,0.0
11257,1.0,0.05,0.00011735685144086453,11.361591062156776,0.007574614987301625,0.10425864464100014,0.0
11258,1.0,0.05,0.00011735685144086453,11.361591062156776,0.007574614987301625,0.10425864464100014,0.0
11259,1.0,0.05,0.00011735685144086453,11.361591062156776,0.007574614987301625,0.10425864464100014,0.0
11260,1.0,0.05,0.00011735685144086453,11.361591062156776,0.007574614987301625,0.10425864464100014,0.0
11261,1.0,0.05,0.00011735685144086453,11.361591062156776,0.007574614987301625,0.10425864464100014,0.0
11262,1.0,0.05,0.0001216596291400057,11.361591062156776,0.007574614987301625,0.10425864464100014,0.0
11263,1.0,0.05,0.0001216596291400057,11.361591062156776,0.006293670312190584,0.10425864464100014,0.0
11264,1.0,0.05,0.0001216596291400057,11.361591062156776,0.006293670312190584,0.10122637518917563,0.0
11265,1.0,0.05,0.0001174326228331765,11.361591062156776,0.00850667924533232,0.11282181287696334,0.0
11266,1.0,0.05,0.0001174326228331765,11.361591062156776,0.00850667924533232,0.15809689007105585,0.0
11267,1.0,0.05,0.0001174326228331765,11.361591062156776,0.00850667924533232,0.15809689007105585,0.0
11268,1.0,0.05,0.0001174326228331765,11.361591062156776,0.00850667924533232,0.15809689007105585,0.0
11269,1.0,0.05,0.0001174326228331765,11.361591062156776,0.00850667924533232,0.15809689007105585,0.0
11270,1.0,0.05,0.0001174326228331765,11.361591062156776,0.00850667924533232,0.1557119293441962,0.0
11271,1.0,0.05,0.0001174326228331765,11.361591062156776,0.00850667924533232,0.1557119293441962,0.0
11272,1.0,0.05,0.0001174326228331765,11.361591062156776,0.00850667924533232,0.13435764569571834,0.0
11273,1.0,0.05,0.0001174326228331765,11.361591062156776,0.00832343878119324,0.13789273008459443,0.0
11274,1.0,0.05,0.0001174326228331765,11.361591062156776,0.00832343878119324,0.13789273008459443,0.0
11275,1.0,0.05,0.00012284245781783563,11.361591062156776,0.007175707850797578,0.13789273008459443,0.0
11276,1.0,0.05,0.00012284245781783563,11.361591062156776,0.007175707850797578,0.13789273008459443,0.0
11277,1.0,0.05,0.00012217706720149093,11.361591062156776,0.007058817310387916,0.13789273008459443,0.0
11278,1.0,0.05,0.00012217706720149093,11.361591062156776,0.006524410414654129,0.13789273008459443,0.0
11279,1.0,0.05,0.00012217706720149093,8.212156910703385,0.006524410414654129,0.10880255609945672,0.0
11280,1.0,0.05,0.00012217706720149093,8.212156910703385,0.006524410414654129,0.10880255609945672,0.0
11281,1.0,0.05,0.00012217706720149093,8.212156910703385,0.006524410414654129,0.10880255609945672,0.0
11282,1.0,0.05,0.00012217706720149093,8.212156910703385,0.006524410414654129,0.10880255609945672,0.0
11283,1.0,0.05,0.00012217706720149093,12.648921532810832,0.006524410414654129,0.10880255609945672,0.0
11284,1.0,0.05,0.00012217706720149093,12.648921532810832,0.006524410414654129,0.10880255609945672,0.0
11285,1.0,0.05,0.00012217706720149093,12.648921532810832,0.006524410414654129,0.09632275270835539,0.0
11286,1.0,0.05,0.00012038567152471307,12.58705235798196,0.006524410414654129,0.09632275270835539,0.0
11287,1.0,0.05,0.00012038567152471307,12.58705235798196,0.006524410414654129,0.09576665053590401,0.0
11288,1.0,0.05,0.00012038567152471307,12.58705235798196,0.00694261070018486,0.09576665053590401,0.0
11289,1.0,0.05,0.00012021254021693216,12.58705235798196,0.00694261070018486,0.09576665053590401,0.0
11290,1.0,0.05,0.00012021254021693216,19.30587288908447,0.00694261070018486,0.08227936334995563,0.0
11291,1.0,0.05,0.00012021254021693216,17.348964264522124,0.00694261070018486,0.08227936334995563,0.0
11292,1.0,0.05,0.00011881298851410083,17.348964264522124,0.00694261070018486,0.08227936334995563,0.0
11293,1.0,0.05,0.00011881298851410083,17.348964264522124,0.00694261070018486,0.09811702006607312,0.0
11294,1.0,0.05,0.00011881298851410083,17.348964264522124,0.00694261070018486,0.09811702006607312,0.0
11295,1.0,0.05,0.00011881298851410083,17.348964264522124,0.0075015790035282675,0.09811702006607312,0.0
11296,1.0,0.05,0.00011881298851410083,11.582104308918332,0.0075015790035282675,0.09811702006607312,0.0
11297,1.0,0.05,0.00011881298851410083,13.425837335628941,0.0075015790035282675,0.09811702006607312,0.0
11298,1.0,0.05,0.00011881298851410083,13.425837335628941,0.0075015790035282675,0.09811702006607312,0.0
11299,1.0,0.05,0.00011881298851410083,7.86774873114399,0.0075015790035282675,0.12100568532276879,0.0
11300,1.0,0.05,0.00011881298851410083,11.997984031980764,0.0075015790035282675,0.12688592348739755,0.0
11301,1.0,0.05,0.00011881298851410083,11.997984031980764,0.0075015790035282675,0.12688592348739755,0.0
11302,1.0,0.05,0.00011881298851410083,11.997984031980764,0.0060480423307703625,0.12688592348739755,0.0
11303,1.0,0.05,0.00011881298851410083,11.997984031980764,0.0060480423307703625,0.12688592348739755,0.0
11304,1.0,0.05,0.00011881298851410083,11.997984031980764,0.0060480423307703625,0.12688592348739755,0.0
11305,1.0,0.05,0.0001207769621853963,11.997984031980764,0.0060480423307703625,0.10390663781688862,0.0
11306,1.0,0.05,0.0001207769621853963,11.997984031980764,0.0060480423307703625,0.10390663781688862,0.0
11307,1.0,0.05,0.0001207769621853963,11.997984031980764,0.0060480423307703625,0.10390663781688862,0.0
11308,1.0,0.05,0.0001207769621853963,11.997984031980764,0.0060480423307703625,0.10390663781688862,0.0
11309,1.0,0.05,0.0001207769621853963,11.997984031980764,0.0060480423307703625,0.10390663781688862,0.0
11310,1.0,0.05,0.0001207769621853963,11.997984031980764,0.0060480423307703625,0.10390663781688862,0.0
11311,1.0,0.05,0.0001207769621853963,11.997984031980764,0.0060480423307703625,0.10390663781688862,0.0
11312,1.0,0.05,0.0001207769621853963,11.997984031980764,0.0060480423307703625,0.10390663781688862,0.0
11313,1.0,0.05,0.0001207769621853963,11.997984031980764,0.0060480423307703625,0.10390663781688862,0.0
11314,1.0,0.05,0.0001207769621853963,11.997984031980764,0.0065509791019374534,0.10390663781688862,0.0
11315,1.0,0.05,0.0001207769621853963,11.997984031980764,0.007461359333988087,0.10390663781688862,0.0
11316,1.0,0.05,0.0001207769621853963,11.997984031980764,0.006647140837573761,0.10390663781688862,0.0
11317,1.0,0.05,0.0001207769621853963,11.997984031980764,0.006647140837573761,0.10390663781688862,0.0
11318,1.0,0.05,0.0001207769621853963,11.997984031980764,0.006647140837573761,0.10390663781688862,0.0
11319,1.0,0.05,0.0001207769621853963,11.997984031980764,0.006647140837573761,0.10495466836218319,0.0
11320,1.0,0.05,0.0001207769621853963,11.997984031980764,0.006647140837573761,0.10495466836218319,0.0
11321,1.0,0.05,0.0001207769621853963,11.997984031980764,0.006647140837573761,0.10495466836218319,0.0
11322,1.0,0.05,0.0001207769621853963,11.997984031980764,0.006647140837573761,0.10495466836218319,0.0
11323,1.0,0.05,0.0001207769621853963,11.997984031980764,0.007871869791012277,0.10495466836218319,0.0
11324,1.0,0.05,0.0001207769621853963,12.830873326699162,0.007871869791012277,0.10495466836218319,0.0
11325,1.0,0.05,0.0001207769621853963,12.830873326699162,0.007871869791012277,0.13428398181693743,0.0
11326,1.0,0.05,0.0001207769621853963,12.830873326699162,0.007871869791012277,0.13428398181693743,0.0
11327,1.0,0.05,0.0001207769621853963,12.830873326699162,0.007871869791012277,0.13428398181693743,0.0
11328,1.0,0.05,0.0001207769621853963,12.830873326699162,0.007208973601640649,0.13428398181693743,0.0
11329,1.0,0.05,0.0001207769621853963,12.830873326699162,0.008020111889515994,0.13428398181693743,0.0
11330,1.0,0.05,0.0001207769621853963,12.830873326699162,0.0077868137591347066,0.13428398181693743,0.0
11331,1.0,0.05,0.0001207769621853963,12.830873326699162,0.0077868137591347066,0.13428398181693743,0.0
11332,1.0,0.05,0.0001207769621853963,12.830873326699162,0.0077868137591347066,0.13428398181693743,0.0
11333,1.0,0.05,0.0001207769621853963,12.830873326699162,0.0077868137591347066,0.13428398181693743,0.0
11334,1.0,0.05,0.0001207769621853963,12.830873326699162,0.0077868137591347066,0.13428398181693743,0.0
11335,1.0,0.05,0.0001207769621853963,12.830873326699162,0.0077868137591347066,0.13428398181693743,0.0
11336,1.0,0.05,0.0001207769621853963,5.4571192832138,0.0077868137591347066,0.13428398181693743,0.0
11337,1.0,0.05,0.0001207769621853963,5.4571192832138,0.006793649460348685,0.16775322217569802,0.0
11338,1.0,0.05,0.0001207769621853963,5.4571192832138,0.006793649460348685,0.16775322217569802,0.0
11339,1.0,0.05,0.0001207769621853963,5.4571192832138,0.006793649460348685,0.16775322217569802,0.0
11340,1.0,0.05,0.0001207769621853963,5.4571192832138,0.006780725959579603,0.16775322217569802,0.0
11341,1.0,0.05,0.0001207769621853963,5.4571192832138,0.006780725959579603,0.16775322217569802,0.0
11342,1.0,0.05,0.0001207769621853963,5.4571192832138,0.006780725959579603,0.1440137271252999,0.0
11343,1.0,0.05,0.0001207769621853963,5.4571192832138,0.006780725959579603,0.1440137271252999,0.0
11344,1.0,0.05,0.0001207769621853963,5.4571192832138,0.006780725959579603,0.14851152701054532,0.0
11345,1.0,0.05,0.0001207769621853963,7.4333644171606466,0.006780725959579603,0.14851152701054532,0.0
11346,1.0,0.05,0.0001207769621853963,7.4333644171606466,0.007497654689338009,0.15067680813899115,0.0
11347,1.0,0.05,0.0001207769621853963,7.4333644171606466,0.007497654689338009,0.1678678591128921,0.0
11348,1.0,0.05,0.0001207769621853963,7.4333644171606466,0.007497654689338009,0.1684876438000789,0.0
11349,1.0,0.05,0.0001207769621853963,7.4333644171606466,0.007497654689338009,0.1684876438000789,0.0
11350,1.0,0.05,0.0001207769621853963,7.4333644171606466,0.007497654689338009,0.1684876438000789,0.0
11351,1.0,0.05,0.0001207769621853963,7.4333644171606466,0.007497654689338009,0.1684876438000789,0.0
11352,1.0,0.05,0.0001207769621853963,7.4333644171606466,0.007497654689338009,0.1684876438000789,0.0
11353,1.0,0.05,0.0001207769621853963,7.4333644171606466,0.007497654689338009,0.1684876438000789,0.0
11354,1.0,0.05,0.0001207769621853963,7.4333644171606466,0.007497654689338009,0.1684876438000789,0.0
11355,1.0,0.05,0.0001207769621853963,7.4333644171606466,0.007497654689338009,0.1684876438000789,0.0
11356,1.0,0.05,0.0001207769621853963,7.4333644171606466,0.007497654689338009,0.11643179352339918,0.0
11357,1.0,0.05,0.0001207769621853963,7.4333644171606466,0.007497654689338009,0.11643179352339918,0.0
11358,1.0,0.05,0.0001207769621853963,7.892678269823691,0.007497654689338009,0.11643179352339918,0.0
11359,1.0,0.05,0.0001207769621853963,7.892678269823691,0.007497654689338009,0.11643179352339918,0.0
11360,1.0,0.05,0.0001207769621853963,7.892678269823691,0.007497654689338009,0.11643179352339918,0.0
11361,1.0,0.05,0.0001207769621853963,14.228290532074055,0.007497654689338009,0.11643179352339918,0.0
11362,1.0,0.05,0.0001207769621853963,14.228290532074055,0.007497654689338009,0.11643179352339918,0.0
11363,1.0,0.05,0.0001207769621853963,14.228290532074055,0.006332091287878064,0.11643179352339918,0.0
11364,1.0,0.05,0.0001207769621853963,14.228290532074055,0.006332091287878064,0.11643179352339918,0.0
11365,1.0,0.05,0.0001207769621853963,14.228290532074055,0.006332091287878064,0.11643179352339918,0.0
11366,1.0,0.05,0.0001207769621853963,14.228290532074055,0.006332091287878064,0.11643179352339918,0.0
11367,1.0,0.05,0.0001207769621853963,14.228290532074055,0.006580307623384426,0.11643179352339918,0.0
11368,1.0,0.05,0.0001207769621853963,11.273704846592352,0.006580307623384426,0.11643179352339918,0.0
11369,1.0,0.05,0.0001207769621853963,11.273704846592352,0.006461746361422404,0.11643179352339918,0.0
11370,1.0,0.05,0.0001207769621853963,11.273704846592352,0.006461746361422404,0.11643179352339918,0.0
11371,1.0,0.05,0.0001244523217455032,11.273704846592352,0.006461746361422404,0.11643179352339918,0.0
11372,1.0,0.05,0.0001244523217455032,12.12834576481103,0.006923921117174869,0.14113736221929107,0.0
11373,1.0,0.05,0.0001244523217455032,12.12834576481103,0.006923921117174869,0.14113736221929107,0.0
11374,1.0,0.05,0.00011941869807245279,12.12834576481103,0.006923921117174869,0.10647434459440581,0.0
11375,1.0,0.05,0.00011941869807245279,12.12834576481103,0.006923921117174869,0.10647434459440581,0.0
11376,1.0,0.05,0.0001220319104521234,10.40432063635113,0.006923921117174869,0.10647434459440581,0.0
11377,1.0,0.05,0.0001220319104521234,10.40432063635113,0.0066006719767388805,0.10647434459440581,0.0
11378,1.0,0.05,0.0001220319104521234,9.447096836761219,0.0066006719767388805,0.10647434459440581,0.0
11379,1.0,0.05,0.00011674490286309106,17.61530887347,0.008208475654102031,0.10647434459440581,0.0
11380,1.0,0.05,0.00011674490286309106,17.61530887347,0.008208475654102031,0.10647434459440581,0.0
11381,1.0,0.05,0.00011674490286309106,17.55567218299771,0.008208475654102031,0.10647434459440581,0.0
11382,1.0,0.05,0.00011674490286309106,17.55567218299771,0.007867705028178794,0.10647434459440581,0.0
11383,1.0,0.05,0.00011674490286309106,17.55567218299771,0.007586396866653634,0.10647434459440581,0.0
11384,1.0,0.05,0.00011674490286309106,17.55567218299771,0.007586396866653634,0.10647434459440581,0.0
11385,1.0,0.05,0.00011674490286309106,17.55567218299771,0.007586396866653634,0.10647434459440581,0.0
11386,1.0,0.05,0.00011674490286309106,17.55567218299771,0.007586396866653634,0.13021576331173498,0.0
11387,1.0,0.05,0.00011674490286309106,17.55567218299771,0.007586396866653634,0.13021576331173498,0.0
11388,1.0,0.05,0.00011674490286309106,17.55567218299771,0.007586396866653634,0.13021576331173498,0.0
11389,1.0,0.05,0.00011674490286309106,17.55567218299771,0.007586396866653634,0.09593569125614276,0.0
11390,1.0,0.05,0.00011674490286309106,17.55567218299771,0.007586396866653634,0.09593569125614276,0.0
11391,1.0,0.05,0.00011618107801875963,17.55567218299771,0.007586396866653634,0.09593569125614276,0.0
11392,1.0,0.05,0.00011618107801875963,17.55567218299771,0.007586396866653634,0.09593569125614276,0.0
11393,1.0,0.05,0.00011618107801875963,17.55567218299771,0.007226957474272947,0.09593569125614276,0.0
11394,1.0,0.05,0.00012448234355883953,17.55567218299771,0.007357447689207964,0.09593569125614276,0.0
11395,1.0,0.05,0.00012448234355883953,17.55567218299771,0.006781727878666971,0.09593569125614276,0.0
11396,1.0,0.05,0.00012448234355883953,17.55567218299771,0.007369375701885451,0.07408532001455281,0.0
11397,1.0,0.05,0.00012448234355883953,17.55567218299771,0.007369375701885451,0.0857696094168639,0.0
11398,1.0,0.05,0.00012448234355883953,17.55567218299771,0.007369375701885451,0.10519876227650908,0.0
11399,1.0,0.05,0.00012448234355883953,17.55567218299771,0.007369375701885451,0.1138735097727796,0.0
11400,1.0,0.05,0.00012448234355883953,17.55567218299771,0.007001514138827992,0.1138735097727796,0.0
11401,1.0,0.05,0.00012448234355883953,17.55567218299771,0.007001514138827992,0.06668887359288789,0.0
11402,1.0,0.05,0.00012448234355883953,17.55567218299771,0.007001514138827992,0.06668887359288789,0.0
11403,1.0,0.05,0.00012448234355883953,18.18609672776992,0.007001514138827992,0.06668887359288789,0.0
11404,1.0,0.05,0.00012448234355883953,18.18609672776992,0.007001514138827992,0.06668887359288789,0.0
11405,1.0,0.05,0.00012448234355883953,18.18609672776992,0.007001514138827992,0.06668887359288789,0.0
11406,1.0,0.05,0.00012448234355883953,18.18609672776992,0.007001514138827992,0.06668887359288789,0.0
11407,1.0,0.05,0.00012448234355883953,18.18609672776992,0.007001514138827992,0.06668887359288789,0.0
11408,1.0,0.05,0.00012448234355883953,18.18609672776992,0.007001514138827992,0.06668887359288789,0.0
11409,1.0,0.05,0.00012448234355883953,18.18609672776992,0.007001514138827992,0.06668887359288789,0.0
11410,1.0,0.05,0.00012448234355883953,18.18609672776992,0.007001514138827992,0.06668887359288789,0.0
11411,1.0,0.05,0.00012448234355883953,18.18609672776992,0.007001514138827992,0.06668887359288789,0.0
11412,1.0,0.05,0.00012448234355883953,20.707685817997472,0.007001514138827992,0.07236796345399263,0.0
11413,1.0,0.05,0.00012448234355883953,20.707685817997472,0.007001514138827992,0.07236796345399263,0.0
11414,1.0,0.05,0.00012448234355883953,20.707685817997472,0.007001514138827992,0.07236796345399263,0.0
11415,1.0,0.05,0.00012448234355883953,18.2918537376825,0.007001514138827992,0.07236796345399263,0.0
11416,1.0,0.05,0.00012448234355883953,18.2918537376825,0.007001514138827992,0.07236796345399263,0.0
11417,1.0,0.05,0.00012448234355883953,18.2918537376825,0.007001514138827992,0.07236796345399263,0.0
11418,1.0,0.05,0.00012448234355883953,9.475430944220832,0.007001514138827992,0.10340066734135281,0.0
11419,1.0,0.05,0.00012448234355883953,9.475430944220832,0.007001514138827992,0.10340066734135281,0.0
11420,1.0,0.05,0.00012448234355883953,9.475430944220832,0.007001514138827992,0.10340066734135281,0.0
11421,1.0,0.05,0.00012448234355883953,9.475430944220832,0.007001514138827992,0.10340066734135281,0.0
11422,1.0,0.05,0.00012448234355883953,9.475430944220832,0.007001514138827992,0.10340066734135281,0.0
11423,1.0,0.05,0.00012448234355883953,9.475430944220832,0.006343666973739467,0.10340066734135281,0.0
11424,1.0,0.05,0.00012448234355883953,9.475430944220832,0.006343666973739467,0.10340066734135281,0.0
11425,1.0,0.05,0.00012448234355883953,9.475430944220832,0.006343666973739467,0.10340066734135281,0.0
11426,1.0,0.05,0.00012448234355883953,9.475430944220832,0.006343666973739467,0.10340066734135281,0.0
11427,1.0,0.05,0.0001293079773776185,9.475430944220832,0.006343666973739467,0.09686204285045888,0.0
11428,1.0,0.05,0.0001293079773776185,9.475430944220832,0.006092500369513558,0.09686204285045888,0.0
11429,1.0,0.05,0.0001293079773776185,9.475430944220832,0.006092500369513558,0.09686204285045888,0.0
11430,1.0,0.05,0.0001293079773776185,9.475430944220832,0.006092500369513558,0.09686204285045888,0.0
11431,1.0,0.05,0.0001293079773776185,9.475430944220832,0.006092500369513558,0.09686204285045888,0.0
11432,1.0,0.05,0.0001293079773776185,12.071777191143966,0.006092500369513558,0.09686204285045888,0.0
11433,1.0,0.05,0.0001293079773776185,12.071777191143966,0.006092500369513558,0.09686204285045888,0.0
11434,1.0,0.05,0.0001293079773776185,8.311010457826228,0.006092500369513558,0.09686204285045888,0.0
11435,1.0,0.05,0.0001293079773776185,8.311010457826228,0.006092500369513558,0.09686204285045888,0.0
11436,1.0,0.05,0.0001293079773776185,8.311010457826228,0.006092500369513558,0.09686204285045888,0.0
11437,1.0,0.05,0.0001293079773776185,10.15644976305785,0.006092500369513558,0.09686204285045888,0.0
11438,1.0,0.05,0.0001293079773776185,13.071296021746235,0.006092500369513558,0.09686204285045888,0.0
11439,1.0,0.05,0.00012134827973538152,13.071296021746235,0.006799090844548837,0.0851391453566494,0.0
11440,1.0,0.05,0.00012134827973538152,13.071296021746235,0.006799090844548837,0.0973003436352338,0.0
11441,1.0,0.05,0.00012134827973538152,13.071296021746235,0.006799090844548837,0.0973003436352338,0.0
11442,1.0,0.05,0.00012134827973538152,13.071296021746235,0.007004852847057765,0.0973003436352338,0.0
11443,1.0,0.05,0.00012134827973538152,10.877114099324814,0.007004852847057765,0.0973003436352338,0.0
11444,1.0,0.05,0.00012134827973538152,10.877114099324814,0.007004852847057765,0.0973003436352338,0.0
11445,1.0,0.05,0.00012134827973538152,10.877114099324814,0.007004852847057765,0.0973003436352338,0.0
11446,1.0,0.05,0.00012134827973538152,10.877114099324814,0.007004852847057765,0.1548896073756606,0.0
11447,1.0,0.05,0.00012134827973538152,10.877114099324814,0.007004852847057765,0.15381206713112397,0.0
11448,1.0,0.05,0.00012134827973538152,10.962809743779502,0.007004852847057765,0.15381206713112397,0.0
11449,1.0,0.05,0.00012134827973538152,6.881366044322306,0.007004852847057765,0.15381206713112397,0.0
11450,1.0,0.05,0.00012134827973538152,8.286878260781577,0.007004852847057765,0.15381206713112397,0.0
11451,1.0,0.05,0.00012134827973538152,8.286878260781577,0.006467833246480255,0.15381206713112397,0.0
11452,1.0,0.05,0.00012134827973538152,8.286878260781577,0.006467833246480255,0.15381206713112397,0.0
11453,1.0,0.05,0.00012134827973538152,8.740414611830232,0.006467833246480255,0.15381206713112397,0.0
11454,1.0,0.05,0.00012134827973538152,8.740414611830232,0.006467833246480255,0.15381206713112397,0.0
11455,1.0,0.05,0.00012134827973538152,8.740414611830232,0.006467833246480255,0.15381206713112397,0.0
11456,1.0,0.05,0.00012134827973538152,8.740414611830232,0.006467833246480255,0.15605939302016356,0.0
11457,1.0,0.05,0.00012134827973538152,8.740414611830232,0.007004622231612404,0.15605939302016356,0.0
11458,1.0,0.05,0.00012134827973538152,8.740414611830232,0.007004622231612404,0.15605939302016356,0.0
11459,1.0,0.05,0.00012134827973538152,8.740414611830232,0.007004622231612404,0.15605939302016356,0.0
11460,1.0,0.05,0.00012134827973538152,8.740414611830232,0.007004622231612404,0.15305556911444299,0.0
11461,1.0,0.05,0.00012134827973538152,9.835238977988155,0.007004622231612404,0.15305556911444299,0.0
11462,1.0,0.05,0.00011399892944850011,9.835238977988155,0.007004622231612404,0.15235832319968878,0.0
11463,1.0,0.05,0.00011399892944850011,12.510934678143144,0.007004622231612404,0.15235832319968878,0.0
11464,1.0,0.05,0.00011399892944850011,12.510934678143144,0.007004622231612404,0.15235832319968878,0.0
11465,1.0,0.05,0.00011399892944850011,12.510934678143144,0.007004622231612404,0.15235832319968878,0.0
11466,1.0,0.05,0.00011399892944850011,12.510934678143144,0.007004622231612404,0.15235832319968878,0.0
11467,1.0,0.05,0.0001170125369266448,12.510934678143144,0.007004622231612404,0.15235832319968878,0.0
11468,1.0,0.05,0.00011996155717784629,12.510934678143144,0.007004622231612404,0.15235832319968878,0.0
11469,1.0,0.05,0.00011996155717784629,12.510934678143144,0.007004622231612404,0.15235832319968878,0.0
11470,1.0,0.05,0.00011996155717784629,12.510934678143144,0.007004622231612404,0.15235832319968878,0.0
11471,1.0,0.05,0.00011996155717784629,12.510934678143144,0.0070824172268194084,0.15235832319968878,0.0
11472,1.0,0.05,0.00011996155717784629,12.510934678143144,0.0070824172268194084,0.15235832319968878,0.0
11473,1.0,0.05,0.00011996155717784629,12.510934678143144,0.0070824172268194084,0.15235832319968878,0.0
11474,1.0,0.05,0.00011996155717784629,12.510934678143144,0.0070824172268194084,0.10800754025505613,0.0
11475,1.0,0.05,0.00011996155717784629,12.510934678143144,0.0070824172268194084,0.10800754025505613,0.0
11476,1.0,0.05,0.00011996155717784629,12.510934678143144,0.0070824172268194084,0.10800754025505613,0.0
11477,1.0,0.05,0.00011996155717784629,12.510934678143144,0.0070824172268194084,0.1173157667667038,0.0
11478,1.0,0.05,0.00011996155717784629,12.510934678143144,0.0070824172268194084,0.1173157667667038,0.0
11479,1.0,0.05,0.00011996155717784629,12.510934678143144,0.0070824172268194084,0.12858191909376976,0.0
11480,1.0,0.05,0.00011996155717784629,12.510934678143144,0.0070824172268194084,0.12858191909376976,0.0
11481,1.0,0.05,0.00011996155717784629,12.510934678143144,0.0070824172268194084,0.12858191909376976,0.0
11482,1.0,0.05,0.00011996155717784629,12.510934678143144,0.0070824172268194084,0.12858191909376976,0.0
11483,1.0,0.05,0.0001139317791821667,12.510934678143144,0.0070824172268194084,0.12858191909376976,0.0
11484,1.0,0.05,0.0001139317791821667,12.510934678143144,0.0070824172268194084,0.12858191909376976,0.0
11485,1.0,0.05,0.0001139317791821667,12.510934678143144,0.007391907012910425,0.12858191909376976,0.0
11486,1.0,0.05,0.0001139317791821667,12.510934678143144,0.007391907012910425,0.12858191909376976,0.0
11487,1.0,0.05,0.0001139317791821667,12.510934678143144,0.007391907012910425,0.12858191909376976,0.0
11488,1.0,0.05,0.0001139317791821667,12.510934678143144,0.007391907012910425,0.13172327068930162,0.0
11489,1.0,0.05,0.0001139317791821667,13.395217921981967,0.007391907012910425,0.13172327068930162,0.0
11490,1.0,0.05,0.0001139317791821667,13.395217921981967,0.007391907012910425,0.14534951542345273,0.0
11491,1.0,0.05,0.0001139317791821667,13.395217921981967,0.007391907012910425,0.14534951542345273,0.0
11492,1.0,0.05,0.0001139317791821667,13.395217921981967,0.007391907012910425,0.14534951542345273,0.0
11493,1.0,0.05,0.0001139317791821667,9.601632497905243,0.007391907012910425,0.14534951542345273,0.0
11494,1.0,0.05,0.0001139317791821667,9.601632497905243,0.007391907012910425,0.14534951542345273,0.0
11495,1.0,0.05,0.0001139317791821667,9.601632497905243,0.007391907012910425,0.14534951542345273,0.0
11496,1.0,0.05,0.0001139317791821667,9.601632497905243,0.007391907012910425,0.14534951542345273,0.0
11497,1.0,0.05,0.0001139317791821667,9.601632497905243,0.007391907012910425,0.117235883021754,0.0
11498,1.0,0.05,0.0001139317791821667,10.961140932270723,0.007391907012910425,0.117235883021754,0.0
11499,1.0,0.05,0.0001139317791821667,10.961140932270723,0.007391907012910425,0.117235883021754,0.0
11500,1.0,0.05,0.0001139317791821667,12.192920890877048,0.007391907012910425,0.117235883021754,0.0
11501,1.0,0.05,0.00011533125357481333,12.192920890877048,0.007391907012910425,0.1266798876744839,0.0
11502,1.0,0.05,0.00011533125357481333,12.192920890877048,0.007391907012910425,0.1266798876744839,0.0
11503,1.0,0.05,0.00011533125357481333,12.192920890877048,0.008590325469517615,0.1266798876744839,0.0
11504,1.0,0.05,0.00011722445063558537,12.192920890877048,0.008590325469517615,0.1266798876744839,0.0
11505,1.0,0.05,0.00011722445063558537,12.192920890877048,0.008224436403792739,0.1266798876744839,0.0
11506,1.0,0.05,0.00011722445063558537,12.192920890877048,0.008224436403792739,0.1266798876744839,0.0
11507,1.0,0.05,0.00011722445063558537,11.533281253486209,0.008224436403792739,0.1266798876744839,0.0
11508,1.0,0.05,0.00011722445063558537,11.533281253486209,0.007309767027551294,0.1266798876744839,0.0
11509,1.0,0.05,0.00011722445063558537,11.533281253486209,0.007309767027551294,0.1266798876744839,0.0
11510,1.0,0.05,0.00011722445063558537,11.533281253486209,0.007309767027551294,0.1266798876744839,0.0
11511,1.0,0.05,0.00011722445063558537,11.533281253486209,0.007309767027551294,0.1266798876744839,0.0
11512,1.0,0.05,0.00011722445063558537,11.533281253486209,0.007299293369074828,0.1266798876744839,0.0
11513,1.0,0.05,0.00011722445063558537,11.533281253486209,0.007299293369074828,0.1266798876744839,0.0
11514,1.0,0.05,0.00011722445063558537,11.533281253486209,0.007299293369074828,0.1266798876744839,0.0
11515,1.0,0.05,0.00011768189289939414,9.79175384826658,0.007299293369074828,0.1266798876744839,0.0
11516,1.0,0.05,0.00011768189289939414,9.79175384826658,0.007299293369074828,0.1266798876744839,0.0
11517,1.0,0.05,0.00011768189289939414,9.79175384826658,0.007299293369074828,0.1266798876744839,0.0
11518,1.0,0.05,0.00011768189289939414,9.79175384826658,0.007299293369074828,0.1266798876744839,0.0
11519,1.0,0.05,0.00011768189289939414,9.79175384826658,0.007299293369074828,0.1266798876744839,0.0
11520,1.0,0.05,0.00011768189289939414,6.3426100796715446,0.007299293369074828,0.1266798876744839,0.0
11521,1.0,0.05,0.00011768189289939414,16.82042048785995,0.007299293369074828,0.1266798876744839,0.0
11522,1.0,0.05,0.00011628396937322996,11.877603110881083,0.007299293369074828,0.1266798876744839,0.0
11523,1.0,0.05,0.00012051618682986725,11.877603110881083,0.007299293369074828,0.1266798876744839,0.0
11524,1.0,0.05,0.00012051618682986725,11.877603110881083,0.007299293369074828,0.1266798876744839,0.0
11525,1.0,0.05,0.00012051618682986725,11.877603110881083,0.007299293369074828,0.1266798876744839,0.0
11526,1.0,0.05,0.00012051618682986725,11.877603110881083,0.007103404623885502,0.12018063744616302,0.0
11527,1.0,0.05,0.0001156267992815214,11.877603110881083,0.007103404623885502,0.12992861335085046,0.0
11528,1.0,0.05,0.0001156267992815214,11.49570845405421,0.007103404623885502,0.12992861335085046,0.0
11529,1.0,0.05,0.0001156267992815214,11.49570845405421,0.007103404623885502,0.12992861335085046,0.0
11530,1.0,0.05,0.0001156267992815214,18.03768781265427,0.007103404623885502,0.12992861335085046,0.0
11531,1.0,0.05,0.0001156267992815214,17.997221744281205,0.007103404623885502,0.12992861335085046,0.0
11532,1.0,0.05,0.0001156267992815214,14.957986183838841,0.008662027025260826,0.12992861335085046,0.0
11533,1.0,0.05,0.0001156267992815214,14.957986183838841,0.008662027025260826,0.12992861335085046,0.0
11534,1.0,0.05,0.0001156267992815214,14.957986183838841,0.008662027025260826,0.12992861335085046,0.0
11535,1.0,0.05,0.0001156267992815214,14.957986183838841,0.008662027025260826,0.12992861335085046,0.0
11536,1.0,0.05,0.0001156267992815214,14.957986183838841,0.008376319303778787,0.12992861335085046,0.0
11537,1.0,0.05,0.0001156267992815214,14.957986183838841,0.008376319303778787,0.12992861335085046,0.0
11538,1.0,0.05,0.00012402184605403581,14.957986183838841,0.008376319303778787,0.12992861335085046,0.0
11539,1.0,0.05,0.00012402184605403581,14.957986183838841,0.007502628800265854,0.12992861335085046,0.0
11540,1.0,0.05,0.00012402184605403581,14.957986183838841,0.007502628800265854,0.12992861335085046,0.0
11541,1.0,0.05,0.00012402184605403581,10.81468232825415,0.007502628800265854,0.12992861335085046,0.0
11542,1.0,0.05,0.00012402184605403581,10.81468232825415,0.007036598221705791,0.12992861335085046,0.0
11543,1.0,0.05,0.00012402184605403581,10.81468232825415,0.007036598221705791,0.12992861335085046,0.0
11544,1.0,0.05,0.00012402184605403581,10.81468232825415,0.007036598221705791,0.12992861335085046,0.0
11545,1.0,0.05,0.00012402184605403581,7.7347107177002385,0.007036598221705791,0.12992861335085046,0.0
11546,1.0,0.05,0.00012402184605403581,7.7347107177002385,0.007036598221705791,0.12992861335085046,0.0
11547,1.0,0.05,0.00012402184605403581,7.7347107177002385,0.007036598221705791,0.12536434073284564,0.0
11548,1.0,0.05,0.00012402184605403581,7.7347107177002385,0.007150472536686602,0.12536434073284564,0.0
11549,1.0,0.05,0.00012402184605403581,7.7347107177002385,0.006005422944834018,0.10869027761939702,0.0
11550,1.0,0.05,0.00012402184605403581,9.74470691079317,0.006005422944834018,0.10869027761939702,0.0
11551,1.0,0.05,0.00012177316240596376,9.74470691079317,0.006005422944834018,0.10869027761939702,0.0
11552,1.0,0.05,0.00013026374777297712,9.74470691079317,0.006005422944834018,0.10869027761939702,0.0
11553,1.0,0.05,0.00013026374777297712,9.74470691079317,0.006005422944834018,0.10869027761939702,0.0
11554,1.0,0.05,0.00013026374777297712,7.750404950430962,0.006005422944834018,0.10869027761939702,0.0
11555,1.0,0.05,0.00013026374777297712,7.750404950430962,0.005953599933989869,0.10869027761939702,0.0
11556,1.0,0.05,0.00013026374777297712,7.750404950430962,0.005953599933989869,0.10869027761939702,0.0
11557,1.0,0.05,0.00013026374777297712,7.750404950430962,0.005769881181513556,0.10869027761939702,0.0
11558,1.0,0.05,0.00013026374777297712,7.750404950430962,0.005769881181513556,0.10869027761939702,0.0
11559,1.0,0.05,0.00013026374777297712,7.220617264422671,0.006622476157729349,0.10299288190856304,0.0
11560,1.0,0.05,0.00013026374777297712,7.220617264422671,0.006622476157729349,0.10959768737537204,0.0
11561,1.0,0.05,0.00011615731261823184,7.220617264422671,0.006622476157729349,0.13629494889300492,0.0
11562,1.0,0.05,0.00011615731261823184,7.220617264422671,0.006622476157729349,0.13629494889300492,0.0
11563,1.0,0.05,0.00011615731261823184,7.220617264422671,0.006622476157729349,0.13629494889300492,0.0
11564,1.0,0.05,0.00011615731261823184,7.220617264422671,0.006731119627619421,0.13629494889300492,0.0
11565,1.0,0.05,0.00011615731261823184,7.220617264422671,0.007068286937219429,0.13629494889300492,0.0
11566,1.0,0.05,0.00011615731261823184,7.220617264422671,0.007068286937219429,0.13629494889300492,0.0
11567,1.0,0.05,0.00011615731261823184,7.220617264422671,0.007068286937219429,0.16993757803488174,0.0
11568,1.0,0.05,0.00011615731261823184,7.220617264422671,0.007068286937219429,0.16993757803488174,0.0
11569,1.0,0.05,0.00011615731261823184,7.220617264422671,0.007068286937219429,0.16993757803488174,0.0
11570,1.0,0.05,0.00011615731261823184,7.220617264422671,0.007068286937219429,0.16993757803488174,0.0
11571,1.0,0.05,0.00011615731261823184,7.220617264422671,0.007068286937219429,0.16993757803488174,0.0
11572,1.0,0.05,0.00011615731261823184,7.220617264422671,0.007068286937219429,0.16993757803488174,0.0
11573,1.0,0.05,0.00011615731261823184,9.255636309715044,0.007777899642955636,0.16993757803488174,0.0
11574,1.0,0.05,0.00011615731261823184,9.255636309715044,0.007777899642955636,0.16993757803488174,0.0
11575,1.0,0.05,0.00011615731261823184,9.255636309715044,0.007777899642955636,0.16993757803488174,0.0
11576,1.0,0.05,0.00011615731261823184,9.255636309715044,0.007777899642955636,0.16993757803488174,0.0
11577,1.0,0.05,0.00011615731261823184,9.255636309715044,0.007777899642955636,0.16610552714365345,0.0
11578,1.0,0.05,0.00011615731261823184,9.255636309715044,0.007777899642955636,0.16610552714365345,0.0
11579,1.0,0.05,0.00011615731261823184,9.255636309715044,0.007777899642955636,0.1756989109347638,0.0
11580,1.0,0.05,0.00011615731261823184,8.46950992637801,0.007777899642955636,0.1756989109347638,0.0
11581,1.0,0.05,0.00011615731261823184,8.46950992637801,0.007777899642955636,0.1756989109347638,0.0
11582,1.0,0.05,0.00011615731261823184,11.460268810379375,0.007259127237082975,0.1756989109347638,0.0
11583,1.0,0.05,0.00011610615104294428,11.460268810379375,0.007259127237082975,0.1399820809521414,0.0
11584,1.0,0.05,0.00012192732866637535,11.460268810379375,0.007259127237082975,0.1399820809521414,0.0
11585,1.0,0.05,0.00012192732866637535,11.460268810379375,0.007259127237082975,0.1399820809521414,0.0
11586,1.0,0.05,0.00012192732866637535,11.460268810379375,0.007259127237082975,0.1237880340368426,0.0
11587,1.0,0.05,0.00012192732866637535,11.460268810379375,0.006775722087759004,0.1237880340368426,0.0
11588,1.0,0.05,0.00012192732866637535,11.460268810379375,0.006775722087759004,0.1237880340368426,0.0
11589,1.0,0.05,0.00012192732866637535,11.460268810379375,0.006775722087759004,0.1237880340368426,0.0
11590,1.0,0.05,0.00012192732866637535,11.460268810379375,0.006775722087759004,0.1237880340368426,0.0
11591,1.0,0.05,0.00012192732866637535,11.460268810379375,0.006775722087759004,0.1237880340368426,0.0
11592,1.0,0.05,0.00012192732866637535,11.460268810379375,0.006775722087759004,0.09893075393272469,0.0
11593,1.0,0.05,0.00012192732866637535,11.460268810379375,0.006775722087759004,0.09893075393272469,0.0
11594,1.0,0.05,0.00012192732866637535,11.460268810379375,0.007722024907453717,0.09893075393272469,0.0
11595,1.0,0.05,0.00012192732866637535,15.257217239955168,0.007722024907453717,0.09893075393272469,0.0
11596,1.0,0.05,0.00012192732866637535,14.308247943908924,0.007722024907453717,0.09893075393272469,0.0
11597,1.0,0.05,0.00012192732866637535,14.308247943908924,0.007722024907453717,0.09893075393272469,0.0
11598,1.0,0.05,0.00012192732866637535,14.308247943908924,0.00727787240448406,0.09893075393272469,0.0
11599,1.0,0.05,0.00012192732866637535,14.308247943908924,0.00727787240448406,0.09893075393272469,0.0
11600,1.0,0.05,0.00012192732866637535,14.308247943908924,0.00727787240448406,0.09893075393272469,0.0
11601,1.0,0.05,0.00012192732866637535,14.308247943908924,0.00727787240448406,0.09893075393272469,0.0
11602,1.0,0.05,0.00012192732866637535,14.308247943908924,0.00727787240448406,0.09893075393272469,0.0
11603,1.0,0.05,0.00012192732866637535,14.308247943908924,0.00727787240448406,0.09893075393272469,0.0
11604,1.0,0.05,0.00012192732866637535,14.308247943908924,0.00727787240448406,0.09893075393272469,0.0
11605,1.0,0.05,0.00012192732866637535,14.308247943908924,0.00727787240448406,0.09893075393272469,0.0
11606,1.0,0.05,0.00012192732866637535,14.308247943908924,0.00727787240448406,0.09893075393272469,0.0
11607,1.0,0.05,0.00012192732866637535,14.308247943908924,0.00727787240448406,0.12571564933817947,0.0
11608,1.0,0.05,0.00012192732866637535,14.308247943908924,0.00727787240448406,0.12571564933817947,0.0
11609,1.0,0.05,0.00012192732866637535,14.308247943908924,0.00727787240448406,0.12593479111222491,0.0
11610,1.0,0.05,0.00012192732866637535,14.308247943908924,0.00727787240448406,0.12593479111222491,0.0
11611,1.0,0.05,0.00012192732866637535,9.143625785730606,0.007277950107088419,0.12593479111222491,0.0
11612,1.0,0.05,0.00012192732866637535,9.143625785730606,0.007277950107088419,0.12593479111222491,0.0
11613,1.0,0.05,0.00012192732866637535,9.143625785730606,0.007299040585240708,0.12593479111222491,0.0
11614,1.0,0.05,0.00012192732866637535,9.143625785730606,0.007299040585240708,0.14690061913551203,0.0
11615,1.0,0.05,0.00012192732866637535,9.143625785730606,0.007299040585240708,0.14690061913551203,0.0
11616,1.0,0.05,0.00012192732866637535,9.143625785730606,0.007299040585240708,0.14690061913551203,0.0
11617,1.0,0.05,0.00012192732866637535,9.143625785730606,0.007299040585240708,0.14690061913551203,0.0
11618,1.0,0.05,0.00012192732866637535,9.143625785730606,0.007299040585240708,0.14690061913551203,0.0
11619,1.0,0.05,0.00012192732866637535,9.143625785730606,0.007299040585240708,0.14690061913551203,0.0
11620,1.0,0.05,0.00012192732866637535,9.143625785730606,0.007299040585240708,0.14690061913551203,0.0
11621,1.0,0.05,0.00012192732866637535,9.143625785730606,0.007299040585240708,0.14690061913551203,0.0
11622,1.0,0.05,0.00011649513233435597,9.143625785730606,0.007299040585240708,0.14690061913551203,0.0
11623,1.0,0.05,0.00011649513233435597,9.143625785730606,0.007299040585240708,0.14844157711950026,0.0
11624,1.0,0.05,0.00011649513233435597,9.143625785730606,0.007299040585240708,0.14844157711950026,0.0
11625,1.0,0.05,0.00011649513233435597,9.143625785730606,0.007299040585240708,0.14844157711950026,0.0
11626,1.0,0.05,0.00011649513233435597,9.143625785730606,0.007796483332144846,0.16488800676209536,0.0
11627,1.0,0.05,0.00011649513233435597,9.144798913153693,0.007796483332144846,0.12016122582023214,0.0
11628,1.0,0.05,0.00011649513233435597,9.144798913153693,0.007796483332144846,0.12016122582023214,0.0
11629,1.0,0.05,0.00011649513233435597,9.144798913153693,0.007796483332144846,0.12016122582023214,0.0
11630,1.0,0.05,0.00012268890647283842,9.144798913153693,0.00720513642584587,0.12016122582023214,0.0
11631,1.0,0.05,0.00012268890647283842,9.144798913153693,0.00720513642584587,0.12016122582023214,0.0
11632,1.0,0.05,0.00012268890647283842,9.144798913153693,0.00720513642584587,0.12016122582023214,0.0
11633,1.0,0.05,0.00012268890647283842,9.144798913153693,0.006575291996227891,0.12016122582023214,0.0
11634,1.0,0.05,0.00012268890647283842,9.144798913153693,0.006575291996227891,0.12016122582023214,0.0
11635,1.0,0.05,0.00012268890647283842,9.144798913153693,0.006575291996227891,0.12016122582023214,0.0
11636,1.0,0.05,0.00012268890647283842,9.144798913153693,0.006575291996227891,0.12016122582023214,0.0
11637,1.0,0.05,0.00012268890647283842,9.144798913153693,0.006575291996227891,0.12016122582023214,0.0
11638,1.0,0.05,0.00012268890647283842,9.144798913153693,0.006575291996227891,0.12016122582023214,0.0
11639,1.0,0.05,0.00012268890647283842,9.144798913153693,0.006575291996227891,0.12016122582023214,0.0
11640,1.0,0.05,0.00012268890647283842,9.144798913153693,0.006575291996227891,0.12016122582023214,0.0
11641,1.0,0.05,0.00012268890647283842,9.144798913153693,0.006575291996227891,0.12016122582023214,0.0
11642,1.0,0.05,0.00012268890647283842,10.10759587066012,0.006575291996227891,0.12016122582023214,0.0
11643,1.0,0.05,0.00012268890647283842,10.10759587066012,0.0075941618779903075,0.1545707663867428,0.0
11644,1.0,0.05,0.00012268890647283842,10.10759587066012,0.0075941618779903075,0.1545707663867428,0.0
11645,1.0,0.05,0.00012268890647283842,10.10759587066012,0.007897141687701581,0.1545707663867428,0.0
11646,1.0,0.05,0.00012268890647283842,10.10759587066012,0.007140943703110726,0.1545707663867428,0.0
11647,1.0,0.05,0.00012268890647283842,9.245357365818933,0.006740134101803053,0.1398277157320479,0.0
11648,1.0,0.05,0.00012268890647283842,9.245357365818933,0.006740134101803053,0.1398277157320479,0.0
11649,1.0,0.05,0.00012268890647283842,9.082442275557142,0.006740134101803053,0.15731242871658485,0.0
11650,1.0,0.05,0.00012268890647283842,11.452838601409638,0.006740134101803053,0.12415562321327443,0.0
11651,1.0,0.05,0.00012268890647283842,11.452838601409638,0.006740134101803053,0.12415562321327443,0.0
11652,1.0,0.05,0.00012268890647283842,11.452838601409638,0.006740134101803053,0.12415562321327443,0.0
11653,1.0,0.05,0.00012268890647283842,11.452838601409638,0.006740134101803053,0.12415562321327443,0.0
11654,1.0,0.05,0.00012268890647283842,11.452838601409638,0.006740134101803053,0.12415562321327443,0.0
11655,1.0,0.05,0.00012268890647283842,11.452838601409638,0.006740134101803053,0.12415562321327443,0.0
11656,1.0,0.05,0.00012268890647283842,11.452838601409638,0.006740134101803053,0.12415562321327443,0.0
11657,1.0,0.05,0.00012268890647283842,11.452838601409638,0.005928525418471678,0.12415562321327443,0.0
11658,1.0,0.05,0.00012268890647283842,11.452838601409638,0.006380268267954005,0.12415562321327443,0.0
11659,1.0,0.05,0.00012268890647283842,11.452838601409638,0.006380268267954005,0.12015555484347665,0.0
11660,1.0,0.05,0.00012268890647283842,11.452838601409638,0.006380268267954005,0.12015555484347665,0.0
11661,1.0,0.05,0.00012268890647283842,12.40899258286035,0.006380268267954005,0.12015555484347665,0.0
11662,1.0,0.05,0.00012268890647283842,12.40899258286035,0.006380268267954005,0.12015555484347665,0.0
11663,1.0,0.05,0.00012268890647283842,12.862352646765586,0.006380268267954005,0.12015555484347665,0.0
11664,1.0,0.05,0.00012268890647283842,12.862352646765586,0.006380268267954005,0.10547113291618501,0.0
11665,1.0,0.05,0.00012626744844055948,12.862352646765586,0.006380268267954005,0.10547113291618501,0.0
11666,1.0,0.05,0.00012626744844055948,12.862352646765586,0.006380268267954005,0.10547113291618501,0.0
11667,1.0,0.05,0.00012696037734825208,12.862352646765586,0.006380268267954005,0.10547113291618501,0.0
11668,1.0,0.05,0.00012696037734825208,4.908828964026753,0.006380268267954005,0.1207296876022363,0.0
11669,1.0,0.05,0.00012696037734825208,4.908828964026753,0.006380268267954005,0.17310883932606302,0.0
11670,1.0,0.05,0.00011951722011651982,4.908828964026753,0.006380268267954005,0.17310883932606302,0.0
11671,1.0,0.05,0.00011951722011651982,4.908828964026753,0.006380268267954005,0.17310883932606302,0.0
11672,1.0,0.05,0.00011951722011651982,4.908828964026753,0.006380268267954005,0.15531820706028365,0.0
11673,1.0,0.05,0.00011951722011651982,4.908828964026753,0.006380268267954005,0.15531820706028365,0.0
11674,1.0,0.05,0.00011951722011651982,4.908828964026753,0.006380268267954005,0.17926787669230723,0.0
11675,1.0,0.05,0.00011951722011651982,4.243602614851511,0.006380268267954005,0.15442311197278935,0.0
11676,1.0,0.05,0.00011951722011651982,4.243602614851511,0.006380268267954005,0.15442311197278935,0.0
11677,1.0,0.05,0.00011951722011651982,4.243602614851511,0.006380268267954005,0.15442311197278935,0.0
11678,1.0,0.05,0.00011951722011651982,4.068196154927975,0.006380268267954005,0.15442311197278935,0.0
11679,1.0,0.05,0.00011951722011651982,4.068196154927975,0.006380268267954005,0.15442311197278935,0.0
11680,1.0,0.05,0.00011951722011651982,4.068196154927975,0.006380268267954005,0.18444774892875293,0.0
11681,1.0,0.05,0.00011951722011651982,4.068196154927975,0.006380268267954005,0.18997167178047392,0.0
11682,1.0,0.05,0.00011951722011651982,4.068196154927975,0.006380268267954005,0.18997167178047392,0.0
11683,1.0,0.05,0.00011951722011651982,4.068196154927975,0.006654954473506268,0.18997167178047392,0.0
11684,1.0,0.05,0.00011951722011651982,4.068196154927975,0.006654954473506268,0.18997167178047392,0.0
11685,1.0,0.05,0.00011951722011651982,4.068196154927975,0.006654954473506268,0.1733198856088648,0.0
11686,1.0,0.05,0.00011951722011651982,4.068196154927975,0.006654954473506268,0.1733198856088648,0.0
11687,1.0,0.05,0.00012033625265318159,4.068196154927975,0.006654954473506268,0.1733198856088648,0.0
11688,1.0,0.05,0.00012097429315659864,4.068196154927975,0.006654954473506268,0.1733198856088648,0.0
11689,1.0,0.05,0.00012097429315659864,4.068196154927975,0.006654954473506268,0.16442309748008285,0.0
11690,1.0,0.05,0.00012097429315659864,4.068196154927975,0.006654954473506268,0.16442309748008285,0.0
11691,1.0,0.05,0.00012097429315659864,7.803798059678016,0.007465934621192031,0.16442309748008285,0.0
11692,1.0,0.05,0.00012097429315659864,7.803798059678016,0.007465934621192031,0.16442309748008285,0.0
11693,1.0,0.05,0.00012097429315659864,7.803798059678016,0.006594248906350305,0.16075750811200307,0.0
11694,1.0,0.05,0.00012097429315659864,7.803798059678016,0.006594248906350305,0.16075750811200307,0.0
11695,1.0,0.05,0.00011731794668864295,7.803798059678016,0.006594248906350305,0.16075750811200307,0.0
11696,1.0,0.05,0.00011731794668864295,7.803798059678016,0.006594248906350305,0.16075750811200307,0.0
11697,1.0,0.05,0.00011731794668864295,7.803798059678016,0.006594248906350305,0.16075750811200307,0.0
11698,1.0,0.05,0.00011731794668864295,7.803798059678016,0.006594248906350305,0.16075750811200307,0.0
11699,1.0,0.05,0.00011731794668864295,7.803798059678016,0.007099547514009593,0.16075750811200307,0.0
11700,1.0,0.05,0.00011731794668864295,7.803798059678016,0.007099547514009593,0.16385849584068438,0.0
11701,1.0,0.05,0.00011731794668864295,7.803798059678016,0.007099547514009593,0.16385849584068438,0.0
11702,1.0,0.05,0.00011731794668864295,7.803798059678016,0.007099547514009593,0.16385849584068438,0.0
11703,1.0,0.05,0.00011731794668864295,7.803798059678016,0.007573923659656519,0.16385849584068438,0.0
11704,1.0,0.05,0.00011731794668864295,7.803798059678016,0.007573923659656519,0.16385849584068438,0.0
11705,1.0,0.05,0.00011731794668864295,7.803798059678016,0.007573923659656519,0.16385849584068438,0.0
11706,1.0,0.05,0.00011731794668864295,7.803798059678016,0.007693772900719549,0.1605200745226698,0.0
11707,1.0,0.05,0.00011731794668864295,7.803798059678016,0.007693772900719549,0.1605200745226698,0.0
11708,1.0,0.05,0.00011731794668864295,12.541410970968215,0.0073065231402109545,0.1605200745226698,0.0
11709,1.0,0.05,0.00011731794668864295,12.541410970968215,0.007195896020673084,0.1605200745226698,0.0
11710,1.0,0.05,0.00011731794668864295,12.541410970968215,0.007195896020673084,0.1605200745226698,0.0
11711,1.0,0.05,0.00011731794668864295,12.541410970968215,0.007195896020673084,0.1605200745226698,0.0
11712,1.0,0.05,0.00011731794668864295,12.541410970968215,0.007195896020673084,0.1605200745226698,0.0
11713,1.0,0.05,0.00011731794668864295,12.541410970968215,0.007195896020673084,0.1605200745226698,0.0
11714,1.0,0.05,0.00011731794668864295,12.541410970968215,0.007195896020673084,0.12427241890070267,0.0
11715,1.0,0.05,0.00011731794668864295,12.541410970968215,0.007195896020673084,0.12427241890070267,0.0
11716,1.0,0.05,0.00011731794668864295,12.541410970968215,0.007195896020673084,0.12427241890070267,0.0
11717,1.0,0.05,0.00011731794668864295,12.541410970968215,0.007195896020673084,0.12427241890070267,0.0
11718,1.0,0.05,0.00011731794668864295,12.541410970968215,0.007195896020673084,0.12427241890070267,0.0
11719,1.0,0.05,0.00011731794668864295,12.541410970968215,0.007195896020673084,0.12427241890070267,0.0
11720,1.0,0.05,0.00011731794668864295,12.541410970968215,0.007195896020673084,0.12427241890070267,0.0
11721,1.0,0.05,0.00011731794668864295,12.541410970968215,0.007195896020673084,0.12427241890070267,0.0
11722,1.0,0.05,0.00011731794668864295,12.541410970968215,0.007195896020673084,0.12427241890070267,0.0
11723,1.0,0.05,0.00011731794668864295,12.541410970968215,0.007195896020673084,0.10642732623751996,0.0
11724,1.0,0.05,0.00011731794668864295,12.541410970968215,0.007195896020673084,0.10642732623751996,0.0
11725,1.0,0.05,0.00011731794668864295,12.541410970968215,0.007195896020673084,0.10642732623751996,0.0
11726,1.0,0.05,0.00011731794668864295,16.865867234562913,0.007195896020673084,0.09960262156698482,0.0
11727,1.0,0.05,0.00011731794668864295,16.865867234562913,0.007195896020673084,0.09960262156698482,0.0
11728,1.0,0.05,0.00011731794668864295,16.865867234562913,0.0064818457313171995,0.09960262156698482,0.0
11729,1.0,0.05,0.00011731794668864295,16.865867234562913,0.0064818457313171995,0.09960262156698482,0.0
11730,1.0,0.05,0.00011830111311097827,16.865867234562913,0.0064818457313171995,0.09960262156698482,0.0
11731,1.0,0.05,0.00011830111311097827,16.865867234562913,0.006442423108912483,0.09960262156698482,0.0
11732,1.0,0.05,0.00011830111311097827,16.865867234562913,0.006442423108912483,0.09960262156698482,0.0
11733,1.0,0.05,0.00011412639697766753,16.865867234562913,0.007812880143512816,0.10079237007046526,0.0
11734,1.0,0.05,0.00011412639697766753,16.865867234562913,0.007812880143512816,0.10079237007046526,0.0
11735,1.0,0.05,0.00011412639697766753,14.733520867023515,0.007812880143512816,0.10079237007046526,0.0
11736,1.0,0.05,0.00011412639697766753,14.733520867023515,0.007812880143512816,0.10079237007046526,0.0
11737,1.0,0.05,0.00011412639697766753,17.583385590990417,0.007672215673203844,0.10079237007046526,0.0
11738,1.0,0.05,0.00011412639697766753,17.583385590990417,0.007672215673203844,0.10079237007046526,0.0
11739,1.0,0.05,0.00011412639697766753,15.223835879568284,0.007395593973837366,0.10079237007046526,0.0
11740,1.0,0.05,0.00011412639697766753,15.223835879568284,0.007395593973837366,0.10079237007046526,0.0
11741,1.0,0.05,0.00011412639697766753,15.223835879568284,0.007395593973837366,0.10079237007046526,0.0
11742,1.0,0.05,0.00011412639697766753,15.223835879568284,0.007395593973837366,0.10079237007046526,0.0
11743,1.0,0.05,0.00011412639697766753,15.223835879568284,0.007395593973837366,0.10079237007046526,0.0
11744,1.0,0.05,0.00011412639697766753,15.091722992845007,0.007395593973837366,0.10079237007046526,0.0
11745,1.0,0.05,0.00011412639697766753,15.377734265779907,0.007395593973837366,0.10079237007046526,0.0
11746,1.0,0.05,0.00011412639697766753,15.377734265779907,0.00773517662101655,0.10079237007046526,0.0
11747,1.0,0.05,0.00011412639697766753,15.377734265779907,0.00773517662101655,0.10079237007046526,0.0
11748,1.0,0.05,0.00011412639697766753,15.377734265779907,0.00773517662101655,0.10079237007046526,0.0
11749,1.0,0.05,0.00011412639697766753,15.377734265779907,0.00773517662101655,0.10079237007046526,0.0
11750,1.0,0.05,0.000122769274646233,15.377734265779907,0.00773517662101655,0.09777713722956556,0.0
11751,1.0,0.05,0.00012259846271772196,15.377734265779907,0.006674874379484445,0.09777713722956556,0.0
11752,1.0,0.05,0.00012259846271772196,15.377734265779907,0.006674874379484445,0.09777713722956556,0.0
11753,1.0,0.05,0.00012259846271772196,15.377734265779907,0.006674874379484445,0.09777713722956556,0.0
11754,1.0,0.05,0.00012259846271772196,13.067722084200753,0.006510405557921484,0.09777713722956556,0.0
11755,1.0,0.05,0.00012259846271772196,13.067722084200753,0.00581111454937938,0.0948049255275007,0.0
11756,1.0,0.05,0.00012259846271772196,13.067722084200753,0.00777250644684577,0.0948049255275007,0.0
11757,1.0,0.05,0.00012259846271772196,13.067722084200753,0.00777250644684577,0.14826885865616385,0.0
11758,1.0,0.05,0.00012259846271772196,13.067722084200753,0.00777250644684577,0.14826885865616385,0.0
11759,1.0,0.05,0.00012259846271772196,5.4539056638533765,0.00777250644684577,0.14826885865616385,0.0
11760,1.0,0.05,0.00012259846271772196,5.4539056638533765,0.007301343839767345,0.14826885865616385,0.0
11761,1.0,0.05,0.00012259846271772196,5.4539056638533765,0.007301343839767345,0.14826885865616385,0.0
11762,1.0,0.05,0.00012259846271772196,5.4539056638533765,0.007233264497198441,0.14826885865616385,0.0
11763,1.0,0.05,0.00012259846271772196,5.4539056638533765,0.007233264497198441,0.14826885865616385,0.0
11764,1.0,0.05,0.00012259846271772196,12.715056225509642,0.007233264497198441,0.14826885865616385,0.0
11765,1.0,0.05,0.00012259846271772196,12.715056225509642,0.007233264497198441,0.14826885865616385,0.0
11766,1.0,0.05,0.00012259846271772196,12.715056225509642,0.007233264497198441,0.14826885865616385,0.0
11767,1.0,0.05,0.00012259846271772196,12.715056225509642,0.007233264497198441,0.14826885865616385,0.0
11768,1.0,0.05,0.0001200440290155608,5.663649761526486,0.007233264497198441,0.14826885865616385,0.0
11769,1.0,0.05,0.0001200440290155608,5.663649761526486,0.007233264497198441,0.14826885865616385,0.0
11770,1.0,0.05,0.0001200440290155608,5.663649761526486,0.006471244702724191,0.14826885865616385,0.0
11771,1.0,0.05,0.0001200440290155608,5.663649761526486,0.006486023886633235,0.1546380122862539,0.0
11772,1.0,0.05,0.0001200440290155608,5.663649761526486,0.006486023886633235,0.1546380122862539,0.0
11773,1.0,0.05,0.0001200440290155608,5.663649761526486,0.006486023886633235,0.1546380122862539,0.0
11774,1.0,0.05,0.0001200440290155608,6.162590809950075,0.006486023886633235,0.15123386629233254,0.0
11775,1.0,0.05,0.0001200440290155608,6.162590809950075,0.006486023886633235,0.15123386629233254,0.0
11776,1.0,0.05,0.0001200440290155608,6.162590809950075,0.006486023886633235,0.15123386629233254,0.0
11777,1.0,0.05,0.0001200440290155608,6.162590809950075,0.006486023886633235,0.15123386629233254,0.0
11778,1.0,0.05,0.0001200440290155608,6.162590809950075,0.00792781203965128,0.15123386629233254,0.0
11779,1.0,0.05,0.0001200440290155608,6.162590809950075,0.00792781203965128,0.15123386629233254,0.0
11780,1.0,0.05,0.0001200440290155608,6.162590809950075,0.00792781203965128,0.15123386629233254,0.0
11781,1.0,0.05,0.0001200440290155608,6.162590809950075,0.00792781203965128,0.15123386629233254,0.0
11782,1.0,0.05,0.0001200440290155608,6.162590809950075,0.00792781203965128,0.15123386629233254,0.0
11783,1.0,0.05,0.0001200440290155608,6.162590809950075,0.00792781203965128,0.15123386629233254,0.0
11784,1.0,0.05,0.0001200440290155608,6.162590809950075,0.00792781203965128,0.15123386629233254,0.0
11785,1.0,0.05,0.0001200440290155608,6.162590809950075,0.008250085280098834,0.15123386629233254,0.0
11786,1.0,0.05,0.0001200440290155608,6.162590809950075,0.008250085280098834,0.15123386629233254,0.0
11787,1.0,0.05,0.0001300459621644502,6.162590809950075,0.006064022498376686,0.15123386629233254,0.0
11788,1.0,0.05,0.0001300459621644502,7.921156872434281,0.006064022498376686,0.15123386629233254,0.0
11789,1.0,0.05,0.0001300459621644502,7.921156872434281,0.006064022498376686,0.15123386629233254,0.0
11790,1.0,0.05,0.0001300459621644502,7.921156872434281,0.006064022498376686,0.15123386629233254,0.0
11791,1.0,0.05,0.00011677111186341142,7.921156872434281,0.006064022498376686,0.15123386629233254,0.0
11792,1.0,0.05,0.00011677111186341142,7.921156872434281,0.006064022498376686,0.15123386629233254,0.0
11793,1.0,0.05,0.00011677111186341142,7.921156872434281,0.006064022498376686,0.15123386629233254,0.0
11794,1.0,0.05,0.00011677111186341142,7.921156872434281,0.0071007170744059505,0.15123386629233254,0.0
11795,1.0,0.05,0.00011677111186341142,7.921156872434281,0.0071007170744059505,0.15123386629233254,0.0
11796,1.0,0.05,0.00011677111186341142,7.921156872434281,0.0071007170744059505,0.15123386629233254,0.0
11797,1.0,0.05,0.0001249151554106343,7.921156872434281,0.0071007170744059505,0.15123386629233254,0.0
11798,1.0,0.05,0.0001207153773285343,7.921156872434281,0.0071007170744059505,0.15123386629233254,0.0
11799,1.0,0.05,0.0001207153773285343,7.921156872434281,0.0071007170744059505,0.15123386629233254,0.0
11800,1.0,0.05,0.0001207153773285343,7.921156872434281,0.0071007170744059505,0.15123386629233254,0.0
11801,1.0,0.05,0.0001207153773285343,7.921156872434281,0.0071007170744059505,0.15123386629233254,0.0
11802,1.0,0.05,0.0001207153773285343,7.921156872434281,0.00716627735309476,0.15123386629233254,0.0
11803,1.0,0.05,0.0001207153773285343,9.0676615928067,0.00716627735309476,0.15152730745450932,0.0
11804,1.0,0.05,0.0001207153773285343,8.195386274303644,0.00716627735309476,0.15152730745450932,0.0
11805,1.0,0.05,0.0001207153773285343,8.195386274303644,0.00716627735309476,0.15152730745450932,0.0
11806,1.0,0.05,0.0001207153773285343,8.195386274303644,0.00716627735309476,0.15152730745450932,0.0
11807,1.0,0.05,0.0001207153773285343,8.195386274303644,0.00716627735309476,0.15152730745450932,0.0
11808,1.0,0.05,0.0001207153773285343,8.195386274303644,0.00716627735309476,0.15152730745450932,0.0
11809,1.0,0.05,0.0001207153773285343,6.8305659467225155,0.00716627735309476,0.16823338201135563,0.0
11810,1.0,0.05,0.0001207153773285343,6.8305659467225155,0.0072335490456157826,0.1586680099485324,0.0
11811,1.0,0.05,0.0001207153773285343,6.8305659467225155,0.0072335490456157826,0.1586680099485324,0.0
11812,1.0,0.05,0.0001207153773285343,6.8305659467225155,0.0072335490456157826,0.1586680099485324,0.0
11813,1.0,0.05,0.0001207153773285343,6.5624212754043185,0.007082486420074269,0.1586680099485324,0.0
11814,1.0,0.05,0.00012256107155090483,6.5624212754043185,0.006015423450984248,0.13900457685465015,0.0
11815,1.0,0.05,0.00012256107155090483,6.5624212754043185,0.006015423450984248,0.13900457685465015,0.0
11816,1.0,0.05,0.00012256107155090483,6.5624212754043185,0.006015423450984248,0.13740448615452272,0.0
11817,1.0,0.05,0.00012256107155090483,6.5624212754043185,0.006015423450984248,0.13740448615452272,0.0
11818,1.0,0.05,0.00012256107155090483,6.5624212754043185,0.006015423450984248,0.13740448615452272,0.0
11819,1.0,0.05,0.00012256107155090483,6.5624212754043185,0.006015423450984248,0.13740448615452272,0.0
11820,1.0,0.05,0.00012407575319166466,6.5624212754043185,0.006130756431702472,0.11288283858932802,0.0
11821,1.0,0.05,0.00012407575319166466,6.5624212754043185,0.006130756431702472,0.11288283858932802,0.0
11822,1.0,0.05,0.00012792197688738045,6.5624212754043185,0.006130756431702472,0.11356012330278764,0.0
11823,1.0,0.05,0.00012792197688738045,6.5624212754043185,0.006130756431702472,0.11356012330278764,0.0
11824,1.0,0.05,0.00012792197688738045,6.5624212754043185,0.006130756431702472,0.12445721258740011,0.0
11825,1.0,0.05,0.00012792197688738045,6.5624212754043185,0.006130756431702472,0.12445721258740011,0.0
11826,1.0,0.05,0.00012792197688738045,6.5624212754043185,0.006130756431702472,0.12445721258740011,0.0
11827,1.0,0.05,0.00012792197688738045,9.957419810500042,0.006130756431702472,0.12445721258740011,0.0
11828,1.0,0.05,0.00012792197688738045,9.957419810500042,0.006130756431702472,0.12445721258740011,0.0
11829,1.0,0.05,0.00012792197688738045,9.957419810500042,0.006130756431702472,0.12445721258740011,0.0
11830,1.0,0.05,0.00012792197688738045,9.957419810500042,0.006130756431702472,0.12445721258740011,0.0
11831,1.0,0.05,0.00012470571245684706,9.957419810500042,0.006130756431702472,0.12445721258740011,0.0
11832,1.0,0.05,0.00012470571245684706,9.957419810500042,0.006130756431702472,0.12445721258740011,0.0
11833,1.0,0.05,0.00012470571245684706,9.957419810500042,0.006130756431702472,0.12445721258740011,0.0
11834,1.0,0.05,0.00012470571245684706,9.957419810500042,0.006130756431702472,0.12445721258740011,0.0
11835,1.0,0.05,0.00012470571245684706,9.957419810500042,0.007083066516036433,0.12445721258740011,0.0
11836,1.0,0.05,0.00012470571245684706,9.957419810500042,0.007083066516036433,0.12445721258740011,0.0
11837,1.0,0.05,0.00012470571245684706,9.957419810500042,0.007083066516036433,0.12445721258740011,0.0
11838,1.0,0.05,0.00012470571245684706,9.957419810500042,0.007083066516036433,0.12445721258740011,0.0
11839,1.0,0.05,0.00012470571245684706,9.957419810500042,0.006685939119306694,0.1317621509311569,0.0
11840,1.0,0.05,0.00012470571245684706,9.957419810500042,0.006685939119306694,0.1317621509311569,0.0
11841,1.0,0.05,0.00012470571245684706,9.957419810500042,0.006685939119306694,0.1317621509311569,0.0
11842,1.0,0.05,0.00011997603516492352,9.957419810500042,0.006685939119306694,0.1317621509311569,0.0
11843,1.0,0.05,0.00011997603516492352,9.957419810500042,0.006685939119306694,0.1317621509311569,0.0
11844,1.0,0.05,0.00011997603516492352,9.957419810500042,0.006685939119306694,0.1317621509311569,0.0
11845,1.0,0.05,0.00011997603516492352,9.957419810500042,0.006685939119306694,0.1317621509311569,0.0
11846,1.0,0.05,0.00011698293865035895,11.814267375054982,0.006685939119306694,0.1317621509311569,0.0
11847,1.0,0.05,0.00012466984682097358,11.814267375054982,0.006685939119306694,0.1317621509311569,0.0
11848,1.0,0.05,0.00012466984682097358,11.814267375054982,0.006685939119306694,0.1317621509311569,0.0
11849,1.0,0.05,0.00012466984682097358,11.814267375054982,0.006685939119306694,0.13507541195729433,0.0
11850,1.0,0.05,0.00012466984682097358,11.814267375054982,0.006685939119306694,0.13507541195729433,0.0
11851,1.0,0.05,0.00012466984682097358,11.814267375054982,0.006685939119306694,0.13507541195729433,0.0
11852,1.0,0.05,0.00012271850808767253,6.711992280633197,0.006685939119306694,0.13507541195729433,0.0
11853,1.0,0.05,0.00012271850808767253,7.332513563847101,0.006685939119306694,0.13507541195729433,0.0
11854,1.0,0.05,0.00012271850808767253,7.332513563847101,0.006685939119306694,0.13507541195729433,0.0
11855,1.0,0.05,0.00012271850808767253,7.332513563847101,0.006685939119306694,0.13507541195729433,0.0
11856,1.0,0.05,0.00012271850808767253,7.332513563847101,0.006685939119306694,0.13507541195729433,0.0
11857,1.0,0.05,0.00012271850808767253,7.332513563847101,0.006685939119306694,0.17204831462502806,0.0
11858,1.0,0.05,0.00012271850808767253,7.332513563847101,0.006685939119306694,0.17204831462502806,0.0
11859,1.0,0.05,0.00012271850808767253,7.332513563847101,0.006685939119306694,0.17204831462502806,0.0
11860,1.0,0.05,0.00012271850808767253,7.332513563847101,0.006685939119306694,0.17204831462502806,0.0
11861,1.0,0.05,0.00012271850808767253,7.332513563847101,0.006685939119306694,0.17204831462502806,0.0
11862,1.0,0.05,0.00012271850808767253,7.332513563847101,0.006685939119306694,0.17204831462502806,0.0
11863,1.0,0.05,0.00012271850808767253,7.332513563847101,0.006479026004605423,0.17204831462502806,0.0
11864,1.0,0.05,0.00012271850808767253,7.332513563847101,0.006432151145205333,0.17204831462502806,0.0
11865,1.0,0.05,0.00012271850808767253,7.332513563847101,0.006311026078822462,0.1331470351209874,0.0
11866,1.0,0.05,0.00012271850808767253,8.434432756460964,0.006311026078822462,0.1331470351209874,0.0
11867,1.0,0.05,0.00011912817435658607,8.434432756460964,0.006311026078822462,0.15889748060930015,0.0
11868,1.0,0.05,0.00011912817435658607,9.44459280597674,0.006311026078822462,0.15889748060930015,0.0
11869,1.0,0.05,0.00011912817435658607,9.44459280597674,0.006311026078822462,0.15889748060930015,0.0
11870,1.0,0.05,0.00011912817435658607,9.44459280597674,0.006311026078822462,0.15889748060930015,0.0
11871,1.0,0.05,0.00011912817435658607,9.44459280597674,0.006718810492128185,0.15889748060930015,0.0
11872,1.0,0.05,0.00011912817435658607,9.44459280597674,0.006718810492128185,0.15889748060930015,0.0
11873,1.0,0.05,0.00011912817435658607,9.44459280597674,0.006718810492128185,0.15889748060930015,0.0
11874,1.0,0.05,0.00011912817435658607,9.44459280597674,0.006718810492128185,0.15889748060930015,0.0
11875,1.0,0.05,0.00011912817435658607,9.44459280597674,0.006718810492128185,0.15889748060930015,0.0
11876,1.0,0.05,0.00011912817435658607,9.44459280597674,0.006718810492128185,0.15889748060930015,0.0
11877,1.0,0.05,0.00011912817435658607,9.44459280597674,0.006898312255579059,0.15889748060930015,0.0
11878,1.0,0.05,0.00011912817435658607,9.44459280597674,0.006898312255579059,0.15889748060930015,0.0
11879,1.0,0.05,0.00011912817435658607,12.229101677160273,0.007922785297990835,0.14920302571492594,0.0
11880,1.0,0.05,0.00011912817435658607,12.229101677160273,0.007922785297990835,0.14920302571492594,0.0
11881,1.0,0.05,0.00011912817435658607,12.229101677160273,0.00790814406691303,0.14920302571492594,0.0
11882,1.0,0.05,0.00011912817435658607,10.509058987763396,0.00790814406691303,0.14920302571492594,0.0
11883,1.0,0.05,0.00011912817435658607,10.509058987763396,0.007189915501984129,0.15448643710393445,0.0
11884,1.0,0.05,0.00011912817435658607,10.509058987763396,0.007189915501984129,0.15448643710393445,0.0
11885,1.0,0.05,0.00011912817435658607,10.509058987763396,0.007189915501984129,0.1319240768616599,0.0
11886,1.0,0.05,0.00011912817435658607,10.509058987763396,0.007189915501984129,0.1319240768616599,0.0
11887,1.0,0.05,0.00011912817435658607,10.509058987763396,0.007314272830250369,0.1319240768616599,0.0
11888,1.0,0.05,0.00011912817435658607,11.727780815378154,0.007314272830250369,0.1319240768616599,0.0
11889,1.0,0.05,0.00011912817435658607,11.727780815378154,0.007314272830250369,0.1319240768616599,0.0
11890,1.0,0.05,0.00011912817435658607,11.727780815378154,0.007314272830250369,0.1276307989713416,0.0
11891,1.0,0.05,0.00011912817435658607,11.727780815378154,0.007314272830250369,0.1276307989713416,0.0
11892,1.0,0.05,0.00011912817435658607,11.727780815378154,0.007762487562826091,0.1276307989713416,0.0
11893,1.0,0.05,0.00011912817435658607,11.727780815378154,0.007762487562826091,0.17481694266976852,0.0
11894,1.0,0.05,0.00011912817435658607,11.727780815378154,0.007762487562826091,0.17481694266976852,0.0
11895,1.0,0.05,0.00010798936149603097,11.727780815378154,0.007242646756506674,0.17481694266976852,0.0
11896,1.0,0.05,0.00010798936149603097,11.727780815378154,0.007242646756506674,0.19092870365897213,0.0
11897,1.0,0.05,0.00010798936149603097,11.727780815378154,0.007242646756506674,0.19092870365897213,0.0
11898,1.0,0.05,0.00010995840779225921,11.727780815378154,0.007242646756506674,0.19092870365897213,0.0
11899,1.0,0.05,0.00010995840779225921,11.727780815378154,0.007242646756506674,0.19092870365897213,0.0
11900,1.0,0.05,0.00010995840779225921,11.727780815378154,0.007242646756506674,0.19092870365897213,0.0
11901,1.0,0.05,0.00010995840779225921,11.727780815378154,0.008841142291870632,0.19092870365897213,0.0
11902,1.0,0.05,0.00010995840779225921,11.727780815378154,0.008841142291870632,0.15059747956752662,0.0
11903,1.0,0.05,0.00010995840779225921,11.727780815378154,0.008099099282664354,0.15059747956752662,0.0
11904,1.0,0.05,0.00010995840779225921,8.73935680105562,0.008593148220594597,0.19714481061164538,0.0
11905,1.0,0.05,0.00010995840779225921,8.73935680105562,0.008593148220594597,0.19714481061164538,0.0
11906,1.0,0.05,0.00010995840779225921,8.73935680105562,0.008593148220594597,0.19714481061164538,0.0
11907,1.0,0.05,0.00010995840779225921,8.73935680105562,0.008593148220594597,0.18629800215022702,0.0
11908,1.0,0.05,0.00010995840779225921,8.73935680105562,0.006997432364507958,0.18629800215022702,0.0
11909,1.0,0.05,0.00011156816865728395,8.73935680105562,0.006997432364507958,0.18629800215022702,0.0
11910,1.0,0.05,0.00011156816865728395,12.50612854726809,0.006997432364507958,0.12557540710078408,0.0
11911,1.0,0.05,0.00011156816865728395,12.50612854726809,0.006997432364507958,0.12557540710078408,0.0
11912,1.0,0.05,0.00011156816865728395,12.50612854726809,0.006997432364507958,0.1298298961339472,0.0
11913,1.0,0.05,0.00011156816865728395,12.50612854726809,0.006997432364507958,0.1298298961339472,0.0
11914,1.0,0.05,0.00011156816865728395,12.50612854726809,0.006997432364507958,0.1298298961339472,0.0
11915,1.0,0.05,0.00011156816865728395,12.50612854726809,0.006997432364507958,0.1298298961339472,0.0
11916,1.0,0.05,0.00011156816865728395,12.50612854726809,0.006997432364507958,0.1298298961339472,0.0
11917,1.0,0.05,0.00012780471297106763,11.983724809006986,0.006997432364507958,0.1298298961339472,0.0
11918,1.0,0.05,0.00012780471297106763,11.983724809006986,0.007159681555577629,0.1298298961339472,0.0
11919,1.0,0.05,0.00012780471297106763,11.983724809006986,0.007159681555577629,0.1298298961339472,0.0
11920,1.0,0.05,0.00012986101281265775,11.983724809006986,0.007159681555577629,0.1298298961339472,0.0
11921,1.0,0.05,0.00012986101281265775,11.983724809006986,0.007159681555577629,0.08815911891735272,0.0
11922,1.0,0.05,0.00012986101281265775,11.983724809006986,0.007159681555577629,0.08815911891735272,0.0
11923,1.0,0.05,0.00012986101281265775,11.983724809006986,0.006363443988844745,0.08815911891735272,0.0
11924,1.0,0.05,0.00013010177478232665,11.983724809006986,0.006363443988844745,0.08815911891735272,0.0
11925,1.0,0.05,0.00013010177478232665,11.983724809006986,0.006363443988844745,0.08815911891735272,0.0
11926,1.0,0.05,0.00013010177478232665,11.983724809006986,0.006363443988844745,0.08815911891735272,0.0
11927,1.0,0.05,0.00013010177478232665,11.983724809006986,0.006363443988844745,0.08815911891735272,0.0
11928,1.0,0.05,0.00013010177478232665,11.983724809006986,0.006363443988844745,0.08815911891735272,0.0
11929,1.0,0.05,0.00013010177478232665,11.983724809006986,0.006363443988844745,0.08815911891735272,0.0
11930,1.0,0.05,0.00013010177478232665,11.983724809006986,0.006363443988844745,0.08815911891735272,0.0
11931,1.0,0.05,0.00013010177478232665,11.983724809006986,0.006363443988844745,0.08815911891735272,0.0
11932,1.0,0.05,0.00013010177478232665,11.983724809006986,0.006363443988844745,0.08815911891735272,0.0
11933,1.0,0.05,0.00012370417091659133,11.983724809006986,0.006363443988844745,0.08815911891735272,0.0
11934,1.0,0.05,0.00012370417091659133,11.983724809006986,0.006363443988844745,0.08815911891735272,0.0
11935,1.0,0.05,0.00012370417091659133,11.983724809006986,0.006363443988844745,0.08815911891735272,0.0
11936,1.0,0.05,0.00012370417091659133,11.983724809006986,0.006363443988844745,0.09789938753252941,0.0
11937,1.0,0.05,0.00012418976931918315,11.983724809006986,0.006363443988844745,0.09789938753252941,0.0
11938,1.0,0.05,0.00012418976931918315,11.983724809006986,0.006363443988844745,0.09789938753252941,0.0
11939,1.0,0.05,0.00012418976931918315,11.66952442329739,0.006363443988844745,0.09789938753252941,0.0
11940,1.0,0.05,0.00012418976931918315,11.66952442329739,0.006363443988844745,0.09789938753252941,0.0
11941,1.0,0.05,0.00012418976931918315,11.66952442329739,0.006363443988844745,0.09789938753252941,0.0
11942,1.0,0.05,0.00012418976931918315,11.66952442329739,0.006363443988844745,0.09789938753252941,0.0
11943,1.0,0.05,0.00012418976931918315,17.741839176275434,0.006600693621490138,0.09789938753252941,0.0
11944,1.0,0.05,0.00012418976931918315,13.987542557965526,0.006600693621490138,0.09789938753252941,0.0
11945,1.0,0.05,0.00012418976931918315,13.987542557965526,0.006600693621490138,0.09789938753252941,0.0
11946,1.0,0.05,0.00012341869132684096,16.08457483970274,0.006373785604590915,0.09789938753252941,0.0
11947,1.0,0.05,0.00012341869132684096,16.08457483970274,0.006373785604590915,0.08091048490772747,0.0
11948,1.0,0.05,0.00012341869132684096,16.08457483970274,0.006373785604590915,0.08091048490772747,0.0
11949,1.0,0.05,0.00012341869132684096,16.08457483970274,0.007407103302301564,0.09247048900264188,0.0
11950,1.0,0.05,0.00012341869132684096,16.08457483970274,0.007407103302301564,0.09247048900264188,0.0
11951,1.0,0.05,0.00012341869132684096,14.321443412341381,0.007407103302301564,0.09247048900264188,0.0
11952,1.0,0.05,0.00012341869132684096,14.321443412341381,0.007407103302301564,0.09247048900264188,0.0
11953,1.0,0.05,0.00012341869132684096,14.321443412341381,0.007407103302301564,0.09247048900264188,0.0
11954,1.0,0.05,0.00012149538957573608,14.321443412341381,0.007407103302301564,0.09247048900264188,0.0
11955,1.0,0.05,0.0001163241070196169,14.321443412341381,0.007407103302301564,0.09247048900264188,0.0
11956,1.0,0.05,0.00011913067537428298,14.321443412341381,0.007407103302301564,0.09247048900264188,0.0
11957,1.0,0.05,0.00011913067537428298,14.321443412341381,0.007407103302301564,0.09247048900264188,0.0
11958,1.0,0.05,0.00011913067537428298,14.321443412341381,0.007407103302301564,0.09247048900264188,0.0
11959,1.0,0.05,0.00011913067537428298,14.321443412341381,0.007407103302301564,0.09247048900264188,0.0
11960,1.0,0.05,0.00011913067537428298,14.321443412341381,0.007132481352981592,0.09247048900264188,0.0
11961,1.0,0.05,0.00011913067537428298,15.420905018215876,0.006897772898081256,0.09247048900264188,0.0
11962,1.0,0.05,0.00011913067537428298,15.420905018215876,0.006897772898081256,0.09247048900264188,0.0
11963,1.0,0.05,0.00011913067537428298,15.420905018215876,0.006897772898081256,0.09247048900264188,0.0
11964,1.0,0.05,0.00011913067537428298,15.420905018215876,0.006897772898081256,0.09247048900264188,0.0
11965,1.0,0.05,0.00011913067537428298,15.420905018215876,0.006897772898081256,0.09247048900264188,0.0
11966,1.0,0.05,0.0001259325647157233,13.532165449186778,0.006897772898081256,0.09247048900264188,0.0
11967,1.0,0.05,0.0001259325647157233,13.532165449186778,0.006897772898081256,0.09247048900264188,0.0
11968,1.0,0.05,0.0001259325647157233,13.532165449186778,0.006897772898081256,0.09247048900264188,0.0
11969,1.0,0.05,0.0001259325647157233,10.394943907063862,0.006897772898081256,0.10761594922074944,0.0
11970,1.0,0.05,0.0001259325647157233,10.394943907063862,0.006897772898081256,0.10761594922074944,0.0
11971,1.0,0.05,0.0001259325647157233,10.394943907063862,0.006897772898081256,0.08961626947667221,0.0
11972,1.0,0.05,0.0001259325647157233,8.552484364146167,0.006897772898081256,0.08961626947667221,0.0
11973,1.0,0.05,0.0001259325647157233,9.716591852485664,0.006897772898081256,0.08961626947667221,0.0
11974,1.0,0.05,0.0001259325647157233,9.716591852485664,0.006774212155407237,0.08961626947667221,0.0
11975,1.0,0.05,0.0001259325647157233,9.716591852485664,0.005880283785653576,0.08961626947667221,0.0
11976,1.0,0.05,0.0001259325647157233,9.716591852485664,0.005880283785653576,0.08961626947667221,0.0
11977,1.0,0.05,0.0001259325647157233,9.716591852485664,0.005880283785653576,0.139352732325019,0.0
11978,1.0,0.05,0.0001259325647157233,9.716591852485664,0.0062122060115698255,0.139352732325019,0.0
11979,1.0,0.05,0.0001259325647157233,7.638083315794873,0.0062122060115698255,0.139352732325019,0.0
11980,1.0,0.05,0.0001259325647157233,5.348684262641896,0.0062122060115698255,0.139352732325019,0.0
11981,1.0,0.05,0.0001259325647157233,5.348684262641896,0.0062122060115698255,0.139352732325019,0.0
11982,1.0,0.05,0.0001259325647157233,5.348684262641896,0.006655184318666679,0.14277810304311214,0.0
11983,1.0,0.05,0.0001259325647157233,5.348684262641896,0.006423457241161454,0.14277810304311214,0.0
11984,1.0,0.05,0.000126268462715666,5.348684262641896,0.007027558104603707,0.14277810304311214,0.0
11985,1.0,0.05,0.000126268462715666,5.348684262641896,0.007233242684095823,0.14277810304311214,0.0
11986,1.0,0.05,0.00012162073896433065,5.348684262641896,0.007233242684095823,0.14277810304311214,0.0
11987,1.0,0.05,0.00012162073896433065,5.348684262641896,0.007233242684095823,0.14277810304311214,0.0
11988,1.0,0.05,0.00012162073896433065,5.348684262641896,0.007233242684095823,0.1471554969833701,0.0
11989,1.0,0.05,0.00012162073896433065,5.348684262641896,0.007233242684095823,0.1471554969833701,0.0
11990,1.0,0.05,0.00012162073896433065,5.348684262641896,0.007233242684095823,0.1471554969833701,0.0
11991,1.0,0.05,0.00011661140994422952,5.348684262641896,0.007233242684095823,0.1268511090013581,0.0
11992,1.0,0.05,0.00011661140994422952,5.348684262641896,0.007233242684095823,0.1268511090013581,0.0
11993,1.0,0.05,0.00012871706358906943,5.348684262641896,0.007233242684095823,0.1268511090013581,0.0
11994,1.0,0.05,0.00012871706358906943,5.348684262641896,0.006579699116323021,0.1268511090013581,0.0
11995,1.0,0.05,0.00012871706358906943,5.348684262641896,0.006579699116323021,0.1413700803223877,0.0
11996,1.0,0.05,0.00012871706358906943,5.348684262641896,0.006579699116323021,0.1413700803223877,0.0
11997,1.0,0.05,0.00012871706358906943,5.348684262641896,0.006579699116323021,0.1413700803223877,0.0
11998,1.0,0.05,0.00012871706358906943,6.586667813639906,0.006044227901101302,0.1413700803223877,0.0
11999,1.0,0.05,0.00012871706358906943,6.586667813639906,0.006044227901101302,0.1413700803223877,0.0
12000,1.0,0.05,0.00012871706358906943,6.586667813639906,0.006044227901101302,0.0935839971274254,0.0
12001,1.0,0.05,0.00012871706358906943,6.586667813639906,0.006044227901101302,0.0935839971274254,0.0
12002,1.0,0.05,0.00012871706358906943,6.586667813639906,0.006054110379046496,0.1259931081497938,0.0
12003,1.0,0.05,0.00012871706358906943,6.586667813639906,0.006054110379046496,0.1259931081497938,0.0
12004,1.0,0.05,0.00012871706358906943,6.586667813639906,0.006054110379046496,0.1259931081497938,0.0
12005,1.0,0.05,0.00012871706358906943,6.586667813639906,0.006391855871197707,0.1259931081497938,0.0
12006,1.0,0.05,0.00012871706358906943,6.586667813639906,0.006391855871197707,0.1259931081497938,0.0
12007,1.0,0.05,0.00012871706358906943,6.586667813639906,0.006729866197167148,0.1259931081497938,0.0
12008,1.0,0.05,0.00012871706358906943,6.586667813639906,0.006729866197167148,0.1259931081497938,0.0
12009,1.0,0.05,0.00011996346866943444,6.586667813639906,0.006729866197167148,0.1259931081497938,0.0
12010,1.0,0.05,0.00011996346866943444,6.586667813639906,0.006729866197167148,0.1259931081497938,0.0
12011,1.0,0.05,0.00011996346866943444,6.586667813639906,0.00709844850831798,0.1259931081497938,0.0
12012,1.0,0.05,0.00011996346866943444,12.162980728222067,0.00709844850831798,0.13064261342967126,0.0
12013,1.0,0.05,0.00011996346866943444,12.162980728222067,0.00709844850831798,0.13064261342967126,0.0
12014,1.0,0.05,0.00011996346866943444,12.162980728222067,0.007355575966099769,0.13064261342967126,0.0
12015,1.0,0.05,0.00011996346866943444,12.162980728222067,0.007037897413925003,0.13064261342967126,0.0
12016,1.0,0.05,0.00011996346866943444,12.162980728222067,0.007037897413925003,0.13064261342967126,0.0
12017,1.0,0.05,0.00011996346866943444,12.36635988421088,0.007037897413925003,0.13064261342967126,0.0
12018,1.0,0.05,0.00011996346866943444,12.36635988421088,0.007037897413925003,0.13064261342967126,0.0
12019,1.0,0.05,0.00011996346866943444,12.36635988421088,0.006838765309110125,0.13064261342967126,0.0
12020,1.0,0.05,0.00011996346866943444,12.36635988421088,0.006838765309110125,0.13064261342967126,0.0
12021,1.0,0.05,0.00011996346866943444,12.36635988421088,0.006838765309110125,0.13064261342967126,0.0
12022,1.0,0.05,0.00011996346866943444,12.36635988421088,0.006838765309110125,0.13064261342967126,0.0
12023,1.0,0.05,0.00011996346866943444,12.36635988421088,0.006838765309110125,0.13064261342967126,0.0
12024,1.0,0.05,0.00011996346866943444,12.36635988421088,0.006838765309110125,0.13064261342967126,0.0
12025,1.0,0.05,0.00011996346866943444,12.36635988421088,0.007107936299081194,0.13064261342967126,0.0
12026,1.0,0.05,0.00011996346866943444,12.36635988421088,0.007107936299081194,0.13064261342967126,0.0
12027,1.0,0.05,0.00011985481912496848,12.36635988421088,0.007107936299081194,0.13064261342967126,0.0
12028,1.0,0.05,0.00011985481912496848,12.36635988421088,0.007107936299081194,0.13064261342967126,0.0
12029,1.0,0.05,0.00011985481912496848,12.36635988421088,0.007107936299081194,0.13064261342967126,0.0
12030,1.0,0.05,0.00011985481912496848,12.36635988421088,0.007107936299081194,0.13064261342967126,0.0
12031,1.0,0.05,0.00011985481912496848,12.36635988421088,0.007107936299081194,0.13064261342967126,0.0
12032,1.0,0.05,0.00011985481912496848,12.36635988421088,0.007107936299081194,0.13064261342967126,0.0
12033,1.0,0.05,0.00011985481912496848,12.36635988421088,0.007099211918670161,0.13064261342967126,0.0
12034,1.0,0.05,0.00011985481912496848,12.36635988421088,0.007099211918670161,0.10777249757558997,0.0
12035,1.0,0.05,0.00011985481912496848,12.36635988421088,0.007099211918670161,0.10777249757558997,0.0
12036,1.0,0.05,0.00011985481912496848,12.36635988421088,0.007099211918670161,0.10777249757558997,0.0
12037,1.0,0.05,0.00011985481912496848,12.36635988421088,0.007099211918670161,0.09749731094141097,0.0
12038,1.0,0.05,0.00012166732355289334,13.912337038660723,0.007099211918670161,0.09749731094141097,0.0
12039,1.0,0.05,0.00012166732355289334,13.912337038660723,0.006442865167377479,0.09749731094141097,0.0
12040,1.0,0.05,0.00012166732355289334,13.912337038660723,0.006442865167377479,0.09749731094141097,0.0
12041,1.0,0.05,0.00012166732355289334,13.912337038660723,0.006442865167377479,0.09056530052478874,0.0
12042,1.0,0.05,0.00012166732355289334,13.912337038660723,0.006902744339765658,0.09056530052478874,0.0
12043,1.0,0.05,0.00012166732355289334,13.912337038660723,0.006902744339765658,0.08298044690256859,0.0
12044,1.0,0.05,0.00012166732355289334,13.912337038660723,0.006902744339765658,0.08298044690256859,0.0
12045,1.0,0.05,0.00012166732355289334,13.912337038660723,0.006902744339765658,0.09925214934799836,0.0
12046,1.0,0.05,0.00012166732355289334,13.912337038660723,0.006902744339765658,0.09925214934799836,0.0
12047,1.0,0.05,0.00012166732355289334,13.912337038660723,0.006902744339765658,0.11364027278166061,0.0
12048,1.0,0.05,0.00012166732355289334,13.912337038660723,0.006902744339765658,0.11364027278166061,0.0
12049,1.0,0.05,0.00012166732355289334,8.735810182742256,0.006902744339765658,0.1301178442701311,0.0
12050,1.0,0.05,0.00012166732355289334,8.735810182742256,0.006902744339765658,0.1301178442701311,0.0
12051,1.0,0.05,0.00012166732355289334,8.735810182742256,0.006902744339765658,0.1301178442701311,0.0
12052,1.0,0.05,0.00012166732355289334,8.735810182742256,0.006902744339765658,0.1301178442701311,0.0
12053,1.0,0.05,0.00012166732355289334,8.735810182742256,0.006902744339765658,0.1301178442701311,0.0
12054,1.0,0.05,0.00012166732355289334,8.735810182742256,0.006269526835547934,0.1301178442701311,0.0
12055,1.0,0.05,0.00012166732355289334,8.735810182742256,0.006269526835547934,0.1301178442701311,0.0
12056,1.0,0.05,0.00012166732355289334,8.735810182742256,0.006269526835547934,0.1301178442701311,0.0
12057,1.0,0.05,0.00012166732355289334,8.735810182742256,0.006269526835547934,0.13625689624511148,0.0
12058,1.0,0.05,0.00012166732355289334,8.735810182742256,0.006866993086859281,0.13625689624511148,0.0
12059,1.0,0.05,0.00012166732355289334,8.735810182742256,0.006866993086859281,0.13625689624511148,0.0
12060,1.0,0.05,0.00012166732355289334,8.735810182742256,0.006866993086859281,0.13625689624511148,0.0
12061,1.0,0.05,0.00012166732355289334,7.138628518868771,0.006866993086859281,0.13625689624511148,0.0
12062,1.0,0.05,0.00012166732355289334,7.138628518868771,0.006866993086859281,0.13625689624511148,0.0
12063,1.0,0.05,0.00012166732355289334,10.321197204070458,0.006866993086859281,0.13625689624511148,0.0
12064,1.0,0.05,0.00012166732355289334,10.321197204070458,0.007254361168058647,0.13625689624511148,0.0
12065,1.0,0.05,0.0001216924662134115,11.411387620920749,0.007254361168058647,0.13625689624511148,0.0
12066,1.0,0.05,0.0001216924662134115,11.411387620920749,0.007254361168058647,0.13625689624511148,0.0
12067,1.0,0.05,0.0001216924662134115,9.972725468029026,0.007254361168058647,0.13625689624511148,0.0
12068,1.0,0.05,0.0001216924662134115,9.972725468029026,0.0069478040653526765,0.13625689624511148,0.0
12069,1.0,0.05,0.0001216924662134115,9.972725468029026,0.0069478040653526765,0.13625689624511148,0.0
12070,1.0,0.05,0.0001216924662134115,9.972725468029026,0.0069478040653526765,0.13625689624511148,0.0
12071,1.0,0.05,0.0001216924662134115,9.972725468029026,0.0069478040653526765,0.13625689624511148,0.0
12072,1.0,0.05,0.0001216924662134115,9.972725468029026,0.0069478040653526765,0.13625689624511148,0.0
12073,1.0,0.05,0.0001216924662134115,12.993961223000625,0.0069478040653526765,0.13625689624511148,0.0
12074,1.0,0.05,0.0001216924662134115,12.993961223000625,0.0069478040653526765,0.13625689624511148,0.0
12075,1.0,0.05,0.0001216924662134115,12.993961223000625,0.0069478040653526765,0.13625689624511148,0.0
12076,1.0,0.05,0.0001216924662134115,12.993961223000625,0.0069478040653526765,0.08965689846866487,0.0
12077,1.0,0.05,0.0001216924662134115,12.993961223000625,0.006430631558222697,0.08965689846866487,0.0
12078,1.0,0.05,0.00012115516768040063,12.993961223000625,0.00674521127708467,0.09221439607346413,0.0
12079,1.0,0.05,0.00012115516768040063,12.993961223000625,0.00674521127708467,0.09221439607346413,0.0
12080,1.0,0.05,0.00012115516768040063,12.993961223000625,0.00674521127708467,0.09413684927087303,0.0
12081,1.0,0.05,0.00012115516768040063,12.993961223000625,0.00674521127708467,0.11997406691001977,0.0
12082,1.0,0.05,0.00012115516768040063,12.993961223000625,0.00674521127708467,0.11997406691001977,0.0
12083,1.0,0.05,0.00012115516768040063,12.993961223000625,0.00674521127708467,0.11997406691001977,0.0
12084,1.0,0.05,0.00012115516768040063,12.993961223000625,0.007226707376345832,0.11997406691001977,0.0
12085,1.0,0.05,0.00012115516768040063,12.012805404012482,0.007226707376345832,0.11997406691001977,0.0
12086,1.0,0.05,0.00012115516768040063,12.012805404012482,0.007226707376345832,0.11997406691001977,0.0
12087,1.0,0.05,0.00012115516768040063,12.012805404012482,0.007226707376345832,0.11997406691001977,0.0
12088,1.0,0.05,0.00012115516768040063,12.012805404012482,0.007226707376345832,0.11997406691001977,0.0
12089,1.0,0.05,0.00012115516768040063,12.012805404012482,0.007226707376345832,0.11997406691001977,0.0
12090,1.0,0.05,0.00012115516768040063,12.012805404012482,0.007226707376345832,0.11997406691001977,0.0
12091,1.0,0.05,0.00012115516768040063,13.208689306733106,0.007226707376345832,0.11997406691001977,0.0
12092,1.0,0.05,0.00012324810999440221,13.208689306733106,0.007226707376345832,0.11997406691001977,0.0
12093,1.0,0.05,0.00011298319007830054,13.208689306733106,0.007226707376345832,0.11997406691001977,0.0
12094,1.0,0.05,0.00011298319007830054,13.208689306733106,0.007226707376345832,0.11965889914608954,0.0
12095,1.0,0.05,0.00011298319007830054,13.208689306733106,0.007226707376345832,0.11965889914608954,0.0
12096,1.0,0.05,0.00011298319007830054,13.208689306733106,0.007226707376345832,0.11965889914608954,0.0
12097,1.0,0.05,0.00011696364430750001,13.208689306733106,0.007226707376345832,0.11965889914608954,0.0
12098,1.0,0.05,0.00011696364430750001,13.208689306733106,0.007226707376345832,0.11965889914608954,0.0
12099,1.0,0.05,0.00011696364430750001,13.208689306733106,0.007226707376345832,0.11965889914608954,0.0
12100,1.0,0.05,0.00011696364430750001,16.802581207973134,0.007226707376345832,0.12601195073931928,0.0
12101,1.0,0.05,0.00011696364430750001,16.802581207973134,0.007226707376345832,0.12601195073931928,0.0
12102,1.0,0.05,0.00011696364430750001,16.802581207973134,0.007226707376345832,0.12601195073931928,0.0
12103,1.0,0.05,0.00011696364430750001,16.802581207973134,0.007226707376345832,0.12601195073931928,0.0
12104,1.0,0.05,0.00011696364430750001,16.802581207973134,0.007226707376345832,0.09893519287556016,0.0
12105,1.0,0.05,0.00011696364430750001,16.802581207973134,0.007226707376345832,0.11408091966503756,0.0
12106,1.0,0.05,0.00011696364430750001,9.903020855786664,0.007226707376345832,0.11408091966503756,0.0
12107,1.0,0.05,0.00011696364430750001,9.069067121071143,0.006814191885677394,0.11408091966503756,0.0
12108,1.0,0.05,0.00011696364430750001,9.069067121071143,0.006814191885677394,0.11408091966503756,0.0
12109,1.0,0.05,0.00011696364430750001,10.873962872126654,0.006814191885677394,0.11408091966503756,0.0
12110,1.0,0.05,0.00011696364430750001,10.873962872126654,0.006814191885677394,0.12547533770157815,0.0
12111,1.0,0.05,0.00011696364430750001,10.873962872126654,0.00747739947087405,0.12547533770157815,0.0
12112,1.0,0.05,0.00011696364430750001,11.226966859904081,0.00747739947087405,0.12547533770157815,0.0
12113,1.0,0.05,0.00011696364430750001,11.226966859904081,0.007142550293313479,0.12547533770157815,0.0
12114,1.0,0.05,0.00011696364430750001,11.226966859904081,0.007142550293313479,0.12547533770157815,0.0
12115,1.0,0.05,0.00011696364430750001,11.226966859904081,0.007142550293313479,0.12547533770157815,0.0
12116,1.0,0.05,0.00011696364430750001,11.226966859904081,0.007142550293313479,0.12547533770157815,0.0
12117,1.0,0.05,0.00011696364430750001,11.226966859904081,0.007142550293313479,0.12547533770157815,0.0
12118,1.0,0.05,0.00011696364430750001,11.030215074188646,0.007142550293313479,0.12547533770157815,0.0
12119,1.0,0.05,0.00011696364430750001,12.381457344236878,0.007142550293313479,0.12835554316925069,0.0
12120,1.0,0.05,0.00011696364430750001,12.381457344236878,0.007142550293313479,0.12835554316925069,0.0
12121,1.0,0.05,0.00011696364430750001,12.381457344236878,0.007142550293313479,0.12835554316925069,0.0
12122,1.0,0.05,0.00011696364430750001,12.68151844495604,0.007142550293313479,0.12835554316925069,0.0
12123,1.0,0.05,0.00011696364430750001,12.68151844495604,0.007142550293313479,0.12835554316925069,0.0
12124,1.0,0.05,0.00011696364430750001,12.68151844495604,0.007142550293313479,0.12835554316925069,0.0
12125,1.0,0.05,0.00011696364430750001,12.68151844495604,0.007142550293313479,0.12835554316925069,0.0
12126,1.0,0.05,0.00011696364430750001,12.68151844495604,0.007142550293313479,0.12835554316925069,0.0
12127,1.0,0.05,0.00011696364430750001,12.62840190651147,0.006783778209326315,0.12835554316925069,0.0
12128,1.0,0.05,0.00011696364430750001,12.62840190651147,0.006783778209326315,0.12835554316925069,0.0
12129,1.0,0.05,0.00011696364430750001,12.62840190651147,0.006783778209326315,0.12835554316925069,0.0
12130,1.0,0.05,0.00011696364430750001,12.62840190651147,0.006836395056695912,0.12835554316925069,0.0
12131,1.0,0.05,0.00011696364430750001,12.62840190651147,0.006836395056695912,0.12835554316925069,0.0
12132,1.0,0.05,0.00011696364430750001,12.62840190651147,0.006836395056695912,0.12835554316925069,0.0
12133,1.0,0.05,0.00011696364430750001,12.62840190651147,0.006836395056695912,0.12835554316925069,0.0
12134,1.0,0.05,0.0001141683934073556,12.62840190651147,0.006836395056695912,0.12835554316925069,0.0
12135,1.0,0.05,0.0001141683934073556,12.62840190651147,0.006836395056695912,0.12835554316925069,0.0
12136,1.0,0.05,0.0001141683934073556,12.62840190651147,0.006836395056695912,0.12835554316925069,0.0
12137,1.0,0.05,0.0001141683934073556,12.62840190651147,0.006836395056695912,0.12835554316925069,0.0
12138,1.0,0.05,0.0001141683934073556,12.62840190651147,0.006836395056695912,0.12835554316925069,0.0
12139,1.0,0.05,0.0001141683934073556,12.62840190651147,0.00847993217863583,0.12835554316925069,0.0
12140,1.0,0.05,0.0001141683934073556,12.62840190651147,0.006706405426323723,0.12835554316925069,0.0
12141,1.0,0.05,0.0001141683934073556,12.62840190651147,0.007430574681993477,0.12835554316925069,0.0
12142,1.0,0.05,0.0001141683934073556,12.62840190651147,0.007430574681993477,0.12835554316925069,0.0
12143,1.0,0.05,0.0001141683934073556,12.62840190651147,0.007430574681993477,0.12835554316925069,0.0
12144,1.0,0.05,0.0001141683934073556,12.62840190651147,0.007430574681993477,0.12835554316925069,0.0
12145,1.0,0.05,0.0001141683934073556,12.62840190651147,0.007430574681993477,0.12835554316925069,0.0
12146,1.0,0.05,0.0001141683934073556,12.62840190651147,0.007430574681993477,0.12835554316925069,0.0
12147,1.0,0.05,0.0001141683934073556,12.62840190651147,0.007677605931113947,0.12835554316925069,0.0
12148,1.0,0.05,0.0001141683934073556,12.62840190651147,0.007016720352462388,0.12835554316925069,0.0
12149,1.0,0.05,0.00012133307845405121,12.62840190651147,0.007016720352462388,0.12835554316925069,0.0
12150,1.0,0.05,0.00012133307845405121,12.62840190651147,0.008039203416255821,0.12835554316925069,0.0
12151,1.0,0.05,0.00012133307845405121,12.62840190651147,0.008143877930297739,0.12835554316925069,0.0
12152,1.0,0.05,0.00012133307845405121,12.62840190651147,0.008197467280313408,0.10638224437534614,0.0
12153,1.0,0.05,0.00012133307845405121,12.62840190651147,0.008197467280313408,0.10638224437534614,0.0
12154,1.0,0.05,0.00012133307845405121,12.62840190651147,0.008197467280313408,0.10638224437534614,0.0
12155,1.0,0.05,0.00012133307845405121,12.62840190651147,0.008197467280313408,0.10638224437534614,0.0
12156,1.0,0.05,0.00012133307845405121,12.62840190651147,0.008197467280313408,0.10638224437534614,0.0
12157,1.0,0.05,0.00012133307845405121,12.62840190651147,0.005845293390295009,0.10638224437534614,0.0
12158,1.0,0.05,0.00012133307845405121,12.62840190651147,0.005845293390295009,0.10638224437534614,0.0
12159,1.0,0.05,0.00012133307845405121,12.62840190651147,0.005845293390295009,0.10638224437534614,0.0
12160,1.0,0.05,0.00012133307845405121,12.62840190651147,0.005845293390295009,0.10638224437534614,0.0
12161,1.0,0.05,0.00012133307845405121,12.62840190651147,0.005845293390295009,0.10638224437534614,0.0
12162,1.0,0.05,0.00012133307845405121,12.62840190651147,0.006752468136796,0.10638224437534614,0.0
12163,1.0,0.05,0.00012133307845405121,12.62840190651147,0.006752468136796,0.10638224437534614,0.0
12164,1.0,0.05,0.00012133307845405121,12.62840190651147,0.006752468136796,0.10638224437534614,0.0
12165,1.0,0.05,0.00012133307845405121,12.62840190651147,0.006752468136796,0.11984722232830732,0.0
12166,1.0,0.05,0.00012133307845405121,12.62840190651147,0.006752468136796,0.11984722232830732,0.0
12167,1.0,0.05,0.00012133307845405121,12.62840190651147,0.006752468136796,0.11984722232830732,0.0
12168,1.0,0.05,0.00012133307845405121,12.62840190651147,0.006752468136796,0.11984722232830732,0.0
12169,1.0,0.05,0.00012208940657968713,12.62840190651147,0.006752468136796,0.11984722232830732,0.0
12170,1.0,0.05,0.00012208940657968713,12.62840190651147,0.006752468136796,0.11984722232830732,0.0
12171,1.0,0.05,0.00012016436496235504,12.62840190651147,0.006752468136796,0.11984722232830732,0.0
12172,1.0,0.05,0.00012016436496235504,12.62840190651147,0.006752468136796,0.11984722232830732,0.0
12173,1.0,0.05,0.00012016436496235504,7.2353400770347065,0.006752468136796,0.11984722232830732,0.0
12174,1.0,0.05,0.00012016436496235504,7.2353400770347065,0.006752468136796,0.16452195034711348,0.0
12175,1.0,0.05,0.00012016436496235504,7.2353400770347065,0.006752468136796,0.16452195034711348,0.0
12176,1.0,0.05,0.00012016436496235504,10.655168866326449,0.006752468136796,0.16452195034711348,0.0
12177,1.0,0.05,0.00012016436496235504,10.655168866326449,0.006752468136796,0.16299678209354296,0.0
12178,1.0,0.05,0.00012016436496235504,10.655168866326449,0.006752468136796,0.16299678209354296,0.0
12179,1.0,0.05,0.00012016436496235504,10.655168866326449,0.006752468136796,0.16299678209354296,0.0
12180,1.0,0.05,0.00012016436496235504,10.655168866326449,0.007294013479165616,0.13367744236477513,0.0
12181,1.0,0.05,0.00012016436496235504,10.655168866326449,0.007294013479165616,0.13367744236477513,0.0
12182,1.0,0.05,0.00012016436496235504,10.655168866326449,0.007294013479165616,0.13367744236477513,0.0
12183,1.0,0.05,0.00012016436496235504,10.655168866326449,0.007294013479165616,0.13367744236477513,0.0
12184,1.0,0.05,0.00012016436496235504,10.655168866326449,0.007294013479165616,0.13367744236477513,0.0
12185,1.0,0.05,0.00012016436496235504,10.857808276254374,0.007294013479165616,0.13367744236477513,0.0
12186,1.0,0.05,0.00012016436496235504,10.857808276254374,0.007294013479165616,0.13367744236477513,0.0
12187,1.0,0.05,0.00012016436496235504,10.857808276254374,0.007294013479165616,0.13367744236477513,0.0
12188,1.0,0.05,0.00012016436496235504,10.857808276254374,0.007294013479165616,0.13367744236477513,0.0
12189,1.0,0.05,0.00012016436496235504,10.857808276254374,0.007294013479165616,0.13367744236477513,0.0
12190,1.0,0.05,0.00012016436496235504,10.857808276254374,0.007294013479165616,0.13367744236477513,0.0
12191,1.0,0.05,0.00012016436496235504,10.857808276254374,0.007294013479165616,0.13367744236477513,0.0
12192,1.0,0.05,0.00012016436496235504,10.857808276254374,0.007294013479165616,0.17244536972096558,0.0
12193,1.0,0.05,0.00012016436496235504,10.857808276254374,0.007294013479165616,0.13221568105854167,0.0
12194,1.0,0.05,0.00012016436496235504,10.77331941634587,0.006376037348936913,0.13221568105854167,0.0
12195,1.0,0.05,0.00012016436496235504,10.77331941634587,0.006756608067770715,0.13221568105854167,0.0
12196,1.0,0.05,0.00012016436496235504,10.77331941634587,0.006756608067770715,0.13221568105854167,0.0
12197,1.0,0.05,0.00012016436496235504,11.799758680412538,0.0076213690342597906,0.13221568105854167,0.0
12198,1.0,0.05,0.00012016436496235504,11.4624313848267,0.0076213690342597906,0.13221568105854167,0.0
12199,1.0,0.05,0.00012016436496235504,11.4624313848267,0.0076213690342597906,0.13221568105854167,0.0
12200,1.0,0.05,0.00012016436496235504,11.576551800550817,0.0076213690342597906,0.14269806871944668,0.0
12201,1.0,0.05,0.00012016436496235504,11.576551800550817,0.0076213690342597906,0.14269806871944668,0.0
12202,1.0,0.05,0.00012016436496235504,11.576551800550817,0.0076213690342597906,0.14269806871944668,0.0
12203,1.0,0.05,0.00012016436496235504,11.576551800550817,0.0076213690342597906,0.14269806871944668,0.0
12204,1.0,0.05,0.00012016436496235504,8.199805086197813,0.0076213690342597906,0.14269806871944668,0.0
12205,1.0,0.05,0.00012016436496235504,8.199805086197813,0.0075721721915243045,0.14269806871944668,0.0
12206,1.0,0.05,0.00012016436496235504,8.199805086197813,0.0075721721915243045,0.16659197872900308,0.0
12207,1.0,0.05,0.00012016436496235504,8.199805086197813,0.0075721721915243045,0.16659197872900308,0.0
12208,1.0,0.05,0.00012016436496235504,8.199805086197813,0.0075721721915243045,0.16659197872900308,0.0
12209,1.0,0.05,0.00012016436496235504,8.199805086197813,0.0075721721915243045,0.16659197872900308,0.0
12210,1.0,0.05,0.00012016436496235504,8.199805086197813,0.0075721721915243045,0.14282894613321045,0.0
12211,1.0,0.05,0.00012016436496235504,8.199805086197813,0.0075721721915243045,0.14282894613321045,0.0
12212,1.0,0.05,0.00012016436496235504,8.199805086197813,0.0075721721915243045,0.14282894613321045,0.0
12213,1.0,0.05,0.00012016436496235504,13.613221037838002,0.0075721721915243045,0.14282894613321045,0.0
12214,1.0,0.05,0.00012016436496235504,6.113209837985025,0.0075721721915243045,0.14282894613321045,0.0
12215,1.0,0.05,0.00012016436496235504,6.113209837985025,0.0075721721915243045,0.14282894613321045,0.0
12216,1.0,0.05,0.00012016436496235504,6.113209837985025,0.0075721721915243045,0.14282894613321045,0.0
12217,1.0,0.05,0.00011996126683200763,6.113209837985025,0.0075721721915243045,0.14282894613321045,0.0
12218,1.0,0.05,0.00011996126683200763,6.113209837985025,0.0075721721915243045,0.14282894613321045,0.0
12219,1.0,0.05,0.00011996126683200763,6.113209837985025,0.0075721721915243045,0.14282894613321045,0.0
12220,1.0,0.05,0.00011996126683200763,6.113209837985025,0.006704909810642541,0.14282894613321045,0.0
12221,1.0,0.05,0.00011996126683200763,6.113209837985025,0.006704909810642541,0.18343375975937382,0.0
12222,1.0,0.05,0.00011996126683200763,6.113209837985025,0.006704909810642541,0.18343375975937382,0.0
12223,1.0,0.05,0.00011996126683200763,6.113209837985025,0.006704909810642541,0.18343375975937382,0.0
12224,1.0,0.05,0.00012056424902678005,6.113209837985025,0.006704909810642541,0.18343375975937382,0.0
12225,1.0,0.05,0.00012056424902678005,6.113209837985025,0.006704909810642541,0.18343375975937382,0.0
12226,1.0,0.05,0.00012056424902678005,6.113209837985025,0.006704909810642541,0.18343375975937382,0.0
12227,1.0,0.05,0.00012056424902678005,6.113209837985025,0.006704909810642541,0.18343375975937382,0.0
12228,1.0,0.05,0.00012056424902678005,6.113209837985025,0.006704909810642541,0.18343375975937382,0.0
12229,1.0,0.05,0.00012056424902678005,5.232189115035823,0.006704909810642541,0.18343375975937382,0.0
12230,1.0,0.05,0.00012056424902678005,5.232189115035823,0.006704909810642541,0.18343375975937382,0.0
12231,1.0,0.05,0.00012056424902678005,5.232189115035823,0.006704909810642541,0.18343375975937382,0.0
12232,1.0,0.05,0.00012056424902678005,5.232189115035823,0.006595193698708351,0.18343375975937382,0.0
12233,1.0,0.05,0.00012056424902678005,5.232189115035823,0.006595193698708351,0.18343375975937382,0.0
12234,1.0,0.05,0.00012056424902678005,5.232189115035823,0.006782381079487546,0.18343375975937382,0.0
12235,1.0,0.05,0.00012056424902678005,5.232189115035823,0.006782381079487546,0.18343375975937382,0.0
12236,1.0,0.05,0.00012056424902678005,8.317592255252677,0.006782381079487546,0.18343375975937382,0.0
12237,1.0,0.05,0.00012056424902678005,8.317592255252677,0.006782381079487546,0.18343375975937382,0.0
12238,1.0,0.05,0.00012056424902678005,8.317592255252677,0.006782381079487546,0.18343375975937382,0.0
12239,1.0,0.05,0.00012056424902678005,8.317592255252677,0.006782381079487546,0.18343375975937382,0.0
12240,1.0,0.05,0.00012056424902678005,8.317592255252677,0.007883486769016762,0.18343375975937382,0.0
12241,1.0,0.05,0.00012056424902678005,8.317592255252677,0.007883486769016762,0.18343375975937382,0.0
12242,1.0,0.05,0.00012056424902678005,8.317592255252677,0.007883486769016762,0.18343375975937382,0.0
12243,1.0,0.05,0.00012056424902678005,8.317592255252677,0.0072480617078335115,0.18343375975937382,0.0
12244,1.0,0.05,0.00012056424902678005,8.317592255252677,0.0072480617078335115,0.18343375975937382,0.0
12245,1.0,0.05,0.00012056424902678005,8.317592255252677,0.0072480617078335115,0.18343375975937382,0.0
12246,1.0,0.05,0.00012056424902678005,8.317592255252677,0.006375092196877197,0.18343375975937382,0.0
12247,1.0,0.05,0.00012056424902678005,8.317592255252677,0.008262918547912076,0.17317377029310993,0.0
12248,1.0,0.05,0.00012056424902678005,8.317592255252677,0.008302800871627988,0.17317377029310993,0.0
12249,1.0,0.05,0.00012056424902678005,9.448185300904981,0.008302800871627988,0.17317377029310993,0.0
12250,1.0,0.05,0.00012056424902678005,9.448185300904981,0.006193727024106382,0.13710062441456072,0.0
12251,1.0,0.05,0.00012056424902678005,9.448185300904981,0.006193727024106382,0.13710062441456072,0.0
12252,1.0,0.05,0.00012056424902678005,9.448185300904981,0.006193727024106382,0.13710062441456072,0.0
12253,1.0,0.05,0.00012107959424445571,9.448185300904981,0.006193727024106382,0.147917526571883,0.0
12254,1.0,0.05,0.00012107959424445571,8.097804930807982,0.006193727024106382,0.1188266052169131,0.0
12255,1.0,0.05,0.00012107959424445571,8.097804930807982,0.007248045307976244,0.1188266052169131,0.0
12256,1.0,0.05,0.00012107959424445571,8.097804930807982,0.007248045307976244,0.1188266052169131,0.0
12257,1.0,0.05,0.00012107959424445571,8.097804930807982,0.007248045307976244,0.1188266052169131,0.0
12258,1.0,0.05,0.00012107959424445571,7.80727559619578,0.007064147905587011,0.1188266052169131,0.0
12259,1.0,0.05,0.00011610512559072836,7.80727559619578,0.007064147905587011,0.14665461441851152,0.0
12260,1.0,0.05,0.00011610512559072836,10.547699903000904,0.007064147905587011,0.14665461441851152,0.0
12261,1.0,0.05,0.00011610512559072836,10.547699903000904,0.007064147905587011,0.14665461441851152,0.0
12262,1.0,0.05,0.00011610512559072836,10.547699903000904,0.007064147905587011,0.14665461441851152,0.0
12263,1.0,0.05,0.00011610512559072836,10.547699903000904,0.007064147905587011,0.14665461441851152,0.0
12264,1.0,0.05,0.00011610512559072836,10.547699903000904,0.007064147905587011,0.14665461441851152,0.0
12265,1.0,0.05,0.00011610512559072836,9.570801210314997,0.007064147905587011,0.14665461441851152,0.0
12266,1.0,0.05,0.00011610512559072836,9.570801210314997,0.007221026248895579,0.14665461441851152,0.0
12267,1.0,0.05,0.00011610512559072836,9.570801210314997,0.007221026248895579,0.14665461441851152,0.0
12268,1.0,0.05,0.00011610512559072836,9.570801210314997,0.006439062338129942,0.14665461441851152,0.0
12269,1.0,0.05,0.00011610512559072836,9.844393452907397,0.007414743826026531,0.13132757022526914,0.0
12270,1.0,0.05,0.00011610512559072836,13.30253031041066,0.007414743826026531,0.13132757022526914,0.0
12271,1.0,0.05,0.00011498572539935481,13.30253031041066,0.007414743826026531,0.13132757022526914,0.0
12272,1.0,0.05,0.00011498572539935481,13.30253031041066,0.007414743826026531,0.13132757022526914,0.0
12273,1.0,0.05,0.00011498572539935481,13.30253031041066,0.007414743826026531,0.13132757022526914,0.0
12274,1.0,0.05,0.00011498572539935481,13.30253031041066,0.007414743826026531,0.13132757022526914,0.0
12275,1.0,0.05,0.00011498572539935481,13.30253031041066,0.007346041991236436,0.13132757022526914,0.0
12276,1.0,0.05,0.00011498572539935481,13.30253031041066,0.007346041991236436,0.13132757022526914,0.0
12277,1.0,0.05,0.00011498572539935481,13.30253031041066,0.007346041991236436,0.13132757022526914,0.0
12278,1.0,0.05,0.00011498572539935481,13.30253031041066,0.007346041991236436,0.13132757022526914,0.0
12279,1.0,0.05,0.00011498572539935481,13.30253031041066,0.007346041991236436,0.13132757022526914,0.0
12280,1.0,0.05,0.00011498572539935481,13.30253031041066,0.008703415118239086,0.18460436439351158,0.0
12281,1.0,0.05,0.00011498572539935481,13.30253031041066,0.008703415118239086,0.18460436439351158,0.0
12282,1.0,0.05,0.00010944311686458018,13.30253031041066,0.008703415118239086,0.18460436439351158,0.0
12283,1.0,0.05,0.00010944311686458018,13.30253031041066,0.008703415118239086,0.18460436439351158,0.0
12284,1.0,0.05,0.00010944311686458018,13.30253031041066,0.00838924277683277,0.18460436439351158,0.0
12285,1.0,0.05,0.00010944311686458018,13.30253031041066,0.00838924277683277,0.15798957876891437,0.0
12286,1.0,0.05,0.0001129717016468966,13.30253031041066,0.00838924277683277,0.15798957876891437,0.0
12287,1.0,0.05,0.0001129717016468966,13.30253031041066,0.00838924277683277,0.15798957876891437,0.0
12288,1.0,0.05,0.0001129717016468966,13.30253031041066,0.007020554866443786,0.15798957876891437,0.0
12289,1.0,0.05,0.0001129717016468966,13.30253031041066,0.007020554866443786,0.15798957876891437,0.0
12290,1.0,0.05,0.0001129717016468966,13.30253031041066,0.007020554866443786,0.15798957876891437,0.0
12291,1.0,0.05,0.0001129717016468966,13.30253031041066,0.007470175566667226,0.15798957876891437,0.0
12292,1.0,0.05,0.0001129717016468966,13.294751093674023,0.007470175566667226,0.15798957876891437,0.0
12293,1.0,0.05,0.0001129717016468966,13.294751093674023,0.007470175566667226,0.12913335715863972,0.0
12294,1.0,0.05,0.0001129717016468966,13.294751093674023,0.007470175566667226,0.12913335715863972,0.0
12295,1.0,0.05,0.0001129717016468966,13.294751093674023,0.007470175566667226,0.12913335715863972,0.0
12296,1.0,0.05,0.0001129717016468966,13.294751093674023,0.007470175566667226,0.12913335715863972,0.0
12297,1.0,0.05,0.0001129717016468966,13.294751093674023,0.007470175566667226,0.12913335715863972,0.0
12298,1.0,0.05,0.00011925760317938921,13.294751093674023,0.007470175566667226,0.12522432452460525,0.0
12299,1.0,0.05,0.00011925760317938921,13.294751093674023,0.007470175566667226,0.12522432452460525,0.0
12300,1.0,0.05,0.00011925760317938921,13.294751093674023,0.007076282384508867,0.12522432452460525,0.0
12301,1.0,0.05,0.0001210704588955022,13.294751093674023,0.007234980839074756,0.12522432452460525,0.0
12302,1.0,0.05,0.0001210704588955022,13.294751093674023,0.007234980839074756,0.12522432452460525,0.0
12303,1.0,0.05,0.0001210704588955022,13.294751093674023,0.007234980839074756,0.12522432452460525,0.0
12304,1.0,0.05,0.0001210704588955022,13.294751093674023,0.007234980839074756,0.12522432452460525,0.0
12305,1.0,0.05,0.0001210704588955022,11.500207033472208,0.007234980839074756,0.12522432452460525,0.0
12306,1.0,0.05,0.0001210704588955022,11.500207033472208,0.007234980839074756,0.12522432452460525,0.0
12307,1.0,0.05,0.00012086125008808118,11.500207033472208,0.007234980839074756,0.12522432452460525,0.0
12308,1.0,0.05,0.00012086125008808118,11.500207033472208,0.007234980839074756,0.12522432452460525,0.0
12309,1.0,0.05,0.00012086125008808118,11.500207033472208,0.007234980839074756,0.12522432452460525,0.0
12310,1.0,0.05,0.00012086125008808118,11.500207033472208,0.007234980839074756,0.12522432452460525,0.0
12311,1.0,0.05,0.00012086125008808118,11.500207033472208,0.007234980839074756,0.12522432452460525,0.0
12312,1.0,0.05,0.00012086125008808118,11.500207033472208,0.007234980839074756,0.12522432452460525,0.0
12313,1.0,0.05,0.00012086125008808118,11.500207033472208,0.007234980839074756,0.12522432452460525,0.0
12314,1.0,0.05,0.00012086125008808118,11.500207033472208,0.007059651120321183,0.12522432452460525,0.0
12315,1.0,0.05,0.00012086125008808118,11.500207033472208,0.007059651120321183,0.12522432452460525,0.0
12316,1.0,0.05,0.0001230373256701335,8.464230685709225,0.007059651120321183,0.12522432452460525,0.0
12317,1.0,0.05,0.00012623691248341888,8.464230685709225,0.007059651120321183,0.12522432452460525,0.0
12318,1.0,0.05,0.00012623691248341888,6.3061097218415085,0.007430030276777068,0.12522432452460525,0.0
12319,1.0,0.05,0.00012084640636716515,6.3061097218415085,0.007430030276777068,0.12522432452460525,0.0
12320,1.0,0.05,0.00012084640636716515,6.3061097218415085,0.007541191495798643,0.12522432452460525,0.0
12321,1.0,0.05,0.00012084640636716515,6.3061097218415085,0.005872693482194958,0.12522432452460525,0.0
12322,1.0,0.05,0.00012084640636716515,6.3061097218415085,0.005872693482194958,0.12522432452460525,0.0
12323,1.0,0.05,0.00012084640636716515,6.3061097218415085,0.005872693482194958,0.12522432452460525,0.0
12324,1.0,0.05,0.00012084640636716515,6.3061097218415085,0.005872693482194958,0.12522432452460525,0.0
12325,1.0,0.05,0.00012084640636716515,6.3061097218415085,0.005847126242014242,0.12749377871411952,0.0
12326,1.0,0.05,0.00012084640636716515,6.3061097218415085,0.005847126242014242,0.12749377871411952,0.0
12327,1.0,0.05,0.00012084640636716515,9.173095592286074,0.00586360911046127,0.12749377871411952,0.0
12328,1.0,0.05,0.00012084640636716515,9.173095592286074,0.006763107140761799,0.12749377871411952,0.0
12329,1.0,0.05,0.00012084640636716515,9.173095592286074,0.006763107140761799,0.12749377871411952,0.0
12330,1.0,0.05,0.00012084640636716515,9.173095592286074,0.006763107140761799,0.1470939895590836,0.0
12331,1.0,0.05,0.00012084640636716515,9.173095592286074,0.006763107140761799,0.1470939895590836,0.0
12332,1.0,0.05,0.00012084640636716515,9.173095592286074,0.006763107140761799,0.1470939895590836,0.0
12333,1.0,0.05,0.00012084640636716515,9.173095592286074,0.006763107140761799,0.1470939895590836,0.0
12334,1.0,0.05,0.00012084640636716515,9.173095592286074,0.007002375956976659,0.1470939895590836,0.0
12335,1.0,0.05,0.00012084640636716515,9.173095592286074,0.007002375956976659,0.1470939895590836,0.0
12336,1.0,0.05,0.00012084640636716515,9.173095592286074,0.007002375956976659,0.1470939895590836,0.0
12337,1.0,0.05,0.00012084640636716515,9.173095592286074,0.007002375956976659,0.1470939895590836,0.0
12338,1.0,0.05,0.00012084640636716515,9.173095592286074,0.007002375956976659,0.1470939895590836,0.0
12339,1.0,0.05,0.00012084640636716515,9.173095592286074,0.007002375956976659,0.16585742775449713,0.0
12340,1.0,0.05,0.00012084640636716515,9.173095592286074,0.007141751165226501,0.16585742775449713,0.0
12341,1.0,0.05,0.00012084640636716515,9.173095592286074,0.006293372564196221,0.11360124853274489,0.0
12342,1.0,0.05,0.00012084640636716515,9.173095592286074,0.006293372564196221,0.11360124853274489,0.0
12343,1.0,0.05,0.00012084640636716515,9.173095592286074,0.006293372564196221,0.11360124853274489,0.0
12344,1.0,0.05,0.00012084640636716515,11.373424121638536,0.0065317991713542455,0.11360124853274489,0.0
12345,1.0,0.05,0.00012084640636716515,11.373424121638536,0.0065317991713542455,0.11360124853274489,0.0
12346,1.0,0.05,0.00011870160304674136,11.373424121638536,0.0065317991713542455,0.11572760390389965,0.0
12347,1.0,0.05,0.00011870160304674136,11.373424121638536,0.0065317991713542455,0.11572760390389965,0.0
12348,1.0,0.05,0.00011870160304674136,10.159821777441238,0.007774948977562304,0.11572760390389965,0.0
12349,1.0,0.05,0.00011870160304674136,10.50104654171571,0.007774948977562304,0.11572760390389965,0.0
12350,1.0,0.05,0.00011870160304674136,10.50104654171571,0.006140098309147862,0.11572760390389965,0.0
12351,1.0,0.05,0.00011870160304674136,10.50104654171571,0.006140098309147862,0.11572760390389965,0.0
12352,1.0,0.05,0.00011870160304674136,10.50104654171571,0.006140098309147862,0.11572760390389965,0.0
12353,1.0,0.05,0.00011870160304674136,10.50104654171571,0.006140098309147862,0.11572760390389965,0.0
12354,1.0,0.05,0.00011870160304674136,10.50104654171571,0.006640124000817869,0.11572760390389965,0.0
12355,1.0,0.05,0.00011870160304674136,10.50104654171571,0.006226003717413761,0.11572760390389965,0.0
12356,1.0,0.05,0.00011870160304674136,10.50104654171571,0.006226003717413761,0.11572760390389965,0.0
12357,1.0,0.05,0.0001254393609068634,10.50104654171571,0.006226003717413761,0.11572760390389965,0.0
12358,1.0,0.05,0.0001254393609068634,10.50104654171571,0.006226003717413761,0.11572760390389965,0.0
12359,1.0,0.05,0.0001254393609068634,10.50104654171571,0.006226003717413761,0.11572760390389965,0.0
12360,1.0,0.05,0.0001254393609068634,10.50104654171571,0.006226003717413761,0.11572760390389965,0.0
12361,1.0,0.05,0.0001254393609068634,10.50104654171571,0.006226003717413761,0.11572760390389965,0.0
12362,1.0,0.05,0.0001254393609068634,10.622826064167995,0.006789290235641706,0.11572760390389965,0.0
12363,1.0,0.05,0.0001254393609068634,13.920706571285365,0.006789290235641706,0.09719946375233915,0.0
12364,1.0,0.05,0.0001254393609068634,13.176234004544327,0.006718707659788813,0.1035579841759873,0.0
12365,1.0,0.05,0.0001254393609068634,13.176234004544327,0.006487477427097778,0.1035579841759873,0.0
12366,1.0,0.05,0.0001254393609068634,13.176234004544327,0.006487477427097778,0.1035579841759873,0.0
12367,1.0,0.05,0.0001254393609068634,13.176234004544327,0.006487477427097778,0.1035579841759873,0.0
12368,1.0,0.05,0.0001254393609068634,13.176234004544327,0.006487477427097778,0.1035579841759873,0.0
12369,1.0,0.05,0.0001254393609068634,10.316924573146608,0.006487477427097778,0.1035579841759873,0.0
12370,1.0,0.05,0.0001254393609068634,10.316924573146608,0.006487477427097778,0.1035579841759873,0.0
12371,1.0,0.05,0.0001254393609068634,10.316924573146608,0.006487477427097778,0.1101855178736491,0.0
12372,1.0,0.05,0.0001254393609068634,10.316924573146608,0.006487477427097778,0.1101855178736491,0.0
12373,1.0,0.05,0.0001254393609068634,10.316924573146608,0.006487477427097778,0.1101855178736491,0.0
12374,1.0,0.05,0.00012727127525193107,7.347834609421724,0.006487477427097778,0.1101855178736491,0.0
12375,1.0,0.05,0.00012727127525193107,7.347834609421724,0.006487477427097778,0.1101855178736491,0.0
12376,1.0,0.05,0.00012727127525193107,7.347834609421724,0.006063176680715266,0.1101855178736491,0.0
12377,1.0,0.05,0.00012927634103372993,7.347834609421724,0.006063176680715266,0.1101855178736491,0.0
12378,1.0,0.05,0.00012927634103372993,7.589020911294739,0.005867248630824442,0.1101855178736491,0.0
12379,1.0,0.05,0.00012927634103372993,7.589020911294739,0.005867248630824442,0.1101855178736491,0.0
12380,1.0,0.05,0.00012927634103372993,7.589020911294739,0.005867248630824442,0.1101855178736491,0.0
12381,1.0,0.05,0.00012927634103372993,7.589020911294739,0.005867248630824442,0.1101855178736491,0.0
12382,1.0,0.05,0.00012927634103372993,6.8808212526429315,0.005867248630824442,0.11847558055592217,0.0
12383,1.0,0.05,0.00012927634103372993,6.8808212526429315,0.005867248630824442,0.11207200713682093,0.0
12384,1.0,0.05,0.00012927634103372993,6.8808212526429315,0.005824649338071579,0.11207200713682093,0.0
12385,1.0,0.05,0.00012927634103372993,6.8808212526429315,0.005824649338071579,0.11207200713682093,0.0
12386,1.0,0.05,0.00012927634103372993,6.8808212526429315,0.005824649338071579,0.11207200713682093,0.0
12387,1.0,0.05,0.00012927634103372993,6.8808212526429315,0.005824649338071579,0.11207200713682093,0.0
12388,1.0,0.05,0.00012927634103372993,6.8808212526429315,0.005824649338071579,0.11207200713682093,0.0
12389,1.0,0.05,0.00012927634103372993,6.8808212526429315,0.005824649338071579,0.11207200713682093,0.0
12390,1.0,0.05,0.00012927634103372993,6.8808212526429315,0.005824649338071579,0.11207200713682093,0.0
12391,1.0,0.05,0.00012927634103372993,6.8808212526429315,0.005824649338071579,0.12605167516649415,0.0
12392,1.0,0.05,0.00012927634103372993,6.8808212526429315,0.005824649338071579,0.12605167516649415,0.0
12393,1.0,0.05,0.00012927634103372993,6.8808212526429315,0.005824649338071579,0.12605167516649415,0.0
12394,1.0,0.05,0.00012927634103372993,6.8808212526429315,0.005824649338071579,0.1034045306073965,0.0
12395,1.0,0.05,0.00012927634103372993,6.8808212526429315,0.005824649338071579,0.1034045306073965,0.0
12396,1.0,0.05,0.00012895475405635005,6.8808212526429315,0.005824649338071579,0.11868921678587012,0.0
12397,1.0,0.05,0.00012895475405635005,6.8808212526429315,0.005824649338071579,0.11868921678587012,0.0
12398,1.0,0.05,0.00012895475405635005,6.8808212526429315,0.005750790874079157,0.11868921678587012,0.0
12399,1.0,0.05,0.00012895475405635005,6.8808212526429315,0.005750790874079157,0.11868921678587012,0.0
12400,1.0,0.05,0.00012895475405635005,6.8808212526429315,0.006528912352218719,0.11868921678587012,0.0
12401,1.0,0.05,0.00012895475405635005,6.8808212526429315,0.006376423599274844,0.11868921678587012,0.0
12402,1.0,0.05,0.00012895475405635005,6.8808212526429315,0.006376423599274844,0.11868921678587012,0.0
12403,1.0,0.05,0.00012547686777253015,6.8808212526429315,0.006376423599274844,0.11868921678587012,0.0
12404,1.0,0.05,0.00012547686777253015,6.8808212526429315,0.006376423599274844,0.11868921678587012,0.0
12405,1.0,0.05,0.00012547686777253015,6.8808212526429315,0.006376423599274844,0.11868921678587012,0.0
12406,1.0,0.05,0.00012547686777253015,6.8808212526429315,0.006376423599274844,0.12413176044336671,0.0
12407,1.0,0.05,0.00012547686777253015,6.8808212526429315,0.006376423599274844,0.12413176044336671,0.0
12408,1.0,0.05,0.00012547686777253015,6.8808212526429315,0.006376423599274844,0.12413176044336671,0.0
12409,1.0,0.05,0.00012547686777253015,6.8808212526429315,0.006376423599274844,0.12413176044336671,0.0
12410,1.0,0.05,0.00012547686777253015,6.8808212526429315,0.006376423599274844,0.12413176044336671,0.0
12411,1.0,0.05,0.00012547686777253015,10.72482022187036,0.006376423599274844,0.12413176044336671,0.0
12412,1.0,0.05,0.00012547686777253015,10.72482022187036,0.006376423599274844,0.12413176044336671,0.0
12413,1.0,0.05,0.00012547686777253015,10.72482022187036,0.006376423599274844,0.12413176044336671,0.0
12414,1.0,0.05,0.00012547686777253015,10.72482022187036,0.006556957693042328,0.12413176044336671,0.0
12415,1.0,0.05,0.00012547686777253015,10.72482022187036,0.006556957693042328,0.12413176044336671,0.0
12416,1.0,0.05,0.00012547686777253015,10.72482022187036,0.006556957693042328,0.12413176044336671,0.0
12417,1.0,0.05,0.00012547686777253015,10.72482022187036,0.006556957693042328,0.12413176044336671,0.0
12418,1.0,0.05,0.00012547686777253015,10.72482022187036,0.006556957693042328,0.12434794959601979,0.0
12419,1.0,0.05,0.00012547686777253015,10.72482022187036,0.006556957693042328,0.12434794959601979,0.0
12420,1.0,0.05,0.00012547686777253015,10.72482022187036,0.007610938903202892,0.12434794959601979,0.0
12421,1.0,0.05,0.00012547686777253015,10.72482022187036,0.007610938903202892,0.12434794959601979,0.0
12422,1.0,0.05,0.00011938404373578894,10.72482022187036,0.007610938903202892,0.12434794959601979,0.0
12423,1.0,0.05,0.00011938404373578894,10.72482022187036,0.007610938903202892,0.12434794959601979,0.0
12424,1.0,0.05,0.00011938404373578894,10.72482022187036,0.007610938903202892,0.1301226085537916,0.0
12425,1.0,0.05,0.00011938404373578894,10.72482022187036,0.007610938903202892,0.1301226085537916,0.0
12426,1.0,0.05,0.00011938404373578894,10.72482022187036,0.007610938903202892,0.1301226085537916,0.0
12427,1.0,0.05,0.00011938404373578894,10.72482022187036,0.007610938903202892,0.1301226085537916,0.0
12428,1.0,0.05,0.00011938404373578894,10.72482022187036,0.006121503700667841,0.1301226085537916,0.0
12429,1.0,0.05,0.00011938404373578894,7.651423717493373,0.006659676972181427,0.1301226085537916,0.0
12430,1.0,0.05,0.00011938404373578894,7.651423717493373,0.006659676972181427,0.14025389159994428,0.0
12431,1.0,0.05,0.00011938404373578894,9.229474496799313,0.006659676972181427,0.14025389159994428,0.0
12432,1.0,0.05,0.00011938404373578894,9.229474496799313,0.006659676972181427,0.13643209772590026,0.0
12433,1.0,0.05,0.00011938404373578894,12.207087688914726,0.006659676972181427,0.13643209772590026,0.0
12434,1.0,0.05,0.00011938404373578894,12.207087688914726,0.007004731925935,0.13643209772590026,0.0
12435,1.0,0.05,0.00011938404373578894,12.687441218997805,0.007004731925935,0.13643209772590026,0.0
12436,1.0,0.05,0.00011938404373578894,12.687441218997805,0.007004731925935,0.13643209772590026,0.0
12437,1.0,0.05,0.00011938404373578894,12.687441218997805,0.007004731925935,0.13643209772590026,0.0
12438,1.0,0.05,0.00011938404373578894,12.687441218997805,0.007004731925935,0.13643209772590026,0.0
12439,1.0,0.05,0.00011607882769234329,12.687441218997805,0.007004731925935,0.11861142573388447,0.0
12440,1.0,0.05,0.00011607882769234329,12.687441218997805,0.007004731925935,0.11861142573388447,0.0
12441,1.0,0.05,0.00011607882769234329,12.687441218997805,0.007004731925935,0.15020911245658503,0.0
12442,1.0,0.05,0.00011607882769234329,11.75752058795723,0.007636712616896598,0.15020911245658503,0.0
12443,1.0,0.05,0.00011612820368695447,11.75752058795723,0.007636712616896598,0.15020911245658503,0.0
12444,1.0,0.05,0.00011612820368695447,11.75752058795723,0.007636712616896598,0.15020911245658503,0.0
12445,1.0,0.05,0.00011612820368695447,11.75752058795723,0.007636712616896598,0.15020911245658503,0.0
12446,1.0,0.05,0.00011421756805769188,11.75752058795723,0.007636712616896598,0.15020911245658503,0.0
12447,1.0,0.05,0.00011421756805769188,11.75752058795723,0.007636712616896598,0.15020911245658503,0.0
12448,1.0,0.05,0.00011421756805769188,11.601718049764486,0.007636712616896598,0.15020911245658503,0.0
12449,1.0,0.05,0.00011421756805769188,11.601718049764486,0.007636712616896598,0.15020911245658503,0.0
12450,1.0,0.05,0.00011421756805769188,11.601718049764486,0.007636712616896598,0.15020911245658503,0.0
12451,1.0,0.05,0.00011421756805769188,11.601718049764486,0.007636712616896598,0.15020911245658503,0.0
12452,1.0,0.05,0.00011231267907866361,11.601718049764486,0.007636712616896598,0.15020911245658503,0.0
12453,1.0,0.05,0.00011231267907866361,11.601718049764486,0.007636712616896598,0.15020911245658503,0.0
12454,1.0,0.05,0.00011231267907866361,11.601718049764486,0.007636712616896598,0.17695970271129582,0.0
12455,1.0,0.05,0.00011231267907866361,11.601718049764486,0.007636712616896598,0.17695970271129582,0.0
12456,1.0,0.05,0.00011231267907866361,11.601718049764486,0.007636712616896598,0.17695970271129582,0.0
12457,1.0,0.05,0.00011231267907866361,11.601718049764486,0.007636712616896598,0.17695970271129582,0.0
12458,1.0,0.05,0.00011231267907866361,11.601718049764486,0.007636712616896598,0.17695970271129582,0.0
12459,1.0,0.05,0.00011231267907866361,11.601718049764486,0.007636712616896598,0.17695970271129582,0.0
12460,1.0,0.05,0.00011231267907866361,11.601718049764486,0.007636712616896598,0.17695970271129582,0.0
12461,1.0,0.05,0.00011231267907866361,11.601718049764486,0.007636712616896598,0.17695970271129582,0.0
12462,1.0,0.05,0.00011231267907866361,11.601718049764486,0.007636712616896598,0.18159551291013762,0.0
12463,1.0,0.05,0.00011231267907866361,11.601718049764486,0.007677031712731912,0.18159551291013762,0.0
12464,1.0,0.05,0.00011231267907866361,11.601718049764486,0.007677031712731912,0.17364904439614165,0.0
12465,1.0,0.05,0.00011231267907866361,11.601718049764486,0.007677031712731912,0.14594602030036047,0.0
12466,1.0,0.05,0.00011231267907866361,11.601718049764486,0.007677031712731912,0.14594602030036047,0.0
12467,1.0,0.05,0.00011231267907866361,11.601718049764486,0.007677031712731912,0.14594602030036047,0.0
12468,1.0,0.05,0.00011859489280476799,11.601718049764486,0.007677031712731912,0.14594602030036047,0.0
12469,1.0,0.05,0.00011859489280476799,11.601718049764486,0.007677031712731912,0.14594602030036047,0.0
12470,1.0,0.05,0.00011859489280476799,11.601718049764486,0.007677031712731912,0.14594602030036047,0.0
12471,1.0,0.05,0.00011859489280476799,11.601718049764486,0.006502458856023971,0.14594602030036047,0.0
12472,1.0,0.05,0.00011859489280476799,11.601718049764486,0.006502458856023971,0.14594602030036047,0.0
12473,1.0,0.05,0.00011859489280476799,11.601718049764486,0.006502458856023971,0.1316429581926835,0.0
12474,1.0,0.05,0.00011912996212624818,11.601718049764486,0.007426567105433304,0.1316429581926835,0.0
12475,1.0,0.05,0.00011912996212624818,11.601718049764486,0.007426567105433304,0.1316429581926835,0.0
12476,1.0,0.05,0.00011912996212624818,11.601718049764486,0.007426567105433304,0.1316429581926835,0.0
12477,1.0,0.05,0.00011912996212624818,11.601718049764486,0.007426567105433304,0.1316429581926835,0.0
12478,1.0,0.05,0.00011912996212624818,11.601718049764486,0.007426567105433304,0.1316429581926835,0.0
12479,1.0,0.05,0.00011912996212624818,11.601718049764486,0.007426567105433304,0.1316429581926835,0.0
12480,1.0,0.05,0.00011912996212624818,11.601718049764486,0.007260982373748233,0.1316429581926835,0.0
12481,1.0,0.05,0.00011912996212624818,11.601718049764486,0.007260982373748233,0.1316429581926835,0.0
12482,1.0,0.05,0.00011912996212624818,11.601718049764486,0.007260982373748233,0.1316429581926835,0.0
12483,1.0,0.05,0.00011912996212624818,11.601718049764486,0.007260982373748233,0.1316429581926835,0.0
12484,1.0,0.05,0.00011912996212624818,9.532731435569431,0.007260982373748233,0.13299654525971819,0.0
12485,1.0,0.05,0.00012064769022164439,9.532731435569431,0.007260982373748233,0.13299654525971819,0.0
12486,1.0,0.05,0.00012064769022164439,9.532731435569431,0.007260982373748233,0.13299654525971819,0.0
12487,1.0,0.05,0.00012064769022164439,9.532731435569431,0.007260982373748233,0.13299654525971819,0.0
12488,1.0,0.05,0.00012064769022164439,10.223771111425023,0.007260982373748233,0.13299654525971819,0.0
12489,1.0,0.05,0.00012064769022164439,10.223771111425023,0.007260982373748233,0.13299654525971819,0.0
12490,1.0,0.05,0.00012064769022164439,10.223771111425023,0.007260982373748233,0.1423444983147027,0.0
12491,1.0,0.05,0.00012064769022164439,7.929625013109231,0.007260982373748233,0.1423444983147027,0.0
12492,1.0,0.05,0.00012064769022164439,7.929625013109231,0.007260982373748233,0.1423444983147027,0.0
12493,1.0,0.05,0.00012064769022164439,7.929625013109231,0.00686273092166244,0.1423444983147027,0.0
12494,1.0,0.05,0.00012064769022164439,8.358330199061541,0.00686273092166244,0.1423444983147027,0.0
12495,1.0,0.05,0.00012064769022164439,8.358330199061541,0.007351521122431027,0.1423444983147027,0.0
12496,1.0,0.05,0.00012064769022164439,8.358330199061541,0.007351521122431027,0.14804662212756464,0.0
12497,1.0,0.05,0.00012064769022164439,8.358330199061541,0.007351521122431027,0.14804662212756464,0.0
12498,1.0,0.05,0.00012064769022164439,8.358330199061541,0.006022477340119004,0.14804662212756464,0.0
12499,1.0,0.05,0.00012064769022164439,8.358330199061541,0.006022477340119004,0.11662237101180711,0.0
12500,1.0,0.05,0.0001220568628131494,8.358330199061541,0.006022477340119004,0.11662237101180711,0.0
12501,1.0,0.05,0.0001220568628131494,8.358330199061541,0.006022477340119004,0.11662237101180711,0.0
12502,1.0,0.05,0.0001220568628131494,8.358330199061541,0.006750642950304275,0.11662237101180711,0.0
12503,1.0,0.05,0.0001220568628131494,8.358330199061541,0.006443535070081075,0.11662237101180711,0.0
12504,1.0,0.05,0.0001220568628131494,8.358330199061541,0.006443535070081075,0.11662237101180711,0.0
12505,1.0,0.05,0.0001220568628131494,8.358330199061541,0.006443535070081075,0.11662237101180711,0.0
12506,1.0,0.05,0.0001220568628131494,8.358330199061541,0.006443535070081075,0.11662237101180711,0.0
12507,1.0,0.05,0.0001220568628131494,12.358014068571023,0.007143388509926466,0.11662237101180711,0.0
12508,1.0,0.05,0.0001220568628131494,12.358014068571023,0.007143388509926466,0.11662237101180711,0.0
12509,1.0,0.05,0.0001220568628131494,12.358014068571023,0.007143388509926466,0.1089178891247136,0.0
12510,1.0,0.05,0.0001220568628131494,12.358014068571023,0.007143388509926466,0.1089178891247136,0.0
12511,1.0,0.05,0.0001220568628131494,12.358014068571023,0.00695790801811844,0.09946658778632787,0.0
12512,1.0,0.05,0.0001220568628131494,12.358014068571023,0.007277295259989255,0.09946658778632787,0.0
12513,1.0,0.05,0.0001220568628131494,12.358014068571023,0.007277295259989255,0.09946658778632787,0.0
12514,1.0,0.05,0.0001220568628131494,12.358014068571023,0.006644688647503701,0.09946658778632787,0.0
12515,1.0,0.05,0.0001220568628131494,12.358014068571023,0.006644688647503701,0.09946658778632787,0.0
12516,1.0,0.05,0.00012046843295105162,12.358014068571023,0.006644688647503701,0.09946658778632787,0.0
12517,1.0,0.05,0.00012046843295105162,12.358014068571023,0.006644688647503701,0.09946658778632787,0.0
12518,1.0,0.05,0.00012046843295105162,12.358014068571023,0.006644688647503701,0.10198032246389038,0.0
12519,1.0,0.05,0.00012046843295105162,12.358014068571023,0.006644688647503701,0.10198032246389038,0.0
12520,1.0,0.05,0.00012046843295105162,12.358014068571023,0.006644688647503701,0.10198032246389038,0.0
12521,1.0,0.05,0.00012046843295105162,12.358014068571023,0.006644688647503701,0.10198032246389038,0.0
12522,1.0,0.05,0.00012046843295105162,12.358014068571023,0.006644688647503701,0.10198032246389038,0.0
12523,1.0,0.05,0.00012046843295105162,12.045470476084901,0.006644688647503701,0.10198032246389038,0.0
12524,1.0,0.05,0.00012046843295105162,12.045470476084901,0.006644688647503701,0.10198032246389038,0.0
12525,1.0,0.05,0.00012046843295105162,12.045470476084901,0.006644688647503701,0.10198032246389038,0.0
12526,1.0,0.05,0.00012046843295105162,12.045470476084901,0.006644688647503701,0.10198032246389038,0.0
12527,1.0,0.05,0.00012046843295105162,12.045470476084901,0.006644688647503701,0.14348567009856797,0.0
12528,1.0,0.05,0.00012046843295105162,12.045470476084901,0.006644688647503701,0.09986476862711742,0.0
12529,1.0,0.05,0.00012046843295105162,12.045470476084901,0.006644688647503701,0.09986476862711742,0.0
12530,1.0,0.05,0.00012046843295105162,12.045470476084901,0.006644688647503701,0.10513677228124808,0.0
12531,1.0,0.05,0.00012046843295105162,12.045470476084901,0.006644688647503701,0.10513677228124808,0.0
12532,1.0,0.05,0.00012046843295105162,9.958863511395151,0.006644688647503701,0.11961344538679125,0.0
12533,1.0,0.05,0.00012046843295105162,9.958863511395151,0.006644688647503701,0.11961344538679125,0.0
12534,1.0,0.05,0.00012046843295105162,9.958863511395151,0.006644688647503701,0.11961344538679125,0.0
12535,1.0,0.05,0.00012046843295105162,9.958863511395151,0.006644688647503701,0.11961344538679125,0.0
12536,1.0,0.05,0.00012046843295105162,9.958863511395151,0.006644688647503701,0.11961344538679125,0.0
12537,1.0,0.05,0.00012046843295105162,9.958863511395151,0.006644688647503701,0.11961344538679125,0.0
12538,1.0,0.05,0.00012046843295105162,11.998583743604456,0.006644688647503701,0.11961344538679125,0.0
12539,1.0,0.05,0.00012046843295105162,11.998583743604456,0.006308980504284628,0.11961344538679125,0.0
12540,1.0,0.05,0.00012046843295105162,11.998583743604456,0.007825767197656425,0.11961344538679125,0.0
12541,1.0,0.05,0.00012046843295105162,11.998583743604456,0.007825767197656425,0.14494850470523502,0.0
12542,1.0,0.05,0.00012046843295105162,11.998583743604456,0.007825767197656425,0.14494850470523502,0.0
12543,1.0,0.05,0.00012046843295105162,11.998583743604456,0.007825767197656425,0.14191669866316356,0.0
12544,1.0,0.05,0.00012046843295105162,11.998583743604456,0.007825767197656425,0.14191669866316356,0.0
12545,1.0,0.05,0.00012046843295105162,11.998583743604456,0.007825767197656425,0.14191669866316356,0.0
12546,1.0,0.05,0.00012046843295105162,11.998583743604456,0.007825767197656425,0.14191669866316356,0.0
12547,1.0,0.05,0.00012046843295105162,11.998583743604456,0.006566012687916621,0.14191669866316356,0.0
12548,1.0,0.05,0.00012046843295105162,11.998583743604456,0.006566012687916621,0.14191669866316356,0.0
12549,1.0,0.05,0.00012046843295105162,11.998583743604456,0.006566012687916621,0.14191669866316356,0.0
12550,1.0,0.05,0.00012046843295105162,11.998583743604456,0.006566012687916621,0.14191669866316356,0.0
12551,1.0,0.05,0.00012046843295105162,9.118435866895808,0.007083610342185413,0.14191669866316356,0.0
12552,1.0,0.05,0.00012046843295105162,9.118435866895808,0.007083610342185413,0.14191669866316356,0.0
12553,1.0,0.05,0.00012046843295105162,9.118435866895808,0.007083610342185413,0.12930823150932966,0.0
12554,1.0,0.05,0.00012046843295105162,9.118435866895808,0.007083610342185413,0.12930823150932966,0.0
12555,1.0,0.05,0.00012182761961320764,9.118435866895808,0.007083610342185413,0.12930823150932966,0.0
12556,1.0,0.05,0.00012182761961320764,9.118435866895808,0.007083610342185413,0.12930823150932966,0.0
12557,1.0,0.05,0.00012182761961320764,9.118435866895808,0.007083610342185413,0.12930823150932966,0.0
12558,1.0,0.05,0.00012182761961320764,9.118435866895808,0.007083610342185413,0.12930823150932966,0.0
12559,1.0,0.05,0.00012182761961320764,9.118435866895808,0.007083610342185413,0.12930823150932966,0.0
12560,1.0,0.05,0.00012182761961320764,9.118435866895808,0.007083610342185413,0.12930823150932966,0.0
12561,1.0,0.05,0.00012182761961320764,9.118435866895808,0.007083610342185413,0.12930823150932966,0.0
12562,1.0,0.05,0.00012182761961320764,9.118435866895808,0.007083610342185413,0.12930823150932966,0.0
12563,1.0,0.05,0.00012182761961320764,9.118435866895808,0.007083610342185413,0.12930823150932966,0.0
12564,1.0,0.05,0.00012182761961320764,9.118435866895808,0.007083610342185413,0.12930823150932966,0.0
12565,1.0,0.05,0.00012182761961320764,9.118435866895808,0.007083610342185413,0.12930823150932966,0.0
12566,1.0,0.05,0.00012182761961320764,9.118435866895808,0.007083610342185413,0.12930823150932966,0.0
12567,1.0,0.05,0.00012182761961320764,9.118435866895808,0.007083610342185413,0.14778754682485312,0.0
12568,1.0,0.05,0.00012182761961320764,9.118435866895808,0.007083610342185413,0.14778754682485312,0.0
12569,1.0,0.05,0.00012182761961320764,9.118435866895808,0.007083610342185413,0.14778754682485312,0.0
12570,1.0,0.05,0.00012182761961320764,9.118435866895808,0.007083610342185413,0.14778754682485312,0.0
12571,1.0,0.05,0.00012182761961320764,9.118435866895808,0.007083610342185413,0.14778754682485312,0.0
12572,1.0,0.05,0.00012182761961320764,9.118435866895808,0.007083610342185413,0.14778754682485312,0.0
12573,1.0,0.05,0.00012182761961320764,12.079924056746052,0.007129708592376956,0.14778754682485312,0.0
12574,1.0,0.05,0.00012182761961320764,12.079924056746052,0.007129708592376956,0.14778754682485312,0.0
12575,1.0,0.05,0.00012182761961320764,12.079924056746052,0.007129708592376956,0.14778754682485312,0.0
12576,1.0,0.05,0.00012182761961320764,12.079924056746052,0.007129708592376956,0.14778754682485312,0.0
12577,1.0,0.05,0.00012182761961320764,12.079924056746052,0.007129708592376956,0.14778754682485312,0.0
12578,1.0,0.05,0.00012182761961320764,12.079924056746052,0.007129708592376956,0.08611557790361338,0.0
12579,1.0,0.05,0.00011695600199926547,12.079924056746052,0.007129708592376956,0.08611557790361338,0.0
12580,1.0,0.05,0.00011695600199926547,19.7048564533072,0.007703916150944386,0.08611557790361338,0.0
12581,1.0,0.05,0.00011695600199926547,20.457394041026333,0.007703916150944386,0.08611557790361338,0.0
12582,1.0,0.05,0.0001187223699953071,19.431286238854327,0.007703916150944386,0.08611557790361338,0.0
12583,1.0,0.05,0.0001187223699953071,17.302356813226183,0.007703916150944386,0.08611557790361338,0.0
12584,1.0,0.05,0.0001187223699953071,17.302356813226183,0.007917447402780574,0.08611557790361338,0.0
12585,1.0,0.05,0.0001187223699953071,17.302356813226183,0.007465239721194327,0.08611557790361338,0.0
12586,1.0,0.05,0.0001187223699953071,17.302356813226183,0.007465239721194327,0.08611557790361338,0.0
12587,1.0,0.05,0.0001187223699953071,17.302356813226183,0.007465239721194327,0.10029890466310297,0.0
12588,1.0,0.05,0.0001187223699953071,17.302356813226183,0.007465239721194327,0.10029890466310297,0.0
12589,1.0,0.05,0.0001187223699953071,12.4011397620839,0.008299274592469867,0.10029890466310297,0.0
12590,1.0,0.05,0.0001187223699953071,12.4011397620839,0.008299274592469867,0.10029890466310297,0.0
12591,1.0,0.05,0.00011955911790586454,12.4011397620839,0.008299274592469867,0.10029890466310297,0.0
12592,1.0,0.05,0.00011955911790586454,12.4011397620839,0.008299274592469867,0.10029890466310297,0.0
12593,1.0,0.05,0.00011955911790586454,12.4011397620839,0.006450285902895927,0.10029890466310297,0.0
12594,1.0,0.05,0.00011955911790586454,12.4011397620839,0.006663628933753226,0.10029890466310297,0.0
12595,1.0,0.05,0.00011955911790586454,12.4011397620839,0.006663628933753226,0.10778856922521629,0.0
12596,1.0,0.05,0.00012552178081688686,12.4011397620839,0.006663628933753226,0.10085824074591082,0.0
12597,1.0,0.05,0.00012552178081688686,12.4011397620839,0.006663628933753226,0.11799529967290287,0.0
12598,1.0,0.05,0.00012552178081688686,12.4011397620839,0.006663628933753226,0.11799529967290287,0.0
12599,1.0,0.05,0.00012552178081688686,12.4011397620839,0.006663628933753226,0.11799529967290287,0.0
12600,1.0,0.05,0.00012552178081688686,12.4011397620839,0.006663628933753226,0.11799529967290287,0.0
12601,1.0,0.05,0.00012552178081688686,5.024458378272456,0.006663628933753226,0.11799529967290287,0.0
12602,1.0,0.05,0.00012552178081688686,5.024458378272456,0.006663628933753226,0.1398876883822086,0.0
12603,1.0,0.05,0.00012552178081688686,5.024458378272456,0.006663628933753226,0.1398876883822086,0.0
12604,1.0,0.05,0.00012552178081688686,5.024458378272456,0.006663628933753226,0.17000591872910034,0.0
12605,1.0,0.05,0.00012552178081688686,5.024458378272456,0.006663628933753226,0.17000591872910034,0.0
12606,1.0,0.05,0.00012552178081688686,5.024458378272456,0.006663628933753226,0.17000591872910034,0.0
12607,1.0,0.05,0.00012552178081688686,5.024458378272456,0.006663628933753226,0.17000591872910034,0.0
12608,1.0,0.05,0.00012552178081688686,5.024458378272456,0.006663628933753226,0.17000591872910034,0.0
12609,1.0,0.05,0.00012552178081688686,7.757324631354152,0.006663628933753226,0.17000591872910034,0.0
12610,1.0,0.05,0.00012552178081688686,7.757324631354152,0.006663628933753226,0.17000591872910034,0.0
12611,1.0,0.05,0.00012552178081688686,7.757324631354152,0.006663628933753226,0.17000591872910034,0.0
12612,1.0,0.05,0.00012552178081688686,7.757324631354152,0.006663628933753226,0.10254815314561315,0.0
12613,1.0,0.05,0.000125137932986419,7.757324631354152,0.006663628933753226,0.1442476773938142,0.0
12614,1.0,0.05,0.000125137932986419,7.757324631354152,0.006663628933753226,0.1442476773938142,0.0
12615,1.0,0.05,0.000125137932986419,7.757324631354152,0.006663628933753226,0.1442476773938142,0.0
12616,1.0,0.05,0.000125137932986419,7.757324631354152,0.006663628933753226,0.1442476773938142,0.0
12617,1.0,0.05,0.000125137932986419,7.757324631354152,0.006663628933753226,0.1442476773938142,0.0
12618,1.0,0.05,0.000125137932986419,7.01719038797502,0.006663628933753226,0.1442476773938142,0.0
12619,1.0,0.05,0.000125137932986419,7.01719038797502,0.006663628933753226,0.11573414235310228,0.0
12620,1.0,0.05,0.000125137932986419,7.01719038797502,0.006663628933753226,0.11573414235310228,0.0
12621,1.0,0.05,0.000125137932986419,7.01719038797502,0.00669887560263706,0.11573414235310228,0.0
12622,1.0,0.05,0.000125137932986419,7.01719038797502,0.00669887560263706,0.11573414235310228,0.0
12623,1.0,0.05,0.000125137932986419,7.01719038797502,0.00669887560263706,0.1127828821549131,0.0
12624,1.0,0.05,0.000125137932986419,7.01719038797502,0.00669887560263706,0.1127828821549131,0.0
12625,1.0,0.05,0.000125137932986419,7.01719038797502,0.006622621588845289,0.15705989143337679,0.0
12626,1.0,0.05,0.000125137932986419,6.316749621473178,0.006622621588845289,0.15705989143337679,0.0
12627,1.0,0.05,0.000125137932986419,6.316749621473178,0.006622621588845289,0.1465733568036668,0.0
12628,1.0,0.05,0.000125137932986419,6.316749621473178,0.006622621588845289,0.1465733568036668,0.0
12629,1.0,0.05,0.000125137932986419,6.316749621473178,0.006622621588845289,0.1465733568036668,0.0
12630,1.0,0.05,0.000125137932986419,12.211316660508459,0.007153934159550161,0.14325807083050768,0.0
12631,1.0,0.05,0.000125137932986419,12.211316660508459,0.007278849186230558,0.14024557074949073,0.0
12632,1.0,0.05,0.0001196149295379652,12.211316660508459,0.007278849186230558,0.14024557074949073,0.0
12633,1.0,0.05,0.00012017896055384848,12.211316660508459,0.007278849186230558,0.14024557074949073,0.0
12634,1.0,0.05,0.00012017896055384848,12.211316660508459,0.007278849186230558,0.14024557074949073,0.0
12635,1.0,0.05,0.00012017896055384848,7.707688786999796,0.007278849186230558,0.14024557074949073,0.0
12636,1.0,0.05,0.00012017896055384848,7.707688786999796,0.007278849186230558,0.14024557074949073,0.0
12637,1.0,0.05,0.00012017896055384848,7.707688786999796,0.007295385752849543,0.14024557074949073,0.0
12638,1.0,0.05,0.00012017896055384848,7.707688786999796,0.007295385752849543,0.14024557074949073,0.0
12639,1.0,0.05,0.00012017896055384848,7.148677394473026,0.007295385752849543,0.18185668007099248,0.0
12640,1.0,0.05,0.00012017896055384848,7.148677394473026,0.007295385752849543,0.155766643012479,0.0
12641,1.0,0.05,0.00012017896055384848,7.148677394473026,0.007295385752849543,0.1762648141500619,0.0
12642,1.0,0.05,0.00012017896055384848,7.148677394473026,0.007295385752849543,0.1762648141500619,0.0
12643,1.0,0.05,0.00012017896055384848,7.148677394473026,0.007295385752849543,0.1762648141500619,0.0
12644,1.0,0.05,0.00012017896055384848,7.148677394473026,0.007295385752849543,0.1540925168308253,0.0
12645,1.0,0.05,0.00012353047945417653,7.148677394473026,0.007295385752849543,0.1539029444589511,0.0
12646,1.0,0.05,0.00012353047945417653,7.148677394473026,0.007295385752849543,0.1539029444589511,0.0
12647,1.0,0.05,0.00012353047945417653,7.148677394473026,0.007423946077540829,0.1539029444589511,0.0
12648,1.0,0.05,0.00012532089762168418,7.148677394473026,0.006941391901183687,0.1539029444589511,0.0
12649,1.0,0.05,0.00012532089762168418,7.148677394473026,0.007142508211473539,0.1539029444589511,0.0
12650,1.0,0.05,0.00012532089762168418,7.148677394473026,0.007142508211473539,0.1539029444589511,0.0
12651,1.0,0.05,0.00012532089762168418,7.148677394473026,0.007274729596416778,0.1539029444589511,0.0
12652,1.0,0.05,0.00012532089762168418,7.148677394473026,0.007274729596416778,0.1539029444589511,0.0
12653,1.0,0.05,0.00012532089762168418,7.148677394473026,0.007379062815982199,0.1539029444589511,0.0
12654,1.0,0.05,0.00012532089762168418,7.148677394473026,0.007379062815982199,0.1539029444589511,0.0
12655,1.0,0.05,0.00012532089762168418,7.148677394473026,0.007379062815982199,0.1539029444589511,0.0
12656,1.0,0.05,0.00012532089762168418,7.148677394473026,0.007379062815982199,0.1539029444589511,0.0
12657,1.0,0.05,0.00012532089762168418,7.148677394473026,0.007379062815982199,0.1539029444589511,0.0
12658,1.0,0.05,0.00012532089762168418,7.148677394473026,0.007379062815982199,0.1539029444589511,0.0
12659,1.0,0.05,0.00012532089762168418,7.148677394473026,0.007379062815982199,0.1539029444589511,0.0
12660,1.0,0.05,0.00012532089762168418,7.148677394473026,0.007379062815982199,0.1539029444589511,0.0
12661,1.0,0.05,0.00012532089762168418,7.148677394473026,0.007379062815982199,0.11469052295456555,0.0
12662,1.0,0.05,0.00012532089762168418,7.148677394473026,0.007379062815982199,0.11469052295456555,0.0
12663,1.0,0.05,0.00012532089762168418,7.148677394473026,0.007379062815982199,0.11469052295456555,0.0
12664,1.0,0.05,0.00012532089762168418,7.148677394473026,0.007379062815982199,0.1582859279551331,0.0
12665,1.0,0.05,0.00012532089762168418,7.148677394473026,0.007379062815982199,0.1582859279551331,0.0
12666,1.0,0.05,0.00012532089762168418,7.148677394473026,0.007379062815982199,0.1582859279551331,0.0
12667,1.0,0.05,0.00012532089762168418,7.148677394473026,0.007379062815982199,0.1414959711917402,0.0
12668,1.0,0.05,0.00012532089762168418,7.148677394473026,0.007379062815982199,0.1414959711917402,0.0
12669,1.0,0.05,0.00012532089762168418,7.148677394473026,0.007076759929644905,0.1414959711917402,0.0
12670,1.0,0.05,0.00012532089762168418,7.148677394473026,0.007076759929644905,0.1414959711917402,0.0
12671,1.0,0.05,0.0001225878345672221,7.148677394473026,0.007076759929644905,0.1414959711917402,0.0
12672,1.0,0.05,0.0001225878345672221,7.148677394473026,0.007076759929644905,0.1414959711917402,0.0
12673,1.0,0.05,0.0001225878345672221,9.405450922055863,0.007076759929644905,0.1414959711917402,0.0
12674,1.0,0.05,0.0001225878345672221,9.405450922055863,0.007076759929644905,0.1414959711917402,0.0
12675,1.0,0.05,0.0001225878345672221,9.405450922055863,0.006284598964417691,0.1414959711917402,0.0
12676,1.0,0.05,0.0001225878345672221,9.405450922055863,0.006696422515493685,0.1414959711917402,0.0
12677,1.0,0.05,0.0001225878345672221,7.631980989441601,0.0073608961288605945,0.1414959711917402,0.0
12678,1.0,0.05,0.0001225878345672221,7.631980989441601,0.0073608961288605945,0.1414959711917402,0.0
12679,1.0,0.05,0.0001225878345672221,7.631980989441601,0.0073608961288605945,0.1414959711917402,0.0
12680,1.0,0.05,0.0001225878345672221,7.631980989441601,0.0073608961288605945,0.1414959711917402,0.0
12681,1.0,0.05,0.0001225878345672221,7.631980989441601,0.0073608961288605945,0.1414959711917402,0.0
12682,1.0,0.05,0.0001225878345672221,7.631980989441601,0.0073608961288605945,0.1414959711917402,0.0
12683,1.0,0.05,0.00011744042931503722,7.631980989441601,0.0073608961288605945,0.1414959711917402,0.0
12684,1.0,0.05,0.00011744042931503722,7.631980989441601,0.0073608961288605945,0.1414959711917402,0.0
12685,1.0,0.05,0.00011744042931503722,7.631980989441601,0.0073608961288605945,0.1414959711917402,0.0
12686,1.0,0.05,0.00011744042931503722,7.631980989441601,0.0073608961288605945,0.1414959711917402,0.0
12687,1.0,0.05,0.00011744042931503722,7.631980989441601,0.0073608961288605945,0.1414959711917402,0.0
12688,1.0,0.05,0.00011744042931503722,7.631980989441601,0.0073608961288605945,0.14347212730468192,0.0
12689,1.0,0.05,0.00011744042931503722,7.631980989441601,0.0073608961288605945,0.15232325844433942,0.0
12690,1.0,0.05,0.00011744042931503722,7.631980989441601,0.0073608961288605945,0.15232325844433942,0.0
12691,1.0,0.05,0.00011744042931503722,7.631980989441601,0.0073608961288605945,0.15232325844433942,0.0
12692,1.0,0.05,0.00011744042931503722,6.813315490359955,0.0073608961288605945,0.15232325844433942,0.0
12693,1.0,0.05,0.00011744042931503722,6.813315490359955,0.007564611950119594,0.15232325844433942,0.0
12694,1.0,0.05,0.00011744042931503722,6.813315490359955,0.007564611950119594,0.15232325844433942,0.0
12695,1.0,0.05,0.00011744042931503722,6.813315490359955,0.007564611950119594,0.15232325844433942,0.0
12696,1.0,0.05,0.00011744042931503722,7.677706511098677,0.0067875744756246414,0.15232325844433942,0.0
12697,1.0,0.05,0.00011744042931503722,7.677706511098677,0.0067875744756246414,0.15232325844433942,0.0
12698,1.0,0.05,0.00011744042931503722,11.406236203388474,0.0067875744756246414,0.15232325844433942,0.0
12699,1.0,0.05,0.0001201016859877626,11.406236203388474,0.0067875744756246414,0.1275900595912832,0.0
12700,1.0,0.05,0.0001201016859877626,11.406236203388474,0.0067875744756246414,0.1275900595912832,0.0
12701,1.0,0.05,0.0001201016859877626,11.406236203388474,0.0067875744756246414,0.1275900595912832,0.0
12702,1.0,0.05,0.0001201016859877626,11.406236203388474,0.0067875744756246414,0.1275900595912832,0.0
12703,1.0,0.05,0.0001201016859877626,11.406236203388474,0.0067875744756246414,0.1275900595912832,0.0
12704,1.0,0.05,0.0001201016859877626,11.406236203388474,0.0067875744756246414,0.1275900595912832,0.0
12705,1.0,0.05,0.0001201016859877626,11.406236203388474,0.0067875744756246414,0.1275900595912832,0.0
12706,1.0,0.05,0.0001201016859877626,11.406236203388474,0.0067875744756246414,0.1275900595912832,0.0
12707,1.0,0.05,0.0001201016859877626,11.406236203388474,0.0067875744756246414,0.1275900595912832,0.0
12708,1.0,0.05,0.0001201016859877626,11.406236203388474,0.0067875744756246414,0.1275900595912832,0.0
12709,1.0,0.05,0.0001201016859877626,11.406236203388474,0.0067875744756246414,0.1275900595912832,0.0
12710,1.0,0.05,0.0001201016859877626,11.406236203388474,0.0067875744756246414,0.1275900595912832,0.0
12711,1.0,0.05,0.0001201016859877626,11.406236203388474,0.0067875744756246414,0.10257778066349212,0.0
12712,1.0,0.05,0.0001201016859877626,11.406236203388474,0.0067875744756246414,0.10257778066349212,0.0
12713,1.0,0.05,0.0001201016859877626,11.406236203388474,0.0067875744756246414,0.10257778066349212,0.0
12714,1.0,0.05,0.0001201016859877626,11.406236203388474,0.0067875744756246414,0.10257778066349212,0.0
12715,1.0,0.05,0.0001201016859877626,11.406236203388474,0.0067875744756246414,0.10257778066349212,0.0
12716,1.0,0.05,0.0001201016859877626,11.406236203388474,0.006666748018639643,0.10257778066349212,0.0
12717,1.0,0.05,0.0001201016859877626,11.406236203388474,0.006666748018639643,0.10257778066349212,0.0
12718,1.0,0.05,0.0001201016859877626,11.406236203388474,0.006511079292066768,0.10257778066349212,0.0
12719,1.0,0.05,0.0001201016859877626,14.529795955610638,0.006709809008437981,0.10257778066349212,0.0
12720,1.0,0.05,0.0001201016859877626,14.529795955610638,0.0065426825576857875,0.10257778066349212,0.0
12721,1.0,0.05,0.0001201016859877626,14.529795955610638,0.0065426825576857875,0.10257778066349212,0.0
12722,1.0,0.05,0.0001201016859877626,14.529795955610638,0.0065426825576857875,0.10257778066349212,0.0
12723,1.0,0.05,0.0001201016859877626,14.529795955610638,0.0065426825576857875,0.10257778066349212,0.0
12724,1.0,0.05,0.0001201016859877626,14.529795955610638,0.0065426825576857875,0.10257778066349212,0.0
12725,1.0,0.05,0.0001201016859877626,14.529795955610638,0.0065426825576857875,0.10257778066349212,0.0
12726,1.0,0.05,0.0001201016859877626,14.529795955610638,0.0065426825576857875,0.10257778066349212,0.0
12727,1.0,0.05,0.0001201016859877626,14.529795955610638,0.007200498884332171,0.10257778066349212,0.0
12728,1.0,0.05,0.0001201016859877626,17.558763211778384,0.006694576081971117,0.10257778066349212,0.0
12729,1.0,0.05,0.0001201016859877626,17.558763211778384,0.006694576081971117,0.10257778066349212,0.0
12730,1.0,0.05,0.0001201016859877626,8.256918541690325,0.006694576081971117,0.10257778066349212,0.0
12731,1.0,0.05,0.0001201016859877626,8.256918541690325,0.006694576081971117,0.10257778066349212,0.0
12732,1.0,0.05,0.0001201016859877626,8.256918541690325,0.006694576081971117,0.10964426602751579,0.0
12733,1.0,0.05,0.00012857877718124356,8.256918541690325,0.006694576081971117,0.10964426602751579,0.0
12734,1.0,0.05,0.00012857877718124356,8.256918541690325,0.006694576081971117,0.10964426602751579,0.0
12735,1.0,0.05,0.00012857877718124356,8.256918541690325,0.006694576081971117,0.1315562183949343,0.0
12736,1.0,0.05,0.00012857877718124356,8.256918541690325,0.006694576081971117,0.1315562183949343,0.0
12737,1.0,0.05,0.00012857877718124356,8.256918541690325,0.006694576081971117,0.1315562183949343,0.0
12738,1.0,0.05,0.00012857877718124356,8.256918541690325,0.006694576081971117,0.13223071259971383,0.0
12739,1.0,0.05,0.00012666590649877595,8.256918541690325,0.006694576081971117,0.13223071259971383,0.0
12740,1.0,0.05,0.00012666590649877595,8.256918541690325,0.006694576081971117,0.13223071259971383,0.0
12741,1.0,0.05,0.00012666590649877595,8.256918541690325,0.006694576081971117,0.13223071259971383,0.0
12742,1.0,0.05,0.0001260925985066652,8.256918541690325,0.006694576081971117,0.13223071259971383,0.0
12743,1.0,0.05,0.0001260925985066652,8.256918541690325,0.006694576081971117,0.10823809939060165,0.0
12744,1.0,0.05,0.0001260925985066652,8.256918541690325,0.006694576081971117,0.1274344489416895,0.0
12745,1.0,0.05,0.0001260925985066652,8.256918541690325,0.006694576081971117,0.1274344489416895,0.0
12746,1.0,0.05,0.0001260925985066652,8.256918541690325,0.006694576081971117,0.1274344489416895,0.0
12747,1.0,0.05,0.0001260925985066652,8.256918541690325,0.006694576081971117,0.1274344489416895,0.0
12748,1.0,0.05,0.0001260925985066652,8.256918541690325,0.006694576081971117,0.1274344489416895,0.0
12749,1.0,0.05,0.0001260925985066652,8.256918541690325,0.006694576081971117,0.1274344489416895,0.0
12750,1.0,0.05,0.0001260925985066652,8.256918541690325,0.006694576081971117,0.1404383818272775,0.0
12751,1.0,0.05,0.0001260925985066652,8.256918541690325,0.006694576081971117,0.1404383818272775,0.0
12752,1.0,0.05,0.0001260925985066652,8.256918541690325,0.006694576081971117,0.1404383818272775,0.0
12753,1.0,0.05,0.0001260925985066652,8.256918541690325,0.006694576081971117,0.1404383818272775,0.0
12754,1.0,0.05,0.00012070327304305935,8.256918541690325,0.006694576081971117,0.13681279300958643,0.0
12755,1.0,0.05,0.00012070327304305935,8.256918541690325,0.006694576081971117,0.13681279300958643,0.0
12756,1.0,0.05,0.00012070327304305935,8.256918541690325,0.006694576081971117,0.154650308881442,0.0
12757,1.0,0.05,0.00012070327304305935,8.256918541690325,0.007164091820011551,0.154650308881442,0.0
12758,1.0,0.05,0.00012070327304305935,8.256918541690325,0.007164091820011551,0.13819469079699004,0.0
12759,1.0,0.05,0.00012070327304305935,8.256918541690325,0.007042559888913917,0.13819469079699004,0.0
12760,1.0,0.05,0.00012070327304305935,8.256918541690325,0.007042559888913917,0.1363363537596523,0.0
12761,1.0,0.05,0.00012070327304305935,8.256918541690325,0.007042559888913917,0.1363363537596523,0.0
12762,1.0,0.05,0.00012070327304305935,8.256918541690325,0.007042559888913917,0.11806325948189386,0.0
12763,1.0,0.05,0.00012070327304305935,8.256918541690325,0.007042559888913917,0.16856183235356562,0.0
12764,1.0,0.05,0.00012070327304305935,8.256918541690325,0.007042559888913917,0.16856183235356562,0.0
12765,1.0,0.05,0.00012070327304305935,9.481198809401278,0.007042559888913917,0.16856183235356562,0.0
12766,1.0,0.05,0.00012070327304305935,9.481198809401278,0.007042559888913917,0.16856183235356562,0.0
12767,1.0,0.05,0.00012070327304305935,9.481198809401278,0.007042559888913917,0.16856183235356562,0.0
12768,1.0,0.05,0.00012070327304305935,9.481198809401278,0.007042559888913917,0.16856183235356562,0.0
12769,1.0,0.05,0.00012070327304305935,9.481198809401278,0.007120225560815284,0.16856183235356562,0.0
12770,1.0,0.05,0.00012006829315156101,9.481198809401278,0.007120225560815284,0.1392104944295588,0.0
12771,1.0,0.05,0.00012006829315156101,9.481198809401278,0.007120225560815284,0.1392104944295588,0.0
12772,1.0,0.05,0.00012006829315156101,9.481198809401278,0.007120225560815284,0.1392104944295588,0.0
12773,1.0,0.05,0.00012006829315156101,9.481198809401278,0.007120225560815284,0.1392104944295588,0.0
12774,1.0,0.05,0.00012006829315156101,9.481198809401278,0.007120225560815284,0.1392104944295588,0.0
12775,1.0,0.05,0.00012006829315156101,9.481198809401278,0.007120225560815284,0.1392104944295588,0.0
12776,1.0,0.05,0.00012006829315156101,7.8859403426740045,0.007120225560815284,0.1392104944295588,0.0
12777,1.0,0.05,0.00012009175905008128,9.251719931845031,0.007120225560815284,0.1392104944295588,0.0
12778,1.0,0.05,0.00012009175905008128,9.251719931845031,0.007157454762703932,0.11743097896703518,0.0
12779,1.0,0.05,0.00012823205349609028,9.251719931845031,0.007157454762703932,0.11743097896703518,0.0
12780,1.0,0.05,0.00012823205349609028,9.251719931845031,0.007157454762703932,0.11743097896703518,0.0
12781,1.0,0.05,0.00012823205349609028,9.251719931845031,0.007157454762703932,0.11743097896703518,0.0
12782,1.0,0.05,0.00012823205349609028,9.251719931845031,0.007157454762703932,0.11743097896703518,0.0
12783,1.0,0.05,0.00012823205349609028,9.251719931845031,0.007157454762703932,0.11743097896703518,0.0
12784,1.0,0.05,0.00012823205349609028,9.251719931845031,0.007157454762703932,0.11743097896703518,0.0
12785,1.0,0.05,0.00012823205349609028,12.102067616853901,0.007157454762703932,0.10050395903223797,0.0
12786,1.0,0.05,0.00012823205349609028,12.102067616853901,0.007157454762703932,0.10050395903223797,0.0
12787,1.0,0.05,0.00012823205349609028,12.102067616853901,0.007157454762703932,0.10402079956419986,0.0
12788,1.0,0.05,0.00012823205349609028,12.102067616853901,0.0068460239380526665,0.10652548175087491,0.0
12789,1.0,0.05,0.00012823205349609028,12.102067616853901,0.0068460239380526665,0.10652548175087491,0.0
12790,1.0,0.05,0.00012823205349609028,11.769960141136067,0.0068460239380526665,0.10652548175087491,0.0
12791,1.0,0.05,0.00012823205349609028,11.769960141136067,0.0068460239380526665,0.10652548175087491,0.0
12792,1.0,0.05,0.00012823205349609028,11.769960141136067,0.00597556432774158,0.10652548175087491,0.0
12793,1.0,0.05,0.00012823205349609028,11.769960141136067,0.00597556432774158,0.10652548175087491,0.0
12794,1.0,0.05,0.00012823205349609028,11.769960141136067,0.00597556432774158,0.10652548175087491,0.0
12795,1.0,0.05,0.00012823205349609028,11.769960141136067,0.006554563277971918,0.10652548175087491,0.0
12796,1.0,0.05,0.00012823205349609028,11.769960141136067,0.006554563277971918,0.10652548175087491,0.0
12797,1.0,0.05,0.00012823205349609028,11.769960141136067,0.006554563277971918,0.10652548175087491,0.0
12798,1.0,0.05,0.00012567991857168715,11.769960141136067,0.006554563277971918,0.10652548175087491,0.0
12799,1.0,0.05,0.00012567991857168715,12.261386491917364,0.006554563277971918,0.10652548175087491,0.0
12800,1.0,0.05,0.00012567991857168715,12.261386491917364,0.006554563277971918,0.10652548175087491,0.0
12801,1.0,0.05,0.00012567991857168715,12.261386491917364,0.006898849821905129,0.10652548175087491,0.0
12802,1.0,0.05,0.00012567991857168715,12.261386491917364,0.006898849821905129,0.10652548175087491,0.0
12803,1.0,0.05,0.00012567991857168715,12.261386491917364,0.006898849821905129,0.10652548175087491,0.0
12804,1.0,0.05,0.00012567991857168715,13.324614807865217,0.006898849821905129,0.10652548175087491,0.0
12805,1.0,0.05,0.00012567991857168715,8.436778845531975,0.006898849821905129,0.10652548175087491,0.0
12806,1.0,0.05,0.00012567991857168715,8.436778845531975,0.006898849821905129,0.10652548175087491,0.0
12807,1.0,0.05,0.00012567991857168715,8.436778845531975,0.006898849821905129,0.10652548175087491,0.0
12808,1.0,0.05,0.00012567991857168715,8.436778845531975,0.006898849821905129,0.09955396891472547,0.0
12809,1.0,0.05,0.00012567991857168715,8.436778845531975,0.006898849821905129,0.09955396891472547,0.0
12810,1.0,0.05,0.00012567991857168715,8.436778845531975,0.006898849821905129,0.1311602351071992,0.0
12811,1.0,0.05,0.00012567991857168715,8.436778845531975,0.006898849821905129,0.1311602351071992,0.0
12812,1.0,0.05,0.00012567991857168715,9.106732851647095,0.006898849821905129,0.1311602351071992,0.0
12813,1.0,0.05,0.00012567991857168715,9.106732851647095,0.006898849821905129,0.1311602351071992,0.0
12814,1.0,0.05,0.00012567991857168715,9.315085112660967,0.006198432855110692,0.1311602351071992,0.0
12815,1.0,0.05,0.00012567991857168715,9.315085112660967,0.006198432855110692,0.1311602351071992,0.0
12816,1.0,0.05,0.00012567991857168715,9.315085112660967,0.006561969693964922,0.1311602351071992,0.0
12817,1.0,0.05,0.00012567991857168715,9.315085112660967,0.00653008779474462,0.09745547867214355,0.0
12818,1.0,0.05,0.00012567991857168715,11.935051299714488,0.00653008779474462,0.09745547867214355,0.0
12819,1.0,0.05,0.00012567991857168715,11.935051299714488,0.00653008779474462,0.09745547867214355,0.0
12820,1.0,0.05,0.00012567991857168715,11.935051299714488,0.006985097625269301,0.09745547867214355,0.0
12821,1.0,0.05,0.00012567991857168715,11.935051299714488,0.006118801127054968,0.09745547867214355,0.0
12822,1.0,0.05,0.00012567991857168715,11.935051299714488,0.006118801127054968,0.09745547867214355,0.0
12823,1.0,0.05,0.00012567991857168715,11.935051299714488,0.006118801127054968,0.08574971929518045,0.0
12824,1.0,0.05,0.00012567991857168715,11.935051299714488,0.006118801127054968,0.08574971929518045,0.0
12825,1.0,0.05,0.00012567991857168715,11.935051299714488,0.0067224225656159695,0.1305435454030465,0.0
12826,1.0,0.05,0.00012567991857168715,11.935051299714488,0.0067224225656159695,0.1305435454030465,0.0
12827,1.0,0.05,0.00012530322421116407,11.935051299714488,0.0067224225656159695,0.10229257626832289,0.0
12828,1.0,0.05,0.00012674052522972622,11.935051299714488,0.0067224225656159695,0.10229257626832289,0.0
12829,1.0,0.05,0.00012674052522972622,11.935051299714488,0.0067224225656159695,0.10229257626832289,0.0
12830,1.0,0.05,0.00012674052522972622,11.935051299714488,0.006360092255166857,0.10229257626832289,0.0
12831,1.0,0.05,0.00012109087110820856,11.935051299714488,0.006842548074000938,0.10229257626832289,0.0
12832,1.0,0.05,0.00012109087110820856,11.935051299714488,0.006842548074000938,0.12377459490718253,0.0
12833,1.0,0.05,0.00012109087110820856,11.935051299714488,0.006842548074000938,0.12377459490718253,0.0
12834,1.0,0.05,0.0001223576904268428,11.935051299714488,0.006842548074000938,0.12377459490718253,0.0
12835,1.0,0.05,0.0001223576904268428,11.935051299714488,0.006842548074000938,0.12377459490718253,0.0
12836,1.0,0.05,0.0001223576904268428,8.56825127615619,0.006842548074000938,0.12377459490718253,0.0
12837,1.0,0.05,0.0001223576904268428,8.56825127615619,0.006842548074000938,0.12377459490718253,0.0
12838,1.0,0.05,0.0001223576904268428,8.56825127615619,0.006842548074000938,0.12377459490718253,0.0
12839,1.0,0.05,0.0001223576904268428,8.56825127615619,0.006879087368824048,0.12377459490718253,0.0
12840,1.0,0.05,0.0001223576904268428,8.56825127615619,0.006879087368824048,0.12377459490718253,0.0
12841,1.0,0.05,0.0001223576904268428,8.56825127615619,0.006879087368824048,0.12377459490718253,0.0
12842,1.0,0.05,0.0001223576904268428,8.56825127615619,0.006879087368824048,0.12377459490718253,0.0
12843,1.0,0.05,0.0001223576904268428,8.56825127615619,0.006879087368824048,0.12377459490718253,0.0
12844,1.0,0.05,0.0001223576904268428,8.56825127615619,0.006879087368824048,0.12377459490718253,0.0
12845,1.0,0.05,0.0001223576904268428,8.56825127615619,0.006879087368824048,0.15066093009234932,0.0
12846,1.0,0.05,0.0001204745206949935,8.56825127615619,0.006879087368824048,0.15066093009234932,0.0
12847,1.0,0.05,0.0001204745206949935,8.56825127615619,0.006879087368824048,0.15066093009234932,0.0
12848,1.0,0.05,0.0001204745206949935,8.56825127615619,0.006879087368824048,0.15066093009234932,0.0
12849,1.0,0.05,0.0001204745206949935,8.56825127615619,0.0071227259216463884,0.15066093009234932,0.0
12850,1.0,0.05,0.0001204745206949935,8.56825127615619,0.0071227259216463884,0.11527292807068505,0.0
12851,1.0,0.05,0.0001204745206949935,8.56825127615619,0.0058187670758045665,0.12351915856473167,0.0
12852,1.0,0.05,0.0001204745206949935,8.56825127615619,0.0058187670758045665,0.12351915856473167,0.0
12853,1.0,0.05,0.0001204745206949935,8.56825127615619,0.0058187670758045665,0.12351915856473167,0.0
12854,1.0,0.05,0.0001204745206949935,8.491375492087954,0.0058187670758045665,0.12351915856473167,0.0
12855,1.0,0.05,0.0001204745206949935,8.491375492087954,0.0058187670758045665,0.12351915856473167,0.0
12856,1.0,0.05,0.0001204745206949935,10.766044561344557,0.0058187670758045665,0.12351915856473167,0.0
12857,1.0,0.05,0.0001204745206949935,10.766044561344557,0.0058187670758045665,0.12351915856473167,0.0
12858,1.0,0.05,0.0001204745206949935,10.766044561344557,0.0058187670758045665,0.13560300320357194,0.0
12859,1.0,0.05,0.0001204745206949935,10.766044561344557,0.0058187670758045665,0.13560300320357194,0.0
12860,1.0,0.05,0.0001204745206949935,10.766044561344557,0.005905744321333363,0.1165552360256937,0.0
12861,1.0,0.05,0.0001204745206949935,10.766044561344557,0.005905744321333363,0.1165552360256937,0.0
12862,1.0,0.05,0.0001204745206949935,11.943611941166836,0.008479927340042898,0.1165552360256937,0.0
12863,1.0,0.05,0.0001204745206949935,11.907841602614894,0.008479927340042898,0.1165552360256937,0.0
12864,1.0,0.05,0.0001204745206949935,12.646105530571418,0.008479927340042898,0.1165552360256937,0.0
12865,1.0,0.05,0.0001204745206949935,14.276893176816756,0.006505640926621445,0.13535545616780215,0.0
12866,1.0,0.05,0.0001204745206949935,14.276893176816756,0.006505640926621445,0.13535545616780215,0.0
12867,1.0,0.05,0.0001204745206949935,14.276893176816756,0.006505640926621445,0.13535545616780215,0.0
12868,1.0,0.05,0.0001204745206949935,14.276893176816756,0.006505640926621445,0.13535545616780215,0.0
12869,1.0,0.05,0.0001204745206949935,14.276893176816756,0.006104619872369034,0.13535545616780215,0.0
12870,1.0,0.05,0.0001204745206949935,8.93122073212875,0.006104619872369034,0.13535545616780215,0.0
12871,1.0,0.05,0.0001204745206949935,8.93122073212875,0.006104619872369034,0.13535545616780215,0.0
12872,1.0,0.05,0.0001204745206949935,8.93122073212875,0.006104619872369034,0.13535545616780215,0.0
12873,1.0,0.05,0.0001204745206949935,8.93122073212875,0.006104619872369034,0.13535545616780215,0.0
12874,1.0,0.05,0.0001204745206949935,8.93122073212875,0.006104619872369034,0.13535545616780215,0.0
12875,1.0,0.05,0.0001204745206949935,8.93122073212875,0.006104619872369034,0.13535545616780215,0.0
12876,1.0,0.05,0.0001204745206949935,8.93122073212875,0.007199477586471523,0.13535545616780215,0.0
12877,1.0,0.05,0.0001133181686268214,15.282064425772575,0.007199477586471523,0.13535545616780215,0.0
12878,1.0,0.05,0.0001133181686268214,15.282064425772575,0.007199477586471523,0.13535545616780215,0.0
12879,1.0,0.05,0.0001133181686268214,15.282064425772575,0.007092731100315188,0.14084484218921117,0.0
12880,1.0,0.05,0.0001133181686268214,15.282064425772575,0.007092731100315188,0.14084484218921117,0.0
12881,1.0,0.05,0.0001133181686268214,15.282064425772575,0.007092731100315188,0.14084484218921117,0.0
12882,1.0,0.05,0.0001133181686268214,15.282064425772575,0.007092731100315188,0.14084484218921117,0.0
12883,1.0,0.05,0.0001133181686268214,15.282064425772575,0.007092731100315188,0.12481965371682491,0.0
12884,1.0,0.05,0.0001133181686268214,15.282064425772575,0.007092731100315188,0.12481965371682491,0.0
12885,1.0,0.05,0.0001133181686268214,15.282064425772575,0.007759011425725219,0.12481965371682491,0.0
12886,1.0,0.05,0.0001133181686268214,15.282064425772575,0.008600313128452794,0.12481965371682491,0.0
12887,1.0,0.05,0.0001133181686268214,15.282064425772575,0.006772280747249719,0.12481965371682491,0.0
12888,1.0,0.05,0.0001133181686268214,15.282064425772575,0.006772280747249719,0.12481965371682491,0.0
12889,1.0,0.05,0.0001133181686268214,16.65908261591555,0.006772280747249719,0.12481965371682491,0.0
12890,1.0,0.05,0.0001133181686268214,16.65908261591555,0.006772280747249719,0.12481965371682491,0.0
12891,1.0,0.05,0.00012255160195171196,16.65908261591555,0.006772280747249719,0.09251314352977728,0.0
12892,1.0,0.05,0.00012255160195171196,16.65908261591555,0.006772280747249719,0.09251314352977728,0.0
12893,1.0,0.05,0.00012255160195171196,16.65908261591555,0.006337707331032584,0.09251314352977728,0.0
12894,1.0,0.05,0.00012255160195171196,14.58111182631427,0.006337707331032584,0.09251314352977728,0.0
12895,1.0,0.05,0.00012255160195171196,14.58111182631427,0.00688997811837676,0.09251314352977728,0.0
12896,1.0,0.05,0.00012255160195171196,14.58111182631427,0.00688997811837676,0.09251314352977728,0.0
12897,1.0,0.05,0.00012255160195171196,14.58111182631427,0.00688997811837676,0.09251314352977728,0.0
12898,1.0,0.05,0.00012255160195171196,14.58111182631427,0.00688997811837676,0.09251314352977728,0.0
12899,1.0,0.05,0.00012255160195171196,14.58111182631427,0.00688997811837676,0.09251314352977728,0.0
12900,1.0,0.05,0.00012255160195171196,14.58111182631427,0.00688997811837676,0.09251314352977728,0.0
12901,1.0,0.05,0.00012255160195171196,14.58111182631427,0.00688997811837676,0.09251314352977728,0.0
12902,1.0,0.05,0.00012255160195171196,14.58111182631427,0.00688997811837676,0.09251314352977728,0.0
12903,1.0,0.05,0.00012255160195171196,14.58111182631427,0.00688997811837676,0.09251314352977728,0.0
12904,1.0,0.05,0.00012255160195171196,14.58111182631427,0.00688997811837676,0.09251314352977728,0.0
12905,1.0,0.05,0.00012255160195171196,14.58111182631427,0.00688997811837676,0.09251314352977728,0.0
12906,1.0,0.05,0.00012255160195171196,14.58111182631427,0.00688997811837676,0.09251314352977728,0.0
12907,1.0,0.05,0.00012255160195171196,14.58111182631427,0.00688997811837676,0.12448541220213383,0.0
12908,1.0,0.05,0.00012255160195171196,14.58111182631427,0.00688997811837676,0.12448541220213383,0.0
12909,1.0,0.05,0.00012255160195171196,14.58111182631427,0.00688997811837676,0.12448541220213383,0.0
12910,1.0,0.05,0.00012255160195171196,14.58111182631427,0.00714724358531302,0.12448541220213383,0.0
12911,1.0,0.05,0.00012255160195171196,14.58111182631427,0.007009755052236843,0.12448541220213383,0.0
12912,1.0,0.05,0.00012255160195171196,14.58111182631427,0.007009755052236843,0.1114087371140965,0.0
12913,1.0,0.05,0.00012255160195171196,14.58111182631427,0.007009755052236843,0.1114087371140965,0.0
12914,1.0,0.05,0.00011719483872620085,14.58111182631427,0.007009755052236843,0.1114087371140965,0.0
12915,1.0,0.05,0.00011719483872620085,14.58111182631427,0.007009755052236843,0.1114087371140965,0.0
12916,1.0,0.05,0.00011719483872620085,14.58111182631427,0.007009755052236843,0.1114087371140965,0.0
12917,1.0,0.05,0.00011719483872620085,12.243901403520312,0.007325943993660488,0.1114087371140965,0.0
12918,1.0,0.05,0.00011719483872620085,12.243901403520312,0.007325943993660488,0.1290539940852067,0.0
12919,1.0,0.05,0.00011719483872620085,12.243901403520312,0.007325943993660488,0.1290539940852067,0.0
12920,1.0,0.05,0.00011719483872620085,12.243901403520312,0.007325943993660488,0.1290539940852067,0.0
12921,1.0,0.05,0.00011719483872620085,12.243901403520312,0.007325943993660488,0.1290539940852067,0.0
12922,1.0,0.05,0.00011719483872620085,11.219646507345487,0.007325943993660488,0.1290539940852067,0.0
12923,1.0,0.05,0.00011719483872620085,11.406627395832828,0.007325943993660488,0.1290539940852067,0.0
12924,1.0,0.05,0.00011719483872620085,11.406627395832828,0.007325943993660488,0.1290539940852067,0.0
12925,1.0,0.05,0.00011719483872620085,11.406627395832828,0.007325943993660488,0.1290539940852067,0.0
12926,1.0,0.05,0.00011719483872620085,11.406627395832828,0.007325943993660488,0.1290539940852067,0.0
12927,1.0,0.05,0.00011719483872620085,11.406627395832828,0.0073811346678951065,0.1290539940852067,0.0
12928,1.0,0.05,0.00011719483872620085,11.406627395832828,0.0073811346678951065,0.1290539940852067,0.0
12929,1.0,0.05,0.00011719483872620085,11.406627395832828,0.0073811346678951065,0.1290539940852067,0.0
12930,1.0,0.05,0.00011719483872620085,11.406627395832828,0.0073811346678951065,0.1290539940852067,0.0
12931,1.0,0.05,0.00011719483872620085,11.406627395832828,0.0071714462947251555,0.1290539940852067,0.0
12932,1.0,0.05,0.00011719483872620085,11.406627395832828,0.0071714462947251555,0.11007176128759244,0.0
12933,1.0,0.05,0.00011719483872620085,11.406627395832828,0.0071714462947251555,0.11007176128759244,0.0
12934,1.0,0.05,0.00011719483872620085,15.245983095555317,0.0071714462947251555,0.11007176128759244,0.0
12935,1.0,0.05,0.00011719483872620085,15.245983095555317,0.0071714462947251555,0.11007176128759244,0.0
12936,1.0,0.05,0.00011719483872620085,12.031288524261313,0.0071714462947251555,0.11007176128759244,0.0
12937,1.0,0.05,0.00011719483872620085,12.031288524261313,0.0071714462947251555,0.11007176128759244,0.0
12938,1.0,0.05,0.00011719483872620085,12.031288524261313,0.0071714462947251555,0.10946154182859116,0.0
12939,1.0,0.05,0.00011719483872620085,12.031288524261313,0.007284591700884289,0.10946154182859116,0.0
12940,1.0,0.05,0.00012273164529648842,12.031288524261313,0.007284591700884289,0.1105502847570723,0.0
12941,1.0,0.05,0.00012273164529648842,12.031288524261313,0.007072442758498979,0.1105502847570723,0.0
12942,1.0,0.05,0.00012273164529648842,12.031288524261313,0.007072442758498979,0.1105502847570723,0.0
12943,1.0,0.05,0.00012273164529648842,12.031288524261313,0.007072442758498979,0.1105502847570723,0.0
12944,1.0,0.05,0.00012273164529648842,12.031288524261313,0.0064345957556682185,0.1190409427067001,0.0
12945,1.0,0.05,0.00012273164529648842,12.031288524261313,0.0064345957556682185,0.1190409427067001,0.0
12946,1.0,0.05,0.00012273164529648842,12.031288524261313,0.0064345957556682185,0.1190409427067001,0.0
12947,1.0,0.05,0.00012273164529648842,11.477555762038634,0.0064345957556682185,0.09191738197514865,0.0
12948,1.0,0.05,0.0001225469241781312,11.477555762038634,0.006217196579106706,0.09533561686790981,0.0
12949,1.0,0.05,0.0001225469241781312,11.477555762038634,0.006217196579106706,0.10231334142015437,0.0
12950,1.0,0.05,0.00011849712670953725,15.797482299432858,0.006217196579106706,0.10231334142015437,0.0
12951,1.0,0.05,0.00011849712670953725,15.797482299432858,0.006217196579106706,0.10231334142015437,0.0
12952,1.0,0.05,0.00011849712670953725,15.797482299432858,0.006217196579106706,0.10231334142015437,0.0
12953,1.0,0.05,0.00011849712670953725,15.797482299432858,0.006217196579106706,0.12312645267753186,0.0
12954,1.0,0.05,0.00011849712670953725,15.797482299432858,0.006217196579106706,0.12312645267753186,0.0
12955,1.0,0.05,0.00011849712670953725,14.825103001266157,0.006857576574660174,0.09670313977373984,0.0
12956,1.0,0.05,0.00011849712670953725,14.825103001266157,0.00726862427556759,0.09670313977373984,0.0
12957,1.0,0.05,0.00011849712670953725,14.825103001266157,0.00726862427556759,0.09670313977373984,0.0
12958,1.0,0.05,0.00011849712670953725,14.825103001266157,0.006864623598713766,0.09670313977373984,0.0
12959,1.0,0.05,0.00011849712670953725,14.825103001266157,0.006864623598713766,0.11142703090702324,0.0
12960,1.0,0.05,0.00011849712670953725,14.825103001266157,0.006864623598713766,0.11142703090702324,0.0
12961,1.0,0.05,0.00011849712670953725,14.825103001266157,0.006864623598713766,0.11142703090702324,0.0
12962,1.0,0.05,0.00011849712670953725,14.825103001266157,0.006864623598713766,0.11142703090702324,0.0
12963,1.0,0.05,0.00011849712670953725,14.825103001266157,0.006864623598713766,0.11142703090702324,0.0
12964,1.0,0.05,0.00011849712670953725,14.825103001266157,0.006864623598713766,0.11142703090702324,0.0
12965,1.0,0.05,0.00011849712670953725,14.825103001266157,0.006864623598713766,0.11142703090702324,0.0
12966,1.0,0.05,0.00011849712670953725,14.825103001266157,0.006864623598713766,0.11142703090702324,0.0
12967,1.0,0.05,0.00011849712670953725,14.825103001266157,0.006864623598713766,0.11142703090702324,0.0
12968,1.0,0.05,0.00011849712670953725,14.825103001266157,0.006864623598713766,0.11142703090702324,0.0
12969,1.0,0.05,0.00011849712670953725,14.825103001266157,0.006864623598713766,0.13825657191162277,0.0
12970,1.0,0.05,0.00011849712670953725,14.825103001266157,0.006864623598713766,0.13825657191162277,0.0
12971,1.0,0.05,0.00011849712670953725,14.825103001266157,0.006864623598713766,0.13825657191162277,0.0
12972,1.0,0.05,0.00011849712670953725,14.825103001266157,0.006864623598713766,0.13825657191162277,0.0
12973,1.0,0.05,0.00011849712670953725,14.825103001266157,0.007921782420574886,0.13825657191162277,0.0
12974,1.0,0.05,0.00011849712670953725,14.825103001266157,0.007921782420574886,0.10576738397474916,0.0
12975,1.0,0.05,0.00011849712670953725,14.825103001266157,0.007921782420574886,0.10576738397474916,0.0
12976,1.0,0.05,0.00011849712670953725,14.825103001266157,0.007921782420574886,0.10576738397474916,0.0
12977,1.0,0.05,0.00011849712670953725,14.825103001266157,0.007921782420574886,0.10576738397474916,0.0
12978,1.0,0.05,0.00011849712670953725,14.825103001266157,0.007921782420574886,0.10576738397474916,0.0
12979,1.0,0.05,0.00011849712670953725,14.254411510167088,0.007921782420574886,0.10576738397474916,0.0
12980,1.0,0.05,0.00011849712670953725,14.254411510167088,0.007921782420574886,0.10576738397474916,0.0
12981,1.0,0.05,0.00011849712670953725,14.254411510167088,0.007962940540060436,0.10576738397474916,0.0
12982,1.0,0.05,0.00011849712670953725,14.254411510167088,0.007962940540060436,0.10576738397474916,0.0
12983,1.0,0.05,0.00011849712670953725,14.254411510167088,0.007962940540060436,0.10576738397474916,0.0
12984,1.0,0.05,0.00011849712670953725,16.936234886731526,0.007962940540060436,0.10865990180358277,0.0
12985,1.0,0.05,0.00011849712670953725,16.936234886731526,0.007962940540060436,0.10865990180358277,0.0
12986,1.0,0.05,0.00011849712670953725,13.346101736331576,0.007962940540060436,0.09097926948308079,0.0
12987,1.0,0.05,0.00011849712670953725,13.346101736331576,0.007962940540060436,0.09097926948308079,0.0
12988,1.0,0.05,0.00011849712670953725,13.346101736331576,0.007962940540060436,0.09097926948308079,0.0
12989,1.0,0.05,0.00011849712670953725,14.116132110566483,0.007962940540060436,0.09097926948308079,0.0
12990,1.0,0.05,0.00011849712670953725,14.116132110566483,0.007962940540060436,0.09097926948308079,0.0
12991,1.0,0.05,0.00011849712670953725,14.116132110566483,0.007962940540060436,0.09097926948308079,0.0
12992,1.0,0.05,0.00011849712670953725,13.801406656296209,0.007962940540060436,0.10856709157194318,0.0
12993,1.0,0.05,0.00011849712670953725,13.801406656296209,0.007962940540060436,0.10856709157194318,0.0
12994,1.0,0.05,0.00012015380632912473,13.801406656296209,0.007962940540060436,0.12631844530702896,0.0
12995,1.0,0.05,0.00012015380632912473,13.801406656296209,0.007962940540060436,0.12631844530702896,0.0
12996,1.0,0.05,0.00012015380632912473,13.801406656296209,0.007962940540060436,0.12631844530702896,0.0
12997,1.0,0.05,0.00012015380632912473,13.801406656296209,0.007962940540060436,0.12631844530702896,0.0
12998,1.0,0.05,0.00012015380632912473,13.801406656296209,0.007962940540060436,0.12604683910460945,0.0
12999,1.0,0.05,0.00012015380632912473,13.801406656296209,0.007962940540060436,0.12604683910460945,0.0
13000,1.0,0.05,0.00012015380632912473,13.801406656296209,0.007962940540060436,0.12604683910460945,0.0
13001,1.0,0.05,0.00012015380632912473,10.94407744515567,0.007748411189409938,0.12604683910460945,0.0
13002,1.0,0.05,0.00012015380632912473,10.94407744515567,0.007748411189409938,0.12604683910460945,0.0
13003,1.0,0.05,0.00012015380632912473,10.94407744515567,0.00799228730242844,0.12604683910460945,0.0
13004,1.0,0.05,0.00012015380632912473,10.94407744515567,0.006887279095177452,0.12604683910460945,0.0
13005,1.0,0.05,0.00012015380632912473,10.94407744515567,0.006887279095177452,0.12604683910460945,0.0
13006,1.0,0.05,0.00012015380632912473,10.94407744515567,0.006887279095177452,0.12604683910460945,0.0
13007,1.0,0.05,0.00012015380632912473,10.94407744515567,0.006887279095177452,0.12604683910460945,0.0
13008,1.0,0.05,0.00012015380632912473,10.94407744515567,0.007547804807651686,0.13402877115374914,0.0
13009,1.0,0.05,0.00011678619409539915,10.94407744515567,0.007322808281847848,0.13402877115374914,0.0
13010,1.0,0.05,0.00011678619409539915,10.94407744515567,0.007322808281847848,0.13402877115374914,0.0
13011,1.0,0.05,0.00011678619409539915,10.94407744515567,0.007322808281847848,0.13776881304703978,0.0
13012,1.0,0.05,0.00011678619409539915,10.94407744515567,0.007322808281847848,0.13776881304703978,0.0
13013,1.0,0.05,0.00011678619409539915,10.94407744515567,0.007322808281847848,0.13776881304703978,0.0
13014,1.0,0.05,0.00011678619409539915,8.499390830885162,0.007523863539671966,0.13776881304703978,0.0
13015,1.0,0.05,0.00011678619409539915,8.499390830885162,0.007523863539671966,0.13776881304703978,0.0
13016,1.0,0.05,0.00011678619409539915,8.499390830885162,0.007523863539671966,0.13776881304703978,0.0
13017,1.0,0.05,0.00011678619409539915,8.499390830885162,0.007523863539671966,0.151410311864394,0.0
13018,1.0,0.05,0.0001146199161927347,8.499390830885162,0.007523863539671966,0.151410311864394,0.0
13019,1.0,0.05,0.0001146199161927347,8.499390830885162,0.007523863539671966,0.151410311864394,0.0
13020,1.0,0.05,0.0001146199161927347,8.499390830885162,0.007136920908855528,0.151410311864394,0.0
13021,1.0,0.05,0.0001146199161927347,8.499390830885162,0.007136920908855528,0.151410311864394,0.0
13022,1.0,0.05,0.0001146199161927347,8.499390830885162,0.007136920908855528,0.151410311864394,0.0
13023,1.0,0.05,0.0001146199161927347,8.499390830885162,0.007136920908855528,0.151410311864394,0.0
13024,1.0,0.05,0.0001146199161927347,8.499390830885162,0.007136920908855528,0.151410311864394,0.0
13025,1.0,0.05,0.0001146199161927347,8.499390830885162,0.007136920908855528,0.151410311864394,0.0
13026,1.0,0.05,0.0001146199161927347,8.499390830885162,0.007136920908855528,0.151410311864394,0.0
13027,1.0,0.05,0.0001146199161927347,6.6201415064487605,0.007136920908855528,0.16061195952266977,0.0
13028,1.0,0.05,0.00011936518996610416,6.6201415064487605,0.007354776576833379,0.1826231796611261,0.0
13029,1.0,0.05,0.00011936518996610416,6.6201415064487605,0.007354776576833379,0.1826231796611261,0.0
13030,1.0,0.05,0.00011936518996610416,6.6201415064487605,0.007354776576833379,0.1826231796611261,0.0
13031,1.0,0.05,0.00011936518996610416,6.6201415064487605,0.007354776576833379,0.13965072423440392,0.0
13032,1.0,0.05,0.00011936518996610416,11.886891958426048,0.007354776576833379,0.13965072423440392,0.0
13033,1.0,0.05,0.00011936518996610416,11.886891958426048,0.007354776576833379,0.13965072423440392,0.0
13034,1.0,0.05,0.00011936518996610416,11.886891958426048,0.007354776576833379,0.13602205325652297,0.0
13035,1.0,0.05,0.00011936518996610416,11.886891958426048,0.007354776576833379,0.14241286830162253,0.0
13036,1.0,0.05,0.00011222355640778187,11.886891958426048,0.007354776576833379,0.15487408345227144,0.0
13037,1.0,0.05,0.00011222355640778187,11.886891958426048,0.007354776576833379,0.15487408345227144,0.0
13038,1.0,0.05,0.00011222355640778187,11.886891958426048,0.007354776576833379,0.15487408345227144,0.0
13039,1.0,0.05,0.00011222355640778187,11.886891958426048,0.007354776576833379,0.15309321405739673,0.0
13040,1.0,0.05,0.00011222355640778187,11.886891958426048,0.007354776576833379,0.17347207709632326,0.0
13041,1.0,0.05,0.00011222355640778187,11.886891958426048,0.007354776576833379,0.17347207709632326,0.0
13042,1.0,0.05,0.00011222355640778187,11.886891958426048,0.008434759718339886,0.17347207709632326,0.0
13043,1.0,0.05,0.00011222355640778187,11.886891958426048,0.008434759718339886,0.17347207709632326,0.0
13044,1.0,0.05,0.00011222355640778187,11.886891958426048,0.007970952635434056,0.17347207709632326,0.0
13045,1.0,0.05,0.00011222355640778187,11.886891958426048,0.007970952635434056,0.17347207709632326,0.0
13046,1.0,0.05,0.00011222355640778187,11.886891958426048,0.007970952635434056,0.17347207709632326,0.0
13047,1.0,0.05,0.00011222355640778187,11.023731404093112,0.007970952635434056,0.17347207709632326,0.0
13048,1.0,0.05,0.00011222355640778187,11.023731404093112,0.007970952635434056,0.17347207709632326,0.0
13049,1.0,0.05,0.00011222355640778187,11.023731404093112,0.007970952635434056,0.17347207709632326,0.0
13050,1.0,0.05,0.00011222355640778187,11.023731404093112,0.007970952635434056,0.17347207709632326,0.0
13051,1.0,0.05,0.00011369014805491638,11.023731404093112,0.007970952635434056,0.17347207709632326,0.0
13052,1.0,0.05,0.00011369014805491638,11.023731404093112,0.007631415947082355,0.17347207709632326,0.0
13053,1.0,0.05,0.00011369014805491638,11.023731404093112,0.007631415947082355,0.17347207709632326,0.0
13054,1.0,0.05,0.00011369014805491638,11.023731404093112,0.007631415947082355,0.17347207709632326,0.0
13055,1.0,0.05,0.00011369014805491638,6.873321093891718,0.007631415947082355,0.17347207709632326,0.0
13056,1.0,0.05,0.00011369014805491638,6.873321093891718,0.007631415947082355,0.17347207709632326,0.0
13057,1.0,0.05,0.00011369014805491638,6.873321093891718,0.007631415947082355,0.17347207709632326,0.0
13058,1.0,0.05,0.00011369014805491638,6.873321093891718,0.007631415947082355,0.17347207709632326,0.0
13059,1.0,0.05,0.00011369014805491638,6.873321093891718,0.007631415947082355,0.17347207709632326,0.0
13060,1.0,0.05,0.00011369014805491638,6.873321093891718,0.007631415947082355,0.17347207709632326,0.0
13061,1.0,0.05,0.00011369014805491638,6.873321093891718,0.0072514725885617325,0.17347207709632326,0.0
13062,1.0,0.05,0.00011369014805491638,10.091802786517803,0.0072514725885617325,0.17347207709632326,0.0
13063,1.0,0.05,0.00011369014805491638,10.091802786517803,0.0072514725885617325,0.17347207709632326,0.0
13064,1.0,0.05,0.00011369014805491638,9.149896153310763,0.007099031345740696,0.13669761305989483,0.0
13065,1.0,0.05,0.00011369014805491638,9.149896153310763,0.007417634073706315,0.2028976104005427,0.0
13066,1.0,0.05,0.00011369014805491638,9.149896153310763,0.007417634073706315,0.2028976104005427,0.0
13067,1.0,0.05,0.00011369014805491638,9.149896153310763,0.007417634073706315,0.2028976104005427,0.0
13068,1.0,0.05,0.00011369014805491638,5.801387598920044,0.007417634073706315,0.2028976104005427,0.0
13069,1.0,0.05,0.00011369014805491638,5.801387598920044,0.007417634073706315,0.2028976104005427,0.0
13070,1.0,0.05,0.00011369014805491638,7.103697327395551,0.007417634073706315,0.2028976104005427,0.0
13071,1.0,0.05,0.00011369014805491638,7.103697327395551,0.007417634073706315,0.21401032441476658,0.0
13072,1.0,0.05,0.00011369014805491638,7.103697327395551,0.007417634073706315,0.21401032441476658,0.0
13073,1.0,0.05,0.00011369014805491638,7.103697327395551,0.007417634073706315,0.20731693047238187,0.0
13074,1.0,0.05,0.00011369014805491638,7.103697327395551,0.007417634073706315,0.20731693047238187,0.0
13075,1.0,0.05,0.00011369014805491638,5.735799452414582,0.007417634073706315,0.20731693047238187,0.0
13076,1.0,0.05,0.00011369014805491638,5.735799452414582,0.007417634073706315,0.20731693047238187,0.0
13077,1.0,0.05,0.00011369014805491638,8.044533940572634,0.007417634073706315,0.20731693047238187,0.0
13078,1.0,0.05,0.00011369014805491638,8.044533940572634,0.007417634073706315,0.2213921651286319,0.0
13079,1.0,0.05,0.00011369014805491638,8.044533940572634,0.007417634073706315,0.2213921651286319,0.0
13080,1.0,0.05,0.00011369014805491638,7.660437154220489,0.007417634073706315,0.2213921651286319,0.0
13081,1.0,0.05,0.00011369014805491638,7.660437154220489,0.007417634073706315,0.2213921651286319,0.0
13082,1.0,0.05,0.00011369014805491638,7.660437154220489,0.007417634073706315,0.2213921651286319,0.0
13083,1.0,0.05,0.00011369014805491638,7.660437154220489,0.007417634073706315,0.2213921651286319,0.0
13084,1.0,0.05,0.00011369014805491638,7.660437154220489,0.007417634073706315,0.2213921651286319,0.0
13085,1.0,0.05,0.00011369014805491638,7.660437154220489,0.007417634073706315,0.2213921651286319,0.0
13086,1.0,0.05,0.00012463717170239797,7.660437154220489,0.007417634073706315,0.14447558641798652,0.0
13087,1.0,0.05,0.00012463717170239797,7.660437154220489,0.007417634073706315,0.12558722656870033,0.0
13088,1.0,0.05,0.00012463717170239797,7.660437154220489,0.007417634073706315,0.13382781915871714,0.0
13089,1.0,0.05,0.00012463717170239797,7.660437154220489,0.007417634073706315,0.1284537691658495,0.0
13090,1.0,0.05,0.00012463717170239797,7.660437154220489,0.007417634073706315,0.1284537691658495,0.0
13091,1.0,0.05,0.00012463717170239797,11.916652662042182,0.007417634073706315,0.1284537691658495,0.0
13092,1.0,0.05,0.00012463717170239797,11.916652662042182,0.007417634073706315,0.1284537691658495,0.0
13093,1.0,0.05,0.00012463717170239797,11.916652662042182,0.007417634073706315,0.1284537691658495,0.0
13094,1.0,0.05,0.00012463717170239797,11.916652662042182,0.007417634073706315,0.09841659921811784,0.0
13095,1.0,0.05,0.00012463717170239797,11.916652662042182,0.007417634073706315,0.09841659921811784,0.0
13096,1.0,0.05,0.00012463717170239797,15.997648685076513,0.007417634073706315,0.09841659921811784,0.0
13097,1.0,0.05,0.00012463717170239797,15.997648685076513,0.007189610396893264,0.08600130111693338,0.0
13098,1.0,0.05,0.00012463717170239797,15.997648685076513,0.007189610396893264,0.09325691917544197,0.0
13099,1.0,0.05,0.00012463717170239797,15.997648685076513,0.00659769830134167,0.09325691917544197,0.0
13100,1.0,0.05,0.00012463717170239797,15.997648685076513,0.00659769830134167,0.09325691917544197,0.0
13101,1.0,0.05,0.00012463717170239797,14.483979396535517,0.006891929735587334,0.09325691917544197,0.0
13102,1.0,0.05,0.00012463717170239797,14.483979396535517,0.006286816606053552,0.09325691917544197,0.0
13103,1.0,0.05,0.00012463717170239797,14.483979396535517,0.006286816606053552,0.09325691917544197,0.0
13104,1.0,0.05,0.00012463717170239797,14.483979396535517,0.006824904315898353,0.09325691917544197,0.0
13105,1.0,0.05,0.0001225820313308839,14.483979396535517,0.006824904315898353,0.113887775929791,0.0
13106,1.0,0.05,0.0001225820313308839,14.483979396535517,0.006824904315898353,0.113887775929791,0.0
13107,1.0,0.05,0.0001225820313308839,14.483979396535517,0.006824904315898353,0.113887775929791,0.0
13108,1.0,0.05,0.0001225820313308839,14.483979396535517,0.006824904315898353,0.113887775929791,0.0
13109,1.0,0.05,0.0001225820313308839,14.483979396535517,0.006824904315898353,0.113887775929791,0.0
13110,1.0,0.05,0.0001225820313308839,14.483979396535517,0.006824904315898353,0.113887775929791,0.0
13111,1.0,0.05,0.0001225820313308839,7.255540964346423,0.006824904315898353,0.11706615756148095,0.0
13112,1.0,0.05,0.0001225820313308839,7.255540964346423,0.006824904315898353,0.11263927879223254,0.0
13113,1.0,0.05,0.0001225820313308839,7.255540964346423,0.006824904315898353,0.12770344426676647,0.0
13114,1.0,0.05,0.00012495475055562154,7.255540964346423,0.006824904315898353,0.12770344426676647,0.0
13115,1.0,0.05,0.00012495475055562154,7.255540964346423,0.006824904315898353,0.12770344426676647,0.0
13116,1.0,0.05,0.00012495475055562154,7.255540964346423,0.006824904315898353,0.12770344426676647,0.0
13117,1.0,0.05,0.00013212676664950347,7.255540964346423,0.00606401532435509,0.12770344426676647,0.0
13118,1.0,0.05,0.00012172245979556447,7.255540964346423,0.00606401532435509,0.12770344426676647,0.0
13119,1.0,0.05,0.00012172245979556447,9.692412690544089,0.00606401532435509,0.12770344426676647,0.0
13120,1.0,0.05,0.00012296392914370414,8.591319716064234,0.00606401532435509,0.12770344426676647,0.0
13121,1.0,0.05,0.00012296392914370414,8.591319716064234,0.00606401532435509,0.12770344426676647,0.0
13122,1.0,0.05,0.00012296392914370414,8.591319716064234,0.006526188250734714,0.12770344426676647,0.0
13123,1.0,0.05,0.00012296392914370414,8.591319716064234,0.006526188250734714,0.12770344426676647,0.0
13124,1.0,0.05,0.00012296392914370414,8.591319716064234,0.006556292768501383,0.12770344426676647,0.0
13125,1.0,0.05,0.00012296392914370414,8.591319716064234,0.006556292768501383,0.12770344426676647,0.0
13126,1.0,0.05,0.00012296392914370414,8.591319716064234,0.006556292768501383,0.12770344426676647,0.0
13127,1.0,0.05,0.00012296392914370414,8.591319716064234,0.006556292768501383,0.12770344426676647,0.0
13128,1.0,0.05,0.00012296392914370414,10.078826265821576,0.006556292768501383,0.12770344426676647,0.0
13129,1.0,0.05,0.00012296392914370414,9.943414674806576,0.006556292768501383,0.12770344426676647,0.0
13130,1.0,0.05,0.00012296392914370414,9.943414674806576,0.006556292768501383,0.12770344426676647,0.0
13131,1.0,0.05,0.00012296392914370414,9.943414674806576,0.006556292768501383,0.12770344426676647,0.0
13132,1.0,0.05,0.00012127894021628935,9.943414674806576,0.006556292768501383,0.12770344426676647,0.0
13133,1.0,0.05,0.00012127894021628935,6.810558396150569,0.006556292768501383,0.13818673081701055,0.0
13134,1.0,0.05,0.00012127894021628935,8.342892366443522,0.006556292768501383,0.13818673081701055,0.0
13135,1.0,0.05,0.00012127894021628935,8.342892366443522,0.006343216430831601,0.13818673081701055,0.0
13136,1.0,0.05,0.00012127894021628935,8.342892366443522,0.006343216430831601,0.13818673081701055,0.0
13137,1.0,0.05,0.00012127894021628935,8.342892366443522,0.006343216430831601,0.13818673081701055,0.0
13138,1.0,0.05,0.00012127894021628935,6.47438016321405,0.007175306734895749,0.13818673081701055,0.0
13139,1.0,0.05,0.00012127894021628935,10.999568185557834,0.007175306734895749,0.13818673081701055,0.0
13140,1.0,0.05,0.00012127894021628935,10.999568185557834,0.006832689876438978,0.13818673081701055,0.0
13141,1.0,0.05,0.00012127894021628935,10.999568185557834,0.00751242529247405,0.13818673081701055,0.0
13142,1.0,0.05,0.0001228872144100001,10.999568185557834,0.006490236003462585,0.13818673081701055,0.0
13143,1.0,0.05,0.0001228872144100001,10.999568185557834,0.006490236003462585,0.13818673081701055,0.0
13144,1.0,0.05,0.0001228872144100001,10.999568185557834,0.006490236003462585,0.13818673081701055,0.0
13145,1.0,0.05,0.0001228872144100001,10.999568185557834,0.006490236003462585,0.13818673081701055,0.0
13146,1.0,0.05,0.0001228872144100001,10.999568185557834,0.006490236003462585,0.13818673081701055,0.0
13147,1.0,0.05,0.0001228872144100001,10.999568185557834,0.006490236003462585,0.13818673081701055,0.0
13148,1.0,0.05,0.0001228872144100001,10.999568185557834,0.006490236003462585,0.13818673081701055,0.0
13149,1.0,0.05,0.0001252496316933037,10.999568185557834,0.006490236003462585,0.10511121207050783,0.0
13150,1.0,0.05,0.0001252496316933037,10.999568185557834,0.006360982364836352,0.10511121207050783,0.0
13151,1.0,0.05,0.0001252496316933037,10.999568185557834,0.006360982364836352,0.11252612228286768,0.0
13152,1.0,0.05,0.0001252496316933037,10.999568185557834,0.006360982364836352,0.11252612228286768,0.0
13153,1.0,0.05,0.0001252496316933037,10.999568185557834,0.006360982364836352,0.11252612228286768,0.0
13154,1.0,0.05,0.0001252496316933037,10.999568185557834,0.006360982364836352,0.11252612228286768,0.0
13155,1.0,0.05,0.0001252496316933037,10.999568185557834,0.006009680863306351,0.11252612228286768,0.0
13156,1.0,0.05,0.0001252496316933037,5.620333633498518,0.006009680863306351,0.12354169346084226,0.0
13157,1.0,0.05,0.0001252496316933037,5.620333633498518,0.006253970653724924,0.12354169346084226,0.0
13158,1.0,0.05,0.00012411768408630836,5.620333633498518,0.006253970653724924,0.15886999600487758,0.0
13159,1.0,0.05,0.00012411768408630836,7.830700740596484,0.006253970653724924,0.15886999600487758,0.0
13160,1.0,0.05,0.00012411768408630836,7.830700740596484,0.006253970653724924,0.15886999600487758,0.0
13161,1.0,0.05,0.00012411768408630836,7.830700740596484,0.006253970653724924,0.16805530425301282,0.0
13162,1.0,0.05,0.00012411768408630836,7.830700740596484,0.006253970653724924,0.16805530425301282,0.0
13163,1.0,0.05,0.00012411768408630836,7.830700740596484,0.006253970653724924,0.16805530425301282,0.0
13164,1.0,0.05,0.00012411768408630836,7.830700740596484,0.006253970653724924,0.16805530425301282,0.0
13165,1.0,0.05,0.00012411768408630836,7.370471249473923,0.006253970653724924,0.11806012033804296,0.0
13166,1.0,0.05,0.00012411768408630836,7.370471249473923,0.006872563395024755,0.11806012033804296,0.0
13167,1.0,0.05,0.00012411768408630836,7.370471249473923,0.006872563395024755,0.11806012033804296,0.0
13168,1.0,0.05,0.00012411768408630836,9.355632821585331,0.006872563395024755,0.11806012033804296,0.0
13169,1.0,0.05,0.00012411768408630836,9.355632821585331,0.006872563395024755,0.11806012033804296,0.0
13170,1.0,0.05,0.00012411768408630836,9.355632821585331,0.006872563395024755,0.11806012033804296,0.0
13171,1.0,0.05,0.00012411768408630836,9.355632821585331,0.006872563395024755,0.11806012033804296,0.0
13172,1.0,0.05,0.00012411768408630836,9.355632821585331,0.006872563395024755,0.11806012033804296,0.0
13173,1.0,0.05,0.00012411768408630836,9.355632821585331,0.006872563395024755,0.13919736248409356,0.0
13174,1.0,0.05,0.00012098278159423267,9.355632821585331,0.006122847489650855,0.13919736248409356,0.0
13175,1.0,0.05,0.00012098278159423267,9.355632821585331,0.007678447257781361,0.13919736248409356,0.0
13176,1.0,0.05,0.00012098278159423267,9.355632821585331,0.007823129643129988,0.13919736248409356,0.0
13177,1.0,0.05,0.00012098278159423267,9.355632821585331,0.006164207763107099,0.13919736248409356,0.0
13178,1.0,0.05,0.00012098278159423267,9.355632821585331,0.006164207763107099,0.13919736248409356,0.0
13179,1.0,0.05,0.00012098278159423267,9.355632821585331,0.006164207763107099,0.13919736248409356,0.0
13180,1.0,0.05,0.00012098278159423267,9.355632821585331,0.006164207763107099,0.13919736248409356,0.0
13181,1.0,0.05,0.00012098278159423267,9.355632821585331,0.006164207763107099,0.13919736248409356,0.0
13182,1.0,0.05,0.00012098278159423267,9.355632821585331,0.006164207763107099,0.13919736248409356,0.0
13183,1.0,0.05,0.00012098278159423267,9.355632821585331,0.0077885399505051274,0.13919736248409356,0.0
13184,1.0,0.05,0.00012098278159423267,9.355632821585331,0.007558217077218673,0.13919736248409356,0.0
13185,1.0,0.05,0.00012098278159423267,9.355632821585331,0.007558217077218673,0.13919736248409356,0.0
13186,1.0,0.05,0.00012098278159423267,9.355632821585331,0.007558217077218673,0.13919736248409356,0.0
13187,1.0,0.05,0.00012098278159423267,8.935310450266698,0.007558217077218673,0.13919736248409356,0.0
13188,1.0,0.05,0.00012098278159423267,8.935310450266698,0.007558217077218673,0.13919736248409356,0.0
13189,1.0,0.05,0.00012098278159423267,8.935310450266698,0.007558217077218673,0.13919736248409356,0.0
13190,1.0,0.05,0.00012098278159423267,8.935310450266698,0.007558217077218673,0.13919736248409356,0.0
13191,1.0,0.05,0.00011903789208860351,8.935310450266698,0.007668142379297837,0.13919736248409356,0.0
13192,1.0,0.05,0.00011738351215144728,12.567860420811812,0.007668142379297837,0.13919736248409356,0.0
13193,1.0,0.05,0.00011738351215144728,12.567860420811812,0.007668142379297837,0.14725477494623104,0.0
13194,1.0,0.05,0.00011738351215144728,8.311005795133553,0.007668142379297837,0.14725477494623104,0.0
13195,1.0,0.05,0.00011738351215144728,15.000380291905941,0.008737302762365652,0.14725477494623104,0.0
13196,1.0,0.05,0.00011738351215144728,15.000380291905941,0.008737302762365652,0.14725477494623104,0.0
13197,1.0,0.05,0.00011738351215144728,15.000380291905941,0.008737302762365652,0.14725477494623104,0.0
13198,1.0,0.05,0.00011738351215144728,15.000380291905941,0.008737302762365652,0.14725477494623104,0.0
13199,1.0,0.05,0.00011738351215144728,15.000380291905941,0.008297529579190794,0.10111529465387095,0.0
13200,1.0,0.05,0.00011738351215144728,15.000380291905941,0.008297529579190794,0.10111529465387095,0.0
13201,1.0,0.05,0.00011738351215144728,14.292716106577473,0.008140003673710238,0.10111529465387095,0.0
13202,1.0,0.05,0.00011738351215144728,14.292716106577473,0.008140003673710238,0.10111529465387095,0.0
13203,1.0,0.05,0.00011738351215144728,14.292716106577473,0.008140003673710238,0.1493926083485842,0.0
13204,1.0,0.05,0.00011738351215144728,14.292716106577473,0.008140003673710238,0.1493926083485842,0.0
13205,1.0,0.05,0.00011738351215144728,11.000376645115594,0.008140003673710238,0.13561250290266158,0.0
13206,1.0,0.05,0.00011738351215144728,11.000376645115594,0.008140003673710238,0.13561250290266158,0.0
13207,1.0,0.05,0.00011738351215144728,10.51402088567552,0.008140003673710238,0.13561250290266158,0.0
13208,1.0,0.05,0.00011738351215144728,10.51402088567552,0.008140003673710238,0.13561250290266158,0.0
13209,1.0,0.05,0.00011738351215144728,10.51402088567552,0.008140003673710238,0.13561250290266158,0.0
13210,1.0,0.05,0.00011738351215144728,10.51402088567552,0.00804736061896261,0.13561250290266158,0.0
13211,1.0,0.05,0.00011738351215144728,10.51402088567552,0.00804736061896261,0.13561250290266158,0.0
13212,1.0,0.05,0.00011738351215144728,9.69166962482258,0.00804736061896261,0.13561250290266158,0.0
13213,1.0,0.05,0.00011738351215144728,9.69166962482258,0.00804736061896261,0.13561250290266158,0.0
13214,1.0,0.05,0.00011738351215144728,9.69166962482258,0.00804736061896261,0.13561250290266158,0.0
13215,1.0,0.05,0.00011738351215144728,9.69166962482258,0.00804736061896261,0.13015774245474734,0.0
13216,1.0,0.05,0.00011738351215144728,13.726543476437342,0.00804736061896261,0.13015774245474734,0.0
13217,1.0,0.05,0.00010798203717018517,13.726543476437342,0.00804736061896261,0.13015774245474734,0.0
13218,1.0,0.05,0.00010798203717018517,13.726543476437342,0.00804736061896261,0.1504724578421274,0.0
13219,1.0,0.05,0.00010798203717018517,13.726543476437342,0.00804736061896261,0.1504724578421274,0.0
13220,1.0,0.05,0.00010798203717018517,13.726543476437342,0.00804736061896261,0.1504724578421274,0.0
13221,1.0,0.05,0.00010798203717018517,13.726543476437342,0.00804736061896261,0.1504724578421274,0.0
13222,1.0,0.05,0.00010798203717018517,13.726543476437342,0.008654818368751248,0.1504724578421274,0.0
13223,1.0,0.05,0.00010798203717018517,13.726543476437342,0.008654818368751248,0.1504724578421274,0.0
13224,1.0,0.05,0.00010798203717018517,13.726543476437342,0.0074072096937702284,0.1504724578421274,0.0
13225,1.0,0.05,0.00010798203717018517,13.726543476437342,0.0074072096937702284,0.1504724578421274,0.0
13226,1.0,0.05,0.00010798203717018517,13.726543476437342,0.0074072096937702284,0.1504724578421274,0.0
13227,1.0,0.05,0.00010798203717018517,13.726543476437342,0.0074072096937702284,0.1504724578421274,0.0
13228,1.0,0.05,0.00010798203717018517,13.726543476437342,0.0074072096937702284,0.1504724578421274,0.0
13229,1.0,0.05,0.00010798203717018517,13.726543476437342,0.0074072096937702284,0.1504724578421274,0.0
13230,1.0,0.05,0.00010798203717018517,13.726543476437342,0.0074072096937702284,0.1504724578421274,0.0
13231,1.0,0.05,0.00010798203717018517,13.726543476437342,0.008396538234182108,0.1504724578421274,0.0
13232,1.0,0.05,0.00010798203717018517,13.726543476437342,0.008396538234182108,0.1504724578421274,0.0
13233,1.0,0.05,0.00010798203717018517,13.726543476437342,0.008396538234182108,0.1504724578421274,0.0
13234,1.0,0.05,0.00010798203717018517,13.726543476437342,0.008396538234182108,0.1504724578421274,0.0
13235,1.0,0.05,0.00010798203717018517,13.726543476437342,0.008396538234182108,0.18117230688770358,0.0
13236,1.0,0.05,0.00010798203717018517,13.726543476437342,0.008396538234182108,0.16246928216111572,0.0
13237,1.0,0.05,0.00010732703280462831,12.793422854027355,0.008396538234182108,0.16246928216111572,0.0
13238,1.0,0.05,0.00010732703280462831,12.793422854027355,0.008396538234182108,0.16246928216111572,0.0
13239,1.0,0.05,0.00010732703280462831,11.977572872393011,0.008396538234182108,0.16246928216111572,0.0
13240,1.0,0.05,0.00010732703280462831,11.977572872393011,0.008396538234182108,0.16246928216111572,0.0
13241,1.0,0.05,0.00010732703280462831,13.81130119388105,0.008396538234182108,0.16246928216111572,0.0
13242,1.0,0.05,0.00010732703280462831,13.81130119388105,0.008396538234182108,0.16246928216111572,0.0
13243,1.0,0.05,0.00010732703280462831,13.81130119388105,0.008396538234182108,0.19103543745874088,0.0
13244,1.0,0.05,0.00010732703280462831,13.81130119388105,0.00790400109745166,0.1744000106316953,0.0
13245,1.0,0.05,0.00010732703280462831,13.81130119388105,0.00790400109745166,0.1744000106316953,0.0
13246,1.0,0.05,0.00010732703280462831,13.81130119388105,0.00790400109745166,0.1744000106316953,0.0
13247,1.0,0.05,0.00010732703280462831,9.194463243200744,0.00790400109745166,0.20255271382573187,0.0
13248,1.0,0.05,0.00010732703280462831,9.194463243200744,0.00790400109745166,0.17674525317577094,0.0
13249,1.0,0.05,0.00010732703280462831,15.491277815932776,0.00790400109745166,0.17674525317577094,0.0
13250,1.0,0.05,0.00010732703280462831,15.491277815932776,0.00790400109745166,0.17674525317577094,0.0
13251,1.0,0.05,0.00010538803106008761,15.491277815932776,0.00790400109745166,0.17674525317577094,0.0
13252,1.0,0.05,0.00010538803106008761,15.491277815932776,0.00790400109745166,0.17674525317577094,0.0
13253,1.0,0.05,0.00010538803106008761,15.491277815932776,0.00790400109745166,0.17674525317577094,0.0
13254,1.0,0.05,0.00010538803106008761,15.491277815932776,0.008077658970628,0.17674525317577094,0.0
13255,1.0,0.05,0.00010538803106008761,15.491277815932776,0.007995639096515825,0.15827417640204233,0.0
13256,1.0,0.05,0.00010538803106008761,15.491277815932776,0.008021938778134933,0.15827417640204233,0.0
13257,1.0,0.05,0.00010538803106008761,15.491277815932776,0.008021938778134933,0.19467625207788414,0.0
13258,1.0,0.05,0.00010538803106008761,15.491277815932776,0.008021938778134933,0.19467625207788414,0.0
13259,1.0,0.05,0.00010538803106008761,15.491277815932776,0.008021938778134933,0.14592791785813633,0.0
13260,1.0,0.05,0.00010538803106008761,15.491277815932776,0.008021938778134933,0.14592791785813633,0.0
13261,1.0,0.05,0.00010820212447771436,15.491277815932776,0.008021938778134933,0.14592791785813633,0.0
13262,1.0,0.05,0.00010820212447771436,15.491277815932776,0.008021938778134933,0.14592791785813633,0.0
13263,1.0,0.05,0.00010820212447771436,15.491277815932776,0.008021938778134933,0.14592791785813633,0.0
13264,1.0,0.05,0.00010820212447771436,15.491277815932776,0.008021938778134933,0.14592791785813633,0.0
13265,1.0,0.05,0.00011350184759537149,15.491277815932776,0.008021938778134933,0.1620104627164185,0.0
13266,1.0,0.05,0.00011350184759537149,15.491277815932776,0.008021938778134933,0.1620104627164185,0.0
13267,1.0,0.05,0.00011350184759537149,15.491277815932776,0.008021938778134933,0.11524043363339381,0.0
13268,1.0,0.05,0.00011350184759537149,9.771829219824909,0.008021938778134933,0.11524043363339381,0.0
13269,1.0,0.05,0.00011350184759537149,13.388450864115569,0.008021938778134933,0.13942861335839715,0.0
13270,1.0,0.05,0.00011350184759537149,13.388450864115569,0.008021938778134933,0.13942861335839715,0.0
13271,1.0,0.05,0.00011350184759537149,13.388450864115569,0.008021938778134933,0.13942861335839715,0.0
13272,1.0,0.05,0.00011843986339815269,13.388450864115569,0.008021938778134933,0.13942861335839715,0.0
13273,1.0,0.05,0.00011790994906548469,13.557472315906423,0.008021938778134933,0.13942861335839715,0.0
13274,1.0,0.05,0.00011790994906548469,13.557472315906423,0.008021938778134933,0.11355036322608472,0.0
13275,1.0,0.05,0.00011790994906548469,13.557472315906423,0.008021938778134933,0.11355036322608472,0.0
13276,1.0,0.05,0.00011790994906548469,13.557472315906423,0.008021938778134933,0.11238400293487871,0.0
13277,1.0,0.05,0.00011790994906548469,13.557472315906423,0.007791816019823867,0.11985801655017356,0.0
13278,1.0,0.05,0.00011790994906548469,13.557472315906423,0.007791816019823867,0.11985801655017356,0.0
13279,1.0,0.05,0.00011790994906548469,11.496253841424007,0.007791816019823867,0.11985801655017356,0.0
13280,1.0,0.05,0.00011790994906548469,11.496253841424007,0.007290229026794304,0.11985801655017356,0.0
13281,1.0,0.05,0.00011582663745585297,11.496253841424007,0.007290229026794304,0.11985801655017356,0.0
13282,1.0,0.05,0.00011582663745585297,11.496253841424007,0.007290229026794304,0.11985801655017356,0.0
13283,1.0,0.05,0.00011582663745585297,11.496253841424007,0.007290229026794304,0.11985801655017356,0.0
13284,1.0,0.05,0.00011582663745585297,11.496253841424007,0.007290229026794304,0.11985801655017356,0.0
13285,1.0,0.05,0.00011582663745585297,11.496253841424007,0.007290229026794304,0.11985801655017356,0.0
13286,1.0,0.05,0.00011829421629702208,11.496253841424007,0.007290229026794304,0.11985801655017356,0.0
13287,1.0,0.05,0.00011829421629702208,11.496253841424007,0.007290229026794304,0.12668701054693682,0.0
13288,1.0,0.05,0.00011829421629702208,11.496253841424007,0.007290229026794304,0.12668701054693682,0.0
13289,1.0,0.05,0.00012484805338704638,11.496253841424007,0.006466634889391568,0.12668701054693682,0.0
13290,1.0,0.05,0.00012484805338704638,11.496253841424007,0.006466634889391568,0.12668701054693682,0.0
13291,1.0,0.05,0.00012484805338704638,11.496253841424007,0.006416385243717324,0.1125034187540164,0.0
13292,1.0,0.05,0.00012484805338704638,11.496253841424007,0.006416385243717324,0.1125034187540164,0.0
13293,1.0,0.05,0.00012484805338704638,11.496253841424007,0.006416385243717324,0.1125034187540164,0.0
13294,1.0,0.05,0.00012484805338704638,11.496253841424007,0.006416385243717324,0.1125034187540164,0.0
13295,1.0,0.05,0.00012484805338704638,11.496253841424007,0.006416385243717324,0.1125034187540164,0.0
13296,1.0,0.05,0.00012484805338704638,11.496253841424007,0.006416385243717324,0.1125034187540164,0.0
13297,1.0,0.05,0.00012484805338704638,11.496253841424007,0.006700049707762051,0.1125034187540164,0.0
13298,1.0,0.05,0.00012484805338704638,11.496253841424007,0.006700049707762051,0.1125034187540164,0.0
13299,1.0,0.05,0.00012484805338704638,11.496253841424007,0.006700049707762051,0.1125034187540164,0.0
13300,1.0,0.05,0.00012484805338704638,11.496253841424007,0.006700049707762051,0.1125034187540164,0.0
13301,1.0,0.05,0.00012484805338704638,11.607931479627155,0.006700049707762051,0.1125034187540164,0.0
13302,1.0,0.05,0.00012484805338704638,11.607931479627155,0.006700049707762051,0.1125034187540164,0.0
13303,1.0,0.05,0.00012484805338704638,11.607931479627155,0.006700049707762051,0.1125034187540164,0.0
13304,1.0,0.05,0.00012484805338704638,11.607931479627155,0.006700049707762051,0.1125034187540164,0.0
13305,1.0,0.05,0.00012126679376746682,11.607931479627155,0.006700049707762051,0.10926516807645095,0.0
13306,1.0,0.05,0.00012126679376746682,11.607931479627155,0.006700049707762051,0.10926516807645095,0.0
13307,1.0,0.05,0.00012126679376746682,10.651023855542135,0.006700049707762051,0.10926516807645095,0.0
13308,1.0,0.05,0.00012126679376746682,10.651023855542135,0.006700049707762051,0.10926516807645095,0.0
13309,1.0,0.05,0.00012126679376746682,10.651023855542135,0.006576603778965731,0.10926516807645095,0.0
13310,1.0,0.05,0.00012126679376746682,10.651023855542135,0.006576603778965731,0.10926516807645095,0.0
13311,1.0,0.05,0.00012126679376746682,13.676818093821822,0.006576603778965731,0.10926516807645095,0.0
13312,1.0,0.05,0.00012126679376746682,13.676818093821822,0.006576603778965731,0.10926516807645095,0.0
13313,1.0,0.05,0.00012126679376746682,13.676818093821822,0.006632654853796135,0.10926516807645095,0.0
13314,1.0,0.05,0.00012126679376746682,13.676818093821822,0.006632654853796135,0.10926516807645095,0.0
13315,1.0,0.05,0.00012126679376746682,13.676818093821822,0.006632654853796135,0.12326615956795918,0.0
13316,1.0,0.05,0.00012126679376746682,13.676818093821822,0.006632654853796135,0.12326615956795918,0.0
13317,1.0,0.05,0.00012126679376746682,13.676818093821822,0.006808625971812256,0.11520940085330182,0.0
13318,1.0,0.05,0.00012126679376746682,13.676818093821822,0.006808625971812256,0.11520940085330182,0.0
13319,1.0,0.05,0.00012126679376746682,13.676818093821822,0.006808625971812256,0.11520940085330182,0.0
13320,1.0,0.05,0.00012126679376746682,13.676818093821822,0.006808625971812256,0.11520940085330182,0.0
13321,1.0,0.05,0.00012126679376746682,13.676818093821822,0.006808625971812256,0.11520940085330182,0.0
13322,1.0,0.05,0.00012126679376746682,13.676818093821822,0.006808625971812256,0.11520940085330182,0.0
13323,1.0,0.05,0.00012126679376746682,13.676818093821822,0.006808625971812256,0.11520940085330182,0.0
13324,1.0,0.05,0.00012126679376746682,13.676818093821822,0.006808625971812256,0.11520940085330182,0.0
13325,1.0,0.05,0.00012126679376746682,13.676818093821822,0.006528565681841729,0.11520940085330182,0.0
13326,1.0,0.05,0.00012126679376746682,13.676818093821822,0.007437609141684118,0.10443208546289244,0.0
13327,1.0,0.05,0.00012126679376746682,13.676818093821822,0.007437609141684118,0.10443208546289244,0.0
13328,1.0,0.05,0.00012126679376746682,13.676818093821822,0.007437609141684118,0.10443208546289244,0.0
13329,1.0,0.05,0.00012126679376746682,13.676818093821822,0.007437609141684118,0.10443208546289244,0.0
13330,1.0,0.05,0.00012126679376746682,13.676818093821822,0.007437609141684118,0.10265388270497072,0.0
13331,1.0,0.05,0.00012126679376746682,13.676818093821822,0.007035898003267646,0.10826058320131242,0.0
13332,1.0,0.05,0.00012126679376746682,8.087479667382041,0.007035898003267646,0.10826058320131242,0.0
13333,1.0,0.05,0.00012126679376746682,8.087479667382041,0.008396726941448048,0.15050684796809877,0.0
13334,1.0,0.05,0.00011635240146303884,8.087479667382041,0.008396726941448048,0.15050684796809877,0.0
13335,1.0,0.05,0.00011635240146303884,8.087479667382041,0.008396726941448048,0.15050684796809877,0.0
13336,1.0,0.05,0.00011635240146303884,8.087479667382041,0.008396726941448048,0.15050684796809877,0.0
13337,1.0,0.05,0.00011635240146303884,8.087479667382041,0.008396726941448048,0.15050684796809877,0.0
13338,1.0,0.05,0.00011635240146303884,8.087479667382041,0.008396726941448048,0.15050684796809877,0.0
13339,1.0,0.05,0.00011635240146303884,8.087479667382041,0.008396726941448048,0.15050684796809877,0.0
13340,1.0,0.05,0.00011635240146303884,8.087479667382041,0.008396726941448048,0.15050684796809877,0.0
13341,1.0,0.05,0.00011095230646676244,8.087479667382041,0.008396726941448048,0.15050684796809877,0.0
13342,1.0,0.05,0.00011095230646676244,8.087479667382041,0.008396726941448048,0.15050684796809877,0.0
13343,1.0,0.05,0.00011095230646676244,8.087479667382041,0.00803942385981792,0.15050684796809877,0.0
13344,1.0,0.05,0.00011095230646676244,8.087479667382041,0.00803942385981792,0.15050684796809877,0.0
13345,1.0,0.05,0.00011095230646676244,8.087479667382041,0.00803942385981792,0.15050684796809877,0.0
13346,1.0,0.05,0.00011095230646676244,8.087479667382041,0.00803942385981792,0.15050684796809877,0.0
13347,1.0,0.05,0.00011095230646676244,8.087479667382041,0.00803942385981792,0.15050684796809877,0.0
13348,1.0,0.05,0.00011095230646676244,8.087479667382041,0.00803942385981792,0.15050684796809877,0.0
13349,1.0,0.05,0.00011095230646676244,8.087479667382041,0.00803942385981792,0.15050684796809877,0.0
13350,1.0,0.05,0.00011095230646676244,8.087479667382041,0.00803942385981792,0.15050684796809877,0.0
13351,1.0,0.05,0.00011095230646676244,16.891947951427838,0.00803942385981792,0.15050684796809877,0.0
13352,1.0,0.05,0.00011095230646676244,16.891947951427838,0.00803942385981792,0.15050684796809877,0.0
13353,1.0,0.05,0.00011095230646676244,16.891947951427838,0.008272293677346049,0.11601009686311058,0.0
13354,1.0,0.05,0.00011095230646676244,16.891947951427838,0.008272293677346049,0.11601009686311058,0.0
13355,1.0,0.05,0.00011095230646676244,16.891947951427838,0.008272293677346049,0.11601009686311058,0.0
13356,1.0,0.05,0.00012085654653688444,16.891947951427838,0.00809928394699447,0.11926280196330603,0.0
13357,1.0,0.05,0.00012085654653688444,15.705727376924045,0.00809928394699447,0.11926280196330603,0.0
13358,1.0,0.05,0.00012085654653688444,15.705727376924045,0.00809928394699447,0.11926280196330603,0.0
13359,1.0,0.05,0.00012085654653688444,15.705727376924045,0.00809928394699447,0.11926280196330603,0.0
13360,1.0,0.05,0.00011288300776656137,15.705727376924045,0.00809928394699447,0.11926280196330603,0.0
13361,1.0,0.05,0.00011288300776656137,15.705727376924045,0.00809928394699447,0.11926280196330603,0.0
13362,1.0,0.05,0.00011288300776656137,15.705727376924045,0.00809928394699447,0.11926280196330603,0.0
13363,1.0,0.05,0.00011288300776656137,15.705727376924045,0.00809928394699447,0.14829397514940434,0.0
13364,1.0,0.05,0.00011288300776656137,12.956176383584776,0.00809928394699447,0.12201919136773001,0.0
13365,1.0,0.05,0.00011288300776656137,12.956176383584776,0.007124014543877781,0.12201919136773001,0.0
13366,1.0,0.05,0.00011288300776656137,15.645438383990921,0.00728971440086351,0.12201919136773001,0.0
13367,1.0,0.05,0.00011288300776656137,15.645438383990921,0.00728971440086351,0.12201919136773001,0.0
13368,1.0,0.05,0.00011288300776656137,15.645438383990921,0.00728971440086351,0.12201919136773001,0.0
13369,1.0,0.05,0.00011288300776656137,15.645438383990921,0.008273019124357328,0.12201919136773001,0.0
13370,1.0,0.05,0.00011288300776656137,16.384990293228086,0.008273019124357328,0.12201919136773001,0.0
13371,1.0,0.05,0.00011288300776656137,16.384990293228086,0.008273019124357328,0.12201919136773001,0.0
13372,1.0,0.05,0.00011288300776656137,16.384990293228086,0.008273019124357328,0.12201919136773001,0.0
13373,1.0,0.05,0.00011288300776656137,16.384990293228086,0.008719332454065894,0.12201919136773001,0.0
13374,1.0,0.05,0.00011288300776656137,16.384990293228086,0.008180925538995704,0.12201919136773001,0.0
13375,1.0,0.05,0.00011288300776656137,16.384990293228086,0.008180925538995704,0.12201919136773001,0.0
13376,1.0,0.05,0.00011288300776656137,16.384990293228086,0.008042127139487954,0.12201919136773001,0.0
13377,1.0,0.05,0.00011288300776656137,16.384990293228086,0.008042127139487954,0.12201919136773001,0.0
13378,1.0,0.05,0.00011288300776656137,16.384990293228086,0.008042127139487954,0.12201919136773001,0.0
13379,1.0,0.05,0.00011288300776656137,16.384990293228086,0.008042127139487954,0.11049260329576388,0.0
13380,1.0,0.05,0.00011288300776656137,16.384990293228086,0.008042127139487954,0.10659534219734351,0.0
13381,1.0,0.05,0.00011288300776656137,16.91067060027636,0.008042127139487954,0.10659534219734351,0.0
13382,1.0,0.05,0.00011288300776656137,16.91067060027636,0.008042127139487954,0.10659534219734351,0.0
13383,1.0,0.05,0.00011288300776656137,16.91067060027636,0.008042127139487954,0.10659534219734351,0.0
13384,1.0,0.05,0.00011288300776656137,16.91067060027636,0.007310039073952558,0.11311975718879255,0.0
13385,1.0,0.05,0.00011288300776656137,16.91067060027636,0.007310039073952558,0.12396885307210187,0.0
13386,1.0,0.05,0.00011288300776656137,14.1483352456994,0.007310039073952558,0.11043430363490667,0.0
13387,1.0,0.05,0.00011288300776656137,13.943578181926213,0.007310039073952558,0.11043430363490667,0.0
13388,1.0,0.05,0.00011288300776656137,13.943578181926213,0.007310039073952558,0.11043430363490667,0.0
13389,1.0,0.05,0.0001149966941049912,12.644027534506776,0.007366811298284798,0.11043430363490667,0.0
13390,1.0,0.05,0.00011862227359857608,12.644027534506776,0.007366811298284798,0.11043430363490667,0.0
13391,1.0,0.05,0.00011862227359857608,12.644027534506776,0.007366811298284798,0.11043430363490667,0.0
13392,1.0,0.05,0.00011862227359857608,12.644027534506776,0.007366811298284798,0.11063445717755477,0.0
13393,1.0,0.05,0.00011862227359857608,17.64212616007903,0.007366811298284798,0.11063445717755477,0.0
13394,1.0,0.05,0.00011862227359857608,17.64212616007903,0.007366811298284798,0.11063445717755477,0.0
13395,1.0,0.05,0.00011862227359857608,17.64212616007903,0.007366811298284798,0.11063445717755477,0.0
13396,1.0,0.05,0.00011862227359857608,13.873793104112224,0.007437068265897932,0.11063445717755477,0.0
13397,1.0,0.05,0.00011862227359857608,13.873793104112224,0.007437068265897932,0.11063445717755477,0.0
13398,1.0,0.05,0.00011862227359857608,13.873793104112224,0.007437068265897932,0.11063445717755477,0.0
13399,1.0,0.05,0.00011858671637078662,13.873793104112224,0.006763466891462894,0.11063445717755477,0.0
13400,1.0,0.05,0.00011858671637078662,13.873793104112224,0.006763466891462894,0.11063445717755477,0.0
13401,1.0,0.05,0.00011858671637078662,13.873793104112224,0.00699628700480474,0.11063445717755477,0.0
13402,1.0,0.05,0.00011858671637078662,13.873793104112224,0.00699628700480474,0.11063445717755477,0.0
13403,1.0,0.05,0.00011858671637078662,14.321061731661871,0.00699628700480474,0.11063445717755477,0.0
13404,1.0,0.05,0.00011858671637078662,14.321061731661871,0.00699628700480474,0.11063445717755477,0.0
13405,1.0,0.05,0.00011858671637078662,14.321061731661871,0.00699628700480474,0.11063445717755477,0.0
13406,1.0,0.05,0.00011858671637078662,13.758530205317214,0.00699628700480474,0.11063445717755477,0.0
13407,1.0,0.05,0.00011790996100121293,13.758530205317214,0.00699628700480474,0.11063445717755477,0.0
13408,1.0,0.05,0.00011790996100121293,13.758530205317214,0.00699628700480474,0.11063445717755477,0.0
13409,1.0,0.05,0.00011790996100121293,13.758530205317214,0.00699628700480474,0.11063445717755477,0.0
13410,1.0,0.05,0.00011790996100121293,13.758530205317214,0.00699628700480474,0.11063445717755477,0.0
13411,1.0,0.05,0.00011790996100121293,13.758530205317214,0.00699628700480474,0.11063445717755477,0.0
13412,1.0,0.05,0.00011790996100121293,13.758530205317214,0.00699628700480474,0.11063445717755477,0.0
13413,1.0,0.05,0.00011790996100121293,13.758530205317214,0.00699628700480474,0.11063445717755477,0.0
13414,1.0,0.05,0.00011790996100121293,13.758530205317214,0.00699628700480474,0.11063445717755477,0.0
13415,1.0,0.05,0.00011790996100121293,10.94123118775559,0.00699628700480474,0.11063445717755477,0.0
13416,1.0,0.05,0.00011790996100121293,10.94123118775559,0.00699628700480474,0.11063445717755477,0.0
13417,1.0,0.05,0.00011790996100121293,10.94123118775559,0.00699628700480474,0.1331841682104275,0.0
13418,1.0,0.05,0.00011790996100121293,10.94123118775559,0.00699628700480474,0.1331841682104275,0.0
13419,1.0,0.05,0.00011790996100121293,10.94123118775559,0.00699628700480474,0.1331841682104275,0.0
13420,1.0,0.05,0.00011790996100121293,10.94123118775559,0.00699628700480474,0.1331841682104275,0.0
13421,1.0,0.05,0.00011790996100121293,10.94123118775559,0.00699628700480474,0.1331841682104275,0.0
13422,1.0,0.05,0.00011790996100121293,10.94123118775559,0.00699628700480474,0.1331841682104275,0.0
13423,1.0,0.05,0.00011790996100121293,10.94123118775559,0.00699628700480474,0.1331841682104275,0.0
13424,1.0,0.05,0.00011790996100121293,10.94123118775559,0.00699628700480474,0.1331841682104275,0.0
13425,1.0,0.05,0.00011790996100121293,11.184361417478343,0.00699628700480474,0.1331841682104275,0.0
13426,1.0,0.05,0.00011790996100121293,11.184361417478343,0.00699628700480474,0.1331841682104275,0.0
13427,1.0,0.05,0.00011790996100121293,11.184361417478343,0.00699628700480474,0.12580902086041068,0.0
13428,1.0,0.05,0.00011790996100121293,11.184361417478343,0.00699628700480474,0.12580902086041068,0.0
13429,1.0,0.05,0.00011790996100121293,11.184361417478343,0.00699628700480474,0.12580902086041068,0.0
13430,1.0,0.05,0.00011790996100121293,11.184361417478343,0.00699628700480474,0.12580902086041068,0.0
13431,1.0,0.05,0.00011790996100121293,11.184361417478343,0.00699628700480474,0.12580902086041068,0.0
13432,1.0,0.05,0.00011790996100121293,11.184361417478343,0.00699628700480474,0.12580902086041068,0.0
13433,1.0,0.05,0.00011790996100121293,11.184361417478343,0.00699628700480474,0.12580902086041068,0.0
13434,1.0,0.05,0.00011790996100121293,11.184361417478343,0.00699628700480474,0.12580902086041068,0.0
13435,1.0,0.05,0.00012013394937101718,11.612497338587204,0.00699628700480474,0.12580902086041068,0.0
13436,1.0,0.05,0.00012013394937101718,11.612497338587204,0.00699628700480474,0.12580902086041068,0.0
13437,1.0,0.05,0.00012013394937101718,11.612497338587204,0.00699628700480474,0.12580902086041068,0.0
13438,1.0,0.05,0.00012013394937101718,7.979898289539932,0.00699628700480474,0.12580902086041068,0.0
13439,1.0,0.05,0.00012013394937101718,7.979898289539932,0.00699628700480474,0.15028601201646347,0.0
13440,1.0,0.05,0.00012013394937101718,7.979898289539932,0.00699628700480474,0.15028601201646347,0.0
13441,1.0,0.05,0.00012013394937101718,8.955891335305338,0.00699628700480474,0.15028601201646347,0.0
13442,1.0,0.05,0.00012060827328455214,8.955891335305338,0.00699628700480474,0.15028601201646347,0.0
13443,1.0,0.05,0.00012060827328455214,8.955891335305338,0.00699628700480474,0.15028601201646347,0.0
13444,1.0,0.05,0.00012060827328455214,8.955891335305338,0.00699628700480474,0.15028601201646347,0.0
13445,1.0,0.05,0.00012060827328455214,8.955891335305338,0.00699628700480474,0.15028601201646347,0.0
13446,1.0,0.05,0.00012060827328455214,8.955891335305338,0.00699628700480474,0.15028601201646347,0.0
13447,1.0,0.05,0.00012060827328455214,8.955891335305338,0.00699628700480474,0.15028601201646347,0.0
13448,1.0,0.05,0.00012060827328455214,8.955891335305338,0.00699628700480474,0.1334709975313902,0.0
13449,1.0,0.05,0.00012060827328455214,8.955891335305338,0.00699628700480474,0.1334709975313902,0.0
13450,1.0,0.05,0.00012060827328455214,8.955891335305338,0.00699628700480474,0.1334709975313902,0.0
13451,1.0,0.05,0.00012060827328455214,8.955891335305338,0.00699628700480474,0.1334709975313902,0.0
13452,1.0,0.05,0.00012060827328455214,12.545914448525266,0.00699628700480474,0.1334709975313902,0.0
13453,1.0,0.05,0.00011965966538280223,12.545914448525266,0.00699628700480474,0.1334709975313902,0.0
13454,1.0,0.05,0.00011965966538280223,12.545914448525266,0.00699628700480474,0.1334709975313902,0.0
13455,1.0,0.05,0.00011883696586500562,12.545914448525266,0.00686725120955492,0.1334709975313902,0.0
13456,1.0,0.05,0.00011883696586500562,12.545914448525266,0.00686725120955492,0.1334709975313902,0.0
13457,1.0,0.05,0.00011883696586500562,8.039321601549517,0.00686725120955492,0.1334709975313902,0.0
13458,1.0,0.05,0.00011883696586500562,8.039321601549517,0.00686725120955492,0.1642433064321177,0.0
13459,1.0,0.05,0.00011883696586500562,8.039321601549517,0.008637084892772616,0.1642433064321177,0.0
13460,1.0,0.05,0.00011883696586500562,8.039321601549517,0.008637084892772616,0.1642433064321177,0.0
13461,1.0,0.05,0.00011883696586500562,8.039321601549517,0.008637084892772616,0.1642433064321177,0.0
13462,1.0,0.05,0.00011883696586500562,8.039321601549517,0.008637084892772616,0.1642433064321177,0.0
13463,1.0,0.05,0.00011883696586500562,8.039321601549517,0.006418852646414072,0.1642433064321177,0.0
13464,1.0,0.05,0.00011762815268889001,8.039321601549517,0.007269359821147316,0.1642433064321177,0.0
13465,1.0,0.05,0.00011762815268889001,8.039321601549517,0.007269359821147316,0.1642433064321177,0.0
13466,1.0,0.05,0.00011762815268889001,8.039321601549517,0.007269359821147316,0.1642433064321177,0.0
13467,1.0,0.05,0.00011762815268889001,8.039321601549517,0.007269359821147316,0.1642433064321177,0.0
13468,1.0,0.05,0.00011762815268889001,8.039321601549517,0.007269359821147316,0.15031759224211155,0.0
13469,1.0,0.05,0.00011762815268889001,8.039321601549517,0.007269359821147316,0.15031759224211155,0.0
13470,1.0,0.05,0.00011762815268889001,8.039321601549517,0.007269359821147316,0.15031759224211155,0.0
13471,1.0,0.05,0.00011762815268889001,8.039321601549517,0.007269359821147316,0.16508528398070182,0.0
13472,1.0,0.05,0.00011762815268889001,8.039321601549517,0.007574107228914633,0.16508528398070182,0.0
13473,1.0,0.05,0.00011762815268889001,8.039321601549517,0.007574107228914633,0.16508528398070182,0.0
13474,1.0,0.05,0.00011762815268889001,8.039321601549517,0.007574107228914633,0.16508528398070182,0.0
13475,1.0,0.05,0.00011762815268889001,8.039321601549517,0.007574107228914633,0.16508528398070182,0.0
13476,1.0,0.05,0.00011762815268889001,7.11826011290438,0.007574107228914633,0.16508528398070182,0.0
13477,1.0,0.05,0.00011762815268889001,5.977346377213124,0.007574107228914633,0.16508528398070182,0.0
13478,1.0,0.05,0.00011762815268889001,5.977346377213124,0.007574107228914633,0.16508528398070182,0.0
13479,1.0,0.05,0.00011762815268889001,5.977346377213124,0.006776767498033698,0.16508528398070182,0.0
13480,1.0,0.05,0.00011762815268889001,5.977346377213124,0.006776767498033698,0.16508528398070182,0.0
13481,1.0,0.05,0.00011762815268889001,5.977346377213124,0.006776767498033698,0.16508528398070182,0.0
13482,1.0,0.05,0.00011762815268889001,5.977346377213124,0.006776767498033698,0.16508528398070182,0.0
13483,1.0,0.05,0.00011762815268889001,5.977346377213124,0.006776767498033698,0.16508528398070182,0.0
13484,1.0,0.05,0.00011762815268889001,5.977346377213124,0.0070688394611895106,0.16508528398070182,0.0
13485,1.0,0.05,0.00011762815268889001,5.977346377213124,0.0070688394611895106,0.16508528398070182,0.0
13486,1.0,0.05,0.00011762815268889001,5.977346377213124,0.0070688394611895106,0.16508528398070182,0.0
13487,1.0,0.05,0.00011762815268889001,5.977346377213124,0.0070688394611895106,0.16508528398070182,0.0
13488,1.0,0.05,0.00011762815268889001,5.977346377213124,0.0070688394611895106,0.16508528398070182,0.0
13489,1.0,0.05,0.00011762815268889001,5.977346377213124,0.0070688394611895106,0.16508528398070182,0.0
13490,1.0,0.05,0.00012227265374242685,5.977346377213124,0.0070688394611895106,0.16508528398070182,0.0
13491,1.0,0.05,0.00012227265374242685,5.977346377213124,0.0070688394611895106,0.16508528398070182,0.0
13492,1.0,0.05,0.00012227265374242685,5.977346377213124,0.0070688394611895106,0.16508528398070182,0.0
13493,1.0,0.05,0.00012566428014843217,5.977346377213124,0.0070688394611895106,0.16508528398070182,0.0
13494,1.0,0.05,0.00012112057125141721,5.977346377213124,0.0070688394611895106,0.16508528398070182,0.0
13495,1.0,0.05,0.00012112057125141721,5.494256969084319,0.0070688394611895106,0.16508528398070182,0.0
13496,1.0,0.05,0.00012112057125141721,5.494256969084319,0.0070688394611895106,0.20772588783943674,0.0
13497,1.0,0.05,0.00012112057125141721,5.494256969084319,0.0070688394611895106,0.1556751649141737,0.0
13498,1.0,0.05,0.00012112057125141721,5.494256969084319,0.0070688394611895106,0.1556751649141737,0.0
13499,1.0,0.05,0.00012112057125141721,5.494256969084319,0.0070688394611895106,0.1556751649141737,0.0
13500,1.0,0.05,0.00012112057125141721,5.494256969084319,0.0070688394611895106,0.1556751649141737,0.0
13501,1.0,0.05,0.00012112057125141721,5.494256969084319,0.0070688394611895106,0.1556751649141737,0.0
13502,1.0,0.05,0.00010918269578275796,5.494256969084319,0.0070688394611895106,0.22658267783220826,0.0
13503,1.0,0.05,0.00010918269578275796,5.494256969084319,0.0070688394611895106,0.22658267783220826,0.0
13504,1.0,0.05,0.00010918269578275796,5.494256969084319,0.007507811608351523,0.22658267783220826,0.0
13505,1.0,0.05,0.00010918269578275796,5.494256969084319,0.007507811608351523,0.21205972174260979,0.0
13506,1.0,0.05,0.00010918269578275796,5.494256969084319,0.007507811608351523,0.21205972174260979,0.0
13507,1.0,0.05,0.00010918269578275796,11.532182038601519,0.007507811608351523,0.21205972174260979,0.0
13508,1.0,0.05,0.00010918269578275796,11.532182038601519,0.007507811608351523,0.21205972174260979,0.0
13509,1.0,0.05,0.00011277885536233905,11.532182038601519,0.007507811608351523,0.17164988891938965,0.0
13510,1.0,0.05,0.00011277885536233905,11.532182038601519,0.007507811608351523,0.1623348601365528,0.0
13511,1.0,0.05,0.00011277885536233905,11.532182038601519,0.007507811608351523,0.1623348601365528,0.0
13512,1.0,0.05,0.00011277885536233905,11.516716091714201,0.007192221368647967,0.1623348601365528,0.0
13513,1.0,0.05,0.00011277885536233905,11.516716091714201,0.00675090162007277,0.1623348601365528,0.0
13514,1.0,0.05,0.00011277885536233905,11.516716091714201,0.00675090162007277,0.1623348601365528,0.0
13515,1.0,0.05,0.00011277885536233905,11.516716091714201,0.00675090162007277,0.13808509271069816,0.0
13516,1.0,0.05,0.00011277885536233905,11.84567510791588,0.00675090162007277,0.13808509271069816,0.0
13517,1.0,0.05,0.00011277885536233905,11.84567510791588,0.00675090162007277,0.13808509271069816,0.0
13518,1.0,0.05,0.00011277885536233905,11.84567510791588,0.00675090162007277,0.13808509271069816,0.0
13519,1.0,0.05,0.00011277885536233905,11.84567510791588,0.00675090162007277,0.1377963608930758,0.0
13520,1.0,0.05,0.00011277885536233905,11.84567510791588,0.00675090162007277,0.14743970443298487,0.0
13521,1.0,0.05,0.00011277885536233905,11.84567510791588,0.00675090162007277,0.14743970443298487,0.0
13522,1.0,0.05,0.00011277885536233905,11.84567510791588,0.00675090162007277,0.14743970443298487,0.0
13523,1.0,0.05,0.00011277885536233905,11.84567510791588,0.008252522440388838,0.14743970443298487,0.0
13524,1.0,0.05,0.00011277885536233905,11.84567510791588,0.008252522440388838,0.13827012789230136,0.0
13525,1.0,0.05,0.00011277885536233905,11.84567510791588,0.008252522440388838,0.13827012789230136,0.0
13526,1.0,0.05,0.00011277885536233905,11.84567510791588,0.008066913781302865,0.13827012789230136,0.0
13527,1.0,0.05,0.00011277885536233905,12.95764648526152,0.008066913781302865,0.13827012789230136,0.0
13528,1.0,0.05,0.00011277885536233905,12.95764648526152,0.008066913781302865,0.13827012789230136,0.0
13529,1.0,0.05,0.0001124656510162304,12.95764648526152,0.008066913781302865,0.13827012789230136,0.0
13530,1.0,0.05,0.0001124656510162304,12.956803802600163,0.008066913781302865,0.13827012789230136,0.0
13531,1.0,0.05,0.0001124656510162304,16.014049798227532,0.007787513412114475,0.13827012789230136,0.0
13532,1.0,0.05,0.0001124656510162304,16.014049798227532,0.007787513412114475,0.13827012789230136,0.0
13533,1.0,0.05,0.0001124656510162304,12.590171348646479,0.007406862897429544,0.13827012789230136,0.0
13534,1.0,0.05,0.0001124656510162304,12.590171348646479,0.007406862897429544,0.13827012789230136,0.0
13535,1.0,0.05,0.0001124656510162304,12.590171348646479,0.007406862897429544,0.13827012789230136,0.0
13536,1.0,0.05,0.0001124656510162304,12.590171348646479,0.007406862897429544,0.13827012789230136,0.0
13537,1.0,0.05,0.0001124656510162304,12.590171348646479,0.007406862897429544,0.1283733810316084,0.0
13538,1.0,0.05,0.00011197195064014083,12.590171348646479,0.007406862897429544,0.1283733810316084,0.0
13539,1.0,0.05,0.00011197195064014083,12.590171348646479,0.007406862897429544,0.1283733810316084,0.0
13540,1.0,0.05,0.00011197195064014083,12.590171348646479,0.007406862897429544,0.1283733810316084,0.0
13541,1.0,0.05,0.00011197195064014083,12.590171348646479,0.007444476178732281,0.1283733810316084,0.0
13542,1.0,0.05,0.00011197195064014083,12.590171348646479,0.007444476178732281,0.1283733810316084,0.0
13543,1.0,0.05,0.00011197195064014083,12.590171348646479,0.007444476178732281,0.16499541276791488,0.0
13544,1.0,0.05,0.00011197195064014083,12.590171348646479,0.007444476178732281,0.16499541276791488,0.0
13545,1.0,0.05,0.00011197195064014083,12.590171348646479,0.0077380970740209875,0.16499541276791488,0.0
13546,1.0,0.05,0.00011197195064014083,12.590171348646479,0.0077380970740209875,0.16499541276791488,0.0
13547,1.0,0.05,0.00011197195064014083,12.590171348646479,0.00791402069108121,0.11401341370520644,0.0
13548,1.0,0.05,0.00011854145475186929,12.590171348646479,0.00791402069108121,0.11802659737998891,0.0
13549,1.0,0.05,0.00011854145475186929,12.590171348646479,0.0061730966296344135,0.11802659737998891,0.0
13550,1.0,0.05,0.00011854145475186929,12.590171348646479,0.0061730966296344135,0.11802659737998891,0.0
13551,1.0,0.05,0.00011854145475186929,12.590171348646479,0.0061730966296344135,0.13220829432422085,0.0
13552,1.0,0.05,0.00011854145475186929,12.590171348646479,0.0061730966296344135,0.13220829432422085,0.0
13553,1.0,0.05,0.00011854145475186929,12.590171348646479,0.007812196825920093,0.15869109040346427,0.0
13554,1.0,0.05,0.00011854145475186929,12.590171348646479,0.007812196825920093,0.14612242112881643,0.0
13555,1.0,0.05,0.00011854145475186929,12.590171348646479,0.007812196825920093,0.15355022649343766,0.0
13556,1.0,0.05,0.00011854145475186929,12.590171348646479,0.007812196825920093,0.17023572038966567,0.0
13557,1.0,0.05,0.00011854145475186929,12.590171348646479,0.007834539666310942,0.17023572038966567,0.0
13558,1.0,0.05,0.00011854145475186929,12.590171348646479,0.007834539666310942,0.13882336244452492,0.0
13559,1.0,0.05,0.00011854145475186929,12.590171348646479,0.007834539666310942,0.13882336244452492,0.0
13560,1.0,0.05,0.00011854145475186929,8.816714291171749,0.007834539666310942,0.13882336244452492,0.0
13561,1.0,0.05,0.00011854145475186929,8.816714291171749,0.007834539666310942,0.13882336244452492,0.0
13562,1.0,0.05,0.00011854145475186929,8.816714291171749,0.006927067002570225,0.13882336244452492,0.0
13563,1.0,0.05,0.00011854145475186929,8.816714291171749,0.006927067002570225,0.13882336244452492,0.0
13564,1.0,0.05,0.00011854145475186929,8.816714291171749,0.006927067002570225,0.13882336244452492,0.0
13565,1.0,0.05,0.00011854145475186929,8.816714291171749,0.006927067002570225,0.13882336244452492,0.0
13566,1.0,0.05,0.00011854145475186929,8.816714291171749,0.006927067002570225,0.15399093605370442,0.0
13567,1.0,0.05,0.00011854145475186929,8.816714291171749,0.006927067002570225,0.15399093605370442,0.0
13568,1.0,0.05,0.00011854145475186929,8.816714291171749,0.006927067002570225,0.15399093605370442,0.0
13569,1.0,0.05,0.00011854145475186929,8.816714291171749,0.006927067002570225,0.15399093605370442,0.0
13570,1.0,0.05,0.00011854145475186929,8.816714291171749,0.006927067002570225,0.15399093605370442,0.0
13571,1.0,0.05,0.00011854145475186929,8.816714291171749,0.006927067002570225,0.15399093605370442,0.0
13572,1.0,0.05,0.00011854145475186929,8.816714291171749,0.006927067002570225,0.15399093605370442,0.0
13573,1.0,0.05,0.00011854145475186929,8.816714291171749,0.006927067002570225,0.15399093605370442,0.0
13574,1.0,0.05,0.00011854145475186929,8.816714291171749,0.006927067002570225,0.15399093605370442,0.0
13575,1.0,0.05,0.00011854145475186929,8.816714291171749,0.006927067002570225,0.15399093605370442,0.0
13576,1.0,0.05,0.00011854145475186929,8.816714291171749,0.006927067002570225,0.15399093605370442,0.0
13577,1.0,0.05,0.00011861400494342845,8.816714291171749,0.006927067002570225,0.15399093605370442,0.0
13578,1.0,0.05,0.00011861400494342845,8.816714291171749,0.006927067002570225,0.15399093605370442,0.0
13579,1.0,0.05,0.00011861400494342845,8.816714291171749,0.006927067002570225,0.15399093605370442,0.0
13580,1.0,0.05,0.00011861400494342845,8.816714291171749,0.006927067002570225,0.15399093605370442,0.0
13581,1.0,0.05,0.00011861400494342845,8.816714291171749,0.006844388613294698,0.15399093605370442,0.0
13582,1.0,0.05,0.00011861400494342845,8.816714291171749,0.006844388613294698,0.15399093605370442,0.0
13583,1.0,0.05,0.00012183466925485424,8.816714291171749,0.006844388613294698,0.15399093605370442,0.0
13584,1.0,0.05,0.00012183466925485424,7.121162435686188,0.006844388613294698,0.15399093605370442,0.0
13585,1.0,0.05,0.00012183466925485424,7.121162435686188,0.006844388613294698,0.15399093605370442,0.0
13586,1.0,0.05,0.00012183466925485424,7.121162435686188,0.00644857102996531,0.15399093605370442,0.0
13587,1.0,0.05,0.00012183466925485424,7.121162435686188,0.006364508764151315,0.132762958909805,0.0
13588,1.0,0.05,0.00012183466925485424,7.121162435686188,0.006364508764151315,0.132762958909805,0.0
13589,1.0,0.05,0.00012183466925485424,7.121162435686188,0.006364508764151315,0.132762958909805,0.0
13590,1.0,0.05,0.00012183466925485424,7.121162435686188,0.006523308117979628,0.132762958909805,0.0
13591,1.0,0.05,0.00012183466925485424,7.121162435686188,0.006523308117979628,0.132762958909805,0.0
13592,1.0,0.05,0.00012183466925485424,7.121162435686188,0.006523308117979628,0.132762958909805,0.0
13593,1.0,0.05,0.00012183466925485424,11.034116085876747,0.006523308117979628,0.132762958909805,0.0
13594,1.0,0.05,0.00012183466925485424,11.034116085876747,0.006523308117979628,0.132762958909805,0.0
13595,1.0,0.05,0.00012183466925485424,11.034116085876747,0.006523308117979628,0.132762958909805,0.0
13596,1.0,0.05,0.00012183466925485424,11.034116085876747,0.006523308117979628,0.132762958909805,0.0
13597,1.0,0.05,0.00012183466925485424,11.034116085876747,0.006523308117979628,0.132762958909805,0.0
13598,1.0,0.05,0.00012183466925485424,11.034116085876747,0.006523308117979628,0.132762958909805,0.0
13599,1.0,0.05,0.00012183466925485424,11.034116085876747,0.006523308117979628,0.132762958909805,0.0
13600,1.0,0.05,0.00012183466925485424,11.034116085876747,0.006523308117979628,0.132762958909805,0.0
13601,1.0,0.05,0.00012183466925485424,11.034116085876747,0.006523308117979628,0.132762958909805,0.0
13602,1.0,0.05,0.00012183466925485424,11.034116085876747,0.006523308117979628,0.12615263166713098,0.0
13603,1.0,0.05,0.00012183466925485424,11.034116085876747,0.006523308117979628,0.12615263166713098,0.0
13604,1.0,0.05,0.00012183466925485424,10.617991844429639,0.006523308117979628,0.12615263166713098,0.0
13605,1.0,0.05,0.00012183466925485424,10.617991844429639,0.006523308117979628,0.12615263166713098,0.0
13606,1.0,0.05,0.00012183466925485424,10.617991844429639,0.006523308117979628,0.12615263166713098,0.0
13607,1.0,0.05,0.00011937159774892538,10.617991844429639,0.006523308117979628,0.12615263166713098,0.0
13608,1.0,0.05,0.00011937159774892538,10.617991844429639,0.006503912951354982,0.12615263166713098,0.0
13609,1.0,0.05,0.00011937159774892538,10.617991844429639,0.006503912951354982,0.12615263166713098,0.0
13610,1.0,0.05,0.00011937159774892538,10.617991844429639,0.007402031509589336,0.12615263166713098,0.0
13611,1.0,0.05,0.00011937159774892538,10.617991844429639,0.007402031509589336,0.12615263166713098,0.0
13612,1.0,0.05,0.00011937159774892538,10.617991844429639,0.007402031509589336,0.12615263166713098,0.0
13613,1.0,0.05,0.00011937159774892538,10.617991844429639,0.007402031509589336,0.12615263166713098,0.0
13614,1.0,0.05,0.00011554370571260612,10.617991844429639,0.007402031509589336,0.15220452734807613,0.0
13615,1.0,0.05,0.00011554370571260612,10.617991844429639,0.007402031509589336,0.15220452734807613,0.0
13616,1.0,0.05,0.00011554370571260612,13.133055208070573,0.007402031509589336,0.15220452734807613,0.0
13617,1.0,0.05,0.00011554370571260612,13.133055208070573,0.007402031509589336,0.15220452734807613,0.0
13618,1.0,0.05,0.00011554370571260612,13.133055208070573,0.007402031509589336,0.15220452734807613,0.0
13619,1.0,0.05,0.00011554370571260612,13.133055208070573,0.007402031509589336,0.15220452734807613,0.0
13620,1.0,0.05,0.00011554370571260612,13.133055208070573,0.007402031509589336,0.15220452734807613,0.0
13621,1.0,0.05,0.00011554370571260612,13.537956427441017,0.007402031509589336,0.15220452734807613,0.0
13622,1.0,0.05,0.00011554370571260612,13.712800158975085,0.007402031509589336,0.15220452734807613,0.0
13623,1.0,0.05,0.00011554370571260612,13.712800158975085,0.008156521160115884,0.15220452734807613,0.0
13624,1.0,0.05,0.00011554370571260612,13.712800158975085,0.008156521160115884,0.15220452734807613,0.0
13625,1.0,0.05,0.00011554370571260612,13.712800158975085,0.008156521160115884,0.15220452734807613,0.0
13626,1.0,0.05,0.00011554370571260612,13.712800158975085,0.008156521160115884,0.15220452734807613,0.0
13627,1.0,0.05,0.00011554370571260612,13.712800158975085,0.008156521160115884,0.15220452734807613,0.0
13628,1.0,0.05,0.00011554370571260612,13.712800158975085,0.008156521160115884,0.15220452734807613,0.0
13629,1.0,0.05,0.00011721847812803822,13.712800158975085,0.008719294721137609,0.15220452734807613,0.0
13630,1.0,0.05,0.00011721847812803822,13.712800158975085,0.0085884197497573,0.15220452734807613,0.0
13631,1.0,0.05,0.00011721847812803822,13.712800158975085,0.007209643272637319,0.15220452734807613,0.0
13632,1.0,0.05,0.00011721847812803822,13.712800158975085,0.007209643272637319,0.13996295673227288,0.0
13633,1.0,0.05,0.00011721847812803822,13.712800158975085,0.007209643272637319,0.13996295673227288,0.0
13634,1.0,0.05,0.00011721847812803822,13.712800158975085,0.007209643272637319,0.13996295673227288,0.0
13635,1.0,0.05,0.00011721847812803822,13.712800158975085,0.007209643272637319,0.1118567230636178,0.0
13636,1.0,0.05,0.00011721847812803822,17.240270047273157,0.007209643272637319,0.1118567230636178,0.0
13637,1.0,0.05,0.00011721847812803822,14.889744162306954,0.007209643272637319,0.1118567230636178,0.0
13638,1.0,0.05,0.00011721847812803822,14.889744162306954,0.007209643272637319,0.1118567230636178,0.0
13639,1.0,0.05,0.00011721847812803822,14.889744162306954,0.007209643272637319,0.1118567230636178,0.0
13640,1.0,0.05,0.00011721847812803822,14.889744162306954,0.007209643272637319,0.1118567230636178,0.0
13641,1.0,0.05,0.00011721847812803822,14.889744162306954,0.007209643272637319,0.1118567230636178,0.0
13642,1.0,0.05,0.00011721847812803822,14.889744162306954,0.007137514184563219,0.1118567230636178,0.0
13643,1.0,0.05,0.00011721847812803822,14.889744162306954,0.007858044527107784,0.1118567230636178,0.0
13644,1.0,0.05,0.00011721847812803822,14.889744162306954,0.007858044527107784,0.1118567230636178,0.0
13645,1.0,0.05,0.00011721847812803822,14.889744162306954,0.007858044527107784,0.1118567230636178,0.0
13646,1.0,0.05,0.00011721847812803822,14.889744162306954,0.007858044527107784,0.1118567230636178,0.0
13647,1.0,0.05,0.0001193378916435322,14.889744162306954,0.007858044527107784,0.11204974607993883,0.0
13648,1.0,0.05,0.0001193378916435322,14.889744162306954,0.007858044527107784,0.11204974607993883,0.0
13649,1.0,0.05,0.0001193378916435322,14.889744162306954,0.007858044527107784,0.09837720251270825,0.0
13650,1.0,0.05,0.0001193378916435322,14.889744162306954,0.007858044527107784,0.14607525755201806,0.0
13651,1.0,0.05,0.0001193378916435322,14.889744162306954,0.007359123915103879,0.14607525755201806,0.0
13652,1.0,0.05,0.0001193378916435322,14.889744162306954,0.00762842108970878,0.14607525755201806,0.0
13653,1.0,0.05,0.0001193378916435322,14.889744162306954,0.00762842108970878,0.11764044779617755,0.0
13654,1.0,0.05,0.0001193378916435322,14.889744162306954,0.007854731923226322,0.10801131961889483,0.0
13655,1.0,0.05,0.0001193378916435322,14.889744162306954,0.007854731923226322,0.10801131961889483,0.0
13656,1.0,0.05,0.0001193378916435322,14.889744162306954,0.007854731923226322,0.10801131961889483,0.0
13657,1.0,0.05,0.0001193378916435322,14.889744162306954,0.007854731923226322,0.10801131961889483,0.0
13658,1.0,0.05,0.0001193378916435322,14.889744162306954,0.0067460147427210555,0.10801131961889483,0.0
13659,1.0,0.05,0.0001193378916435322,14.889744162306954,0.0067460147427210555,0.10801131961889483,0.0
13660,1.0,0.05,0.0001193378916435322,15.481210945729472,0.007044250310163664,0.10801131961889483,0.0
13661,1.0,0.05,0.0001193378916435322,15.481210945729472,0.007044250310163664,0.10801131961889483,0.0
13662,1.0,0.05,0.0001193378916435322,12.446195345848395,0.007044250310163664,0.11170170429256568,0.0
13663,1.0,0.05,0.0001193378916435322,12.446195345848395,0.007533343700846721,0.11170170429256568,0.0
13664,1.0,0.05,0.0001193378916435322,12.446195345848395,0.007754034558188677,0.11170170429256568,0.0
13665,1.0,0.05,0.0001193378916435322,12.446195345848395,0.007754034558188677,0.1406143488429344,0.0
13666,1.0,0.05,0.0001193378916435322,12.446195345848395,0.007754034558188677,0.1406143488429344,0.0
13667,1.0,0.05,0.0001193378916435322,9.21181357897207,0.007754034558188677,0.1406143488429344,0.0
13668,1.0,0.05,0.0001193378916435322,9.21181357897207,0.007502770886068683,0.1406143488429344,0.0
13669,1.0,0.05,0.0001193378916435322,9.21181357897207,0.007502770886068683,0.1406143488429344,0.0
13670,1.0,0.05,0.0001193378916435322,9.21181357897207,0.007744174698509884,0.1406143488429344,0.0
13671,1.0,0.05,0.00011925188735357963,9.21181357897207,0.007360312606010106,0.1406143488429344,0.0
13672,1.0,0.05,0.00011925188735357963,9.21181357897207,0.006948620063534839,0.1406143488429344,0.0
13673,1.0,0.05,0.00011925188735357963,9.21181357897207,0.006948620063534839,0.1406143488429344,0.0
13674,1.0,0.05,0.00011925188735357963,9.21181357897207,0.006948620063534839,0.1406143488429344,0.0
13675,1.0,0.05,0.00011925188735357963,9.21181357897207,0.006948620063534839,0.1406143488429344,0.0
13676,1.0,0.05,0.00011925188735357963,9.21181357897207,0.006948620063534839,0.1406143488429344,0.0
13677,1.0,0.05,0.00011925188735357963,9.21181357897207,0.006948620063534839,0.14754217471024036,0.0
13678,1.0,0.05,0.00011925188735357963,9.21181357897207,0.006948620063534839,0.14754217471024036,0.0
13679,1.0,0.05,0.00011925188735357963,9.21181357897207,0.006948620063534839,0.14754217471024036,0.0
13680,1.0,0.05,0.00011925188735357963,12.16974906860419,0.006948620063534839,0.14754217471024036,0.0
13681,1.0,0.05,0.00012078486093690346,12.16974906860419,0.006948620063534839,0.14754217471024036,0.0
13682,1.0,0.05,0.00012078486093690346,12.16974906860419,0.006948620063534839,0.14754217471024036,0.0
13683,1.0,0.05,0.00012078486093690346,8.570244406944056,0.006948620063534839,0.14754217471024036,0.0
13684,1.0,0.05,0.00012078486093690346,8.570244406944056,0.006948620063534839,0.14754217471024036,0.0
13685,1.0,0.05,0.00012078486093690346,8.570244406944056,0.006948620063534839,0.14754217471024036,0.0
13686,1.0,0.05,0.00012078486093690346,8.570244406944056,0.006146164928142003,0.14754217471024036,0.0
13687,1.0,0.05,0.00012078486093690346,8.570244406944056,0.006146164928142003,0.14754217471024036,0.0
13688,1.0,0.05,0.00012078486093690346,8.570244406944056,0.007084054298326662,0.14754217471024036,0.0
13689,1.0,0.05,0.00012078486093690346,8.570244406944056,0.007084054298326662,0.14754217471024036,0.0
13690,1.0,0.05,0.00012078486093690346,7.562802252058233,0.007084054298326662,0.14754217471024036,0.0
13691,1.0,0.05,0.00012078486093690346,7.562802252058233,0.007084054298326662,0.14754217471024036,0.0
13692,1.0,0.05,0.00012078486093690346,7.562802252058233,0.006021644177553325,0.14754217471024036,0.0
13693,1.0,0.05,0.00012078486093690346,8.969326084559512,0.007212055933722843,0.14754217471024036,0.0
13694,1.0,0.05,0.00012078486093690346,8.969326084559512,0.007212055933722843,0.16084770532838286,0.0
13695,1.0,0.05,0.00012078486093690346,8.969326084559512,0.007212055933722843,0.16084770532838286,0.0
13696,1.0,0.05,0.00012078486093690346,8.969326084559512,0.007212055933722843,0.16084770532838286,0.0
13697,1.0,0.05,0.00012078486093690346,9.34881973102111,0.007212055933722843,0.16084770532838286,0.0
13698,1.0,0.05,0.00012078486093690346,5.348447942216467,0.007212055933722843,0.16084770532838286,0.0
13699,1.0,0.05,0.00012078486093690346,5.348447942216467,0.007484742386291648,0.14330418263158212,0.0
13700,1.0,0.05,0.00012078486093690346,5.348447942216467,0.007484742386291648,0.14330418263158212,0.0
13701,1.0,0.05,0.00012078486093690346,12.70165565278596,0.00692932692724721,0.14330418263158212,0.0
13702,1.0,0.05,0.00012078486093690346,12.70165565278596,0.00692932692724721,0.14330418263158212,0.0
13703,1.0,0.05,0.00012078486093690346,12.70165565278596,0.00692932692724721,0.14330418263158212,0.0
13704,1.0,0.05,0.00012078486093690346,12.70165565278596,0.00692932692724721,0.14330418263158212,0.0
13705,1.0,0.05,0.00012078486093690346,12.70165565278596,0.00692932692724721,0.14330418263158212,0.0
13706,1.0,0.05,0.00012078486093690346,12.70165565278596,0.006905440010846882,0.1384620200483242,0.0
13707,1.0,0.05,0.00012078486093690346,12.70165565278596,0.006905440010846882,0.1384620200483242,0.0
13708,1.0,0.05,0.00012078486093690346,12.70165565278596,0.006905440010846882,0.1384620200483242,0.0
13709,1.0,0.05,0.00012078486093690346,12.70165565278596,0.006905440010846882,0.1384620200483242,0.0
13710,1.0,0.05,0.00012078486093690346,12.70165565278596,0.006905440010846882,0.1384620200483242,0.0
13711,1.0,0.05,0.00011035556987553674,12.70165565278596,0.006905440010846882,0.1384620200483242,0.0
13712,1.0,0.05,0.00011035556987553674,12.70165565278596,0.006905440010846882,0.1384620200483242,0.0
13713,1.0,0.05,0.00011556582027863367,12.70165565278596,0.006905440010846882,0.1384620200483242,0.0
13714,1.0,0.05,0.00011556582027863367,12.70165565278596,0.006905440010846882,0.1384620200483242,0.0
13715,1.0,0.05,0.00011556582027863367,12.70165565278596,0.006905440010846882,0.1384620200483242,0.0
13716,1.0,0.05,0.00011556582027863367,12.70165565278596,0.006905440010846882,0.1384620200483242,0.0
13717,1.0,0.05,0.00011556582027863367,12.70165565278596,0.007328081287334125,0.1384620200483242,0.0
13718,1.0,0.05,0.00011556582027863367,12.70165565278596,0.007328081287334125,0.1384620200483242,0.0
13719,1.0,0.05,0.00011556582027863367,12.70165565278596,0.006871670597564448,0.1384620200483242,0.0
13720,1.0,0.05,0.00011179298722996976,12.70165565278596,0.006871670597564448,0.1384620200483242,0.0
13721,1.0,0.05,0.00011179298722996976,12.70165565278596,0.006871670597564448,0.1384620200483242,0.0
13722,1.0,0.05,0.00011179298722996976,12.70165565278596,0.007773805994697057,0.1384620200483242,0.0
13723,1.0,0.05,0.00011179298722996976,12.70165565278596,0.007773805994697057,0.1384620200483242,0.0
13724,1.0,0.05,0.00011179298722996976,12.70165565278596,0.007594931714216352,0.17450185069780944,0.0
13725,1.0,0.05,0.00011179298722996976,12.70165565278596,0.007594931714216352,0.17450185069780944,0.0
13726,1.0,0.05,0.00011179298722996976,12.70165565278596,0.007594931714216352,0.17450185069780944,0.0
13727,1.0,0.05,0.00011179298722996976,12.07724309685743,0.007594931714216352,0.16456897192517364,0.0
13728,1.0,0.05,0.00011179298722996976,12.07724309685743,0.007594931714216352,0.16456897192517364,0.0
13729,1.0,0.05,0.00011179298722996976,12.07724309685743,0.007594931714216352,0.16456897192517364,0.0
13730,1.0,0.05,0.00011179298722996976,12.07724309685743,0.007594931714216352,0.16456897192517364,0.0
13731,1.0,0.05,0.00011179298722996976,12.07724309685743,0.007594931714216352,0.16641763754943617,0.0
13732,1.0,0.05,0.00011179298722996976,12.07724309685743,0.007594931714216352,0.16641763754943617,0.0
13733,1.0,0.05,0.00011179298722996976,12.07724309685743,0.007594931714216352,0.16641763754943617,0.0
13734,1.0,0.05,0.00011179298722996976,12.07724309685743,0.007594931714216352,0.16641763754943617,0.0
13735,1.0,0.05,0.00011179298722996976,12.07724309685743,0.007594931714216352,0.16641763754943617,0.0
13736,1.0,0.05,0.00011179298722996976,12.07724309685743,0.007594931714216352,0.16641763754943617,0.0
13737,1.0,0.05,0.00011179298722996976,12.07724309685743,0.007594931714216352,0.16641763754943617,0.0
13738,1.0,0.05,0.00011179298722996976,12.07724309685743,0.007594931714216352,0.16641763754943617,0.0
13739,1.0,0.05,0.00011179298722996976,12.07724309685743,0.007594931714216352,0.16641763754943617,0.0
13740,1.0,0.05,0.00011318783397948864,12.07724309685743,0.007594931714216352,0.16419205892198946,0.0
13741,1.0,0.05,0.00011318783397948864,12.07724309685743,0.007594931714216352,0.1577137184571613,0.0
13742,1.0,0.05,0.00011318783397948864,12.07724309685743,0.007594931714216352,0.1577137184571613,0.0
13743,1.0,0.05,0.00011318783397948864,12.07724309685743,0.007594931714216352,0.1577137184571613,0.0
13744,1.0,0.05,0.00011318783397948864,12.07724309685743,0.007594931714216352,0.1577137184571613,0.0
13745,1.0,0.05,0.00011318783397948864,12.07724309685743,0.007594931714216352,0.1577137184571613,0.0
13746,1.0,0.05,0.00011318783397948864,12.07724309685743,0.007594931714216352,0.1577137184571613,0.0
13747,1.0,0.05,0.00011318783397948864,12.07724309685743,0.007594931714216352,0.1577137184571613,0.0
13748,1.0,0.05,0.00011318783397948864,12.07724309685743,0.007594931714216352,0.1577137184571613,0.0
13749,1.0,0.05,0.00011318783397948864,8.39171103533451,0.007594931714216352,0.1577137184571613,0.0
13750,1.0,0.05,0.0001223155982309737,7.803689701179039,0.007594931714216352,0.1577137184571613,0.0
13751,1.0,0.05,0.0001223155982309737,7.803689701179039,0.007594931714216352,0.1577137184571613,0.0
13752,1.0,0.05,0.0001223155982309737,7.803689701179039,0.006993623025787418,0.1577137184571613,0.0
13753,1.0,0.05,0.0001223155982309737,7.803689701179039,0.006993623025787418,0.1577137184571613,0.0
13754,1.0,0.05,0.0001223155982309737,7.803689701179039,0.0071792974312934275,0.1577137184571613,0.0
13755,1.0,0.05,0.0001223155982309737,7.803689701179039,0.0071792974312934275,0.1577137184571613,0.0
13756,1.0,0.05,0.0001223155982309737,7.803689701179039,0.007586620919677438,0.1577137184571613,0.0
13757,1.0,0.05,0.0001223155982309737,7.803689701179039,0.007586620919677438,0.1577137184571613,0.0
13758,1.0,0.05,0.0001223155982309737,7.803689701179039,0.007469506642123307,0.1577137184571613,0.0
13759,1.0,0.05,0.0001223155982309737,13.543708202633312,0.007469506642123307,0.1577137184571613,0.0
13760,1.0,0.05,0.0001223155982309737,13.543708202633312,0.007469506642123307,0.1577137184571613,0.0
13761,1.0,0.05,0.0001223155982309737,10.666215612264509,0.008056382879836796,0.1577137184571613,0.0
13762,1.0,0.05,0.00011643031380074417,10.666215612264509,0.008056382879836796,0.1577137184571613,0.0
13763,1.0,0.05,0.00011076009035882374,10.666215612264509,0.008056382879836796,0.16715682631419135,0.0
13764,1.0,0.05,0.00011076009035882374,10.666215612264509,0.007359758112074711,0.16715682631419135,0.0
13765,1.0,0.05,0.00011076009035882374,10.666215612264509,0.007727664967032593,0.16715682631419135,0.0
13766,1.0,0.05,0.00011156306340436458,10.666215612264509,0.007727664967032593,0.16715682631419135,0.0
13767,1.0,0.05,0.00011156306340436458,10.666215612264509,0.007727664967032593,0.16715682631419135,0.0
13768,1.0,0.05,0.00011156306340436458,10.666215612264509,0.007727664967032593,0.16715682631419135,0.0
13769,1.0,0.05,0.00011156306340436458,10.666215612264509,0.007727664967032593,0.16715682631419135,0.0
13770,1.0,0.05,0.00011156306340436458,10.666215612264509,0.007727664967032593,0.16715682631419135,0.0
13771,1.0,0.05,0.00011156306340436458,10.666215612264509,0.007727664967032593,0.16715682631419135,0.0
13772,1.0,0.05,0.00011156306340436458,10.666215612264509,0.007727664967032593,0.17862872637087415,0.0
13773,1.0,0.05,0.00011156306340436458,10.666215612264509,0.008456260571128646,0.17862872637087415,0.0
13774,1.0,0.05,0.00011156306340436458,10.666215612264509,0.008456260571128646,0.17307580762605945,0.0
13775,1.0,0.05,0.00011156306340436458,10.666215612264509,0.007153364153154042,0.17307580762605945,0.0
13776,1.0,0.05,0.00011156306340436458,10.666215612264509,0.007816103632533931,0.17307580762605945,0.0
13777,1.0,0.05,0.00011156306340436458,10.666215612264509,0.007816103632533931,0.17307580762605945,0.0
13778,1.0,0.05,0.00011156306340436458,10.666215612264509,0.007816103632533931,0.17307580762605945,0.0
13779,1.0,0.05,0.00011156306340436458,10.666215612264509,0.007816103632533931,0.13868376065431418,0.0
13780,1.0,0.05,0.00011156306340436458,10.666215612264509,0.007816103632533931,0.16644317868698466,0.0
13781,1.0,0.05,0.00011156306340436458,10.666215612264509,0.007816103632533931,0.16644317868698466,0.0
13782,1.0,0.05,0.00011156306340436458,10.666215612264509,0.007816103632533931,0.16644317868698466,0.0
13783,1.0,0.05,0.00011156306340436458,10.666215612264509,0.007816103632533931,0.16644317868698466,0.0
13784,1.0,0.05,0.00011156306340436458,12.419344087849083,0.007816103632533931,0.16644317868698466,0.0
13785,1.0,0.05,0.00011156306340436458,12.419344087849083,0.007816103632533931,0.16644317868698466,0.0
13786,1.0,0.05,0.00011156306340436458,12.419344087849083,0.007816103632533931,0.16644317868698466,0.0
13787,1.0,0.05,0.00011156306340436458,10.188763315154105,0.007816103632533931,0.16644317868698466,0.0
13788,1.0,0.05,0.00011156306340436458,10.188763315154105,0.007816103632533931,0.16644317868698466,0.0
13789,1.0,0.05,0.00011801216523480019,10.188763315154105,0.007816103632533931,0.16644317868698466,0.0
13790,1.0,0.05,0.00011801216523480019,10.188763315154105,0.007816103632533931,0.1179921642456184,0.0
13791,1.0,0.05,0.00011801216523480019,10.188763315154105,0.007816103632533931,0.1179921642456184,0.0
13792,1.0,0.05,0.00011801216523480019,12.689197260101139,0.007816103632533931,0.1179921642456184,0.0
13793,1.0,0.05,0.00011801216523480019,12.689197260101139,0.007816103632533931,0.1179921642456184,0.0
13794,1.0,0.05,0.00011801216523480019,12.689197260101139,0.007816103632533931,0.1179921642456184,0.0
13795,1.0,0.05,0.00011801216523480019,12.689197260101139,0.007816103632533931,0.15620811881567892,0.0
13796,1.0,0.05,0.00011801216523480019,12.689197260101139,0.007816103632533931,0.15620811881567892,0.0
13797,1.0,0.05,0.00011801216523480019,12.689197260101139,0.007816103632533931,0.15620811881567892,0.0
13798,1.0,0.05,0.00011801216523480019,12.689197260101139,0.007816103632533931,0.15620811881567892,0.0
13799,1.0,0.05,0.00011801216523480019,10.208209431754682,0.006137102316237149,0.1258917992987677,0.0
13800,1.0,0.05,0.00011801216523480019,10.208209431754682,0.006137102316237149,0.1258917992987677,0.0
13801,1.0,0.05,0.00011801216523480019,14.769157895746417,0.007397049236904749,0.1258917992987677,0.0
13802,1.0,0.05,0.00011801216523480019,14.769157895746417,0.006695359526088537,0.1258917992987677,0.0
13803,1.0,0.05,0.00011801216523480019,14.769157895746417,0.006695359526088537,0.1258917992987677,0.0
13804,1.0,0.05,0.00011801216523480019,14.769157895746417,0.006695359526088537,0.1258917992987677,0.0
13805,1.0,0.05,0.00011801216523480019,14.769157895746417,0.006695359526088537,0.1258917992987677,0.0
13806,1.0,0.05,0.00011801216523480019,14.769157895746417,0.006695359526088537,0.1258917992987677,0.0
13807,1.0,0.05,0.00011801216523480019,14.769157895746417,0.006695359526088537,0.1258917992987677,0.0
13808,1.0,0.05,0.00011801216523480019,14.769157895746417,0.006695359526088537,0.1258917992987677,0.0
13809,1.0,0.05,0.00011801216523480019,14.769157895746417,0.006695359526088537,0.1258917992987677,0.0
13810,1.0,0.05,0.00011801216523480019,14.769157895746417,0.006695359526088537,0.1258917992987677,0.0
13811,1.0,0.05,0.00011801216523480019,7.708162725849419,0.006695359526088537,0.1258917992987677,0.0
13812,1.0,0.05,0.00011801216523480019,7.708162725849419,0.006695359526088537,0.1258917992987677,0.0
13813,1.0,0.05,0.00011801216523480019,9.823402650451342,0.006695359526088537,0.12603957780138922,0.0
13814,1.0,0.05,0.00012275225757908743,9.823402650451342,0.006695359526088537,0.12603957780138922,0.0
13815,1.0,0.05,0.00012275225757908743,9.823402650451342,0.006695359526088537,0.10644305621997528,0.0
13816,1.0,0.05,0.00012275225757908743,9.823402650451342,0.006489327312966249,0.14737487548251127,0.0
13817,1.0,0.05,0.0001162460480792028,9.823402650451342,0.006489327312966249,0.14737487548251127,0.0
13818,1.0,0.05,0.0001162460480792028,9.823402650451342,0.008364325259428491,0.14737487548251127,0.0
13819,1.0,0.05,0.0001162460480792028,9.823402650451342,0.007767142591449401,0.14737487548251127,0.0
13820,1.0,0.05,0.0001162460480792028,11.112706759994694,0.007767142591449401,0.13664014729037743,0.0
13821,1.0,0.05,0.00011794231608235088,11.112706759994694,0.007767142591449401,0.13664014729037743,0.0
13822,1.0,0.05,0.00011500271896619853,11.112706759994694,0.007485723106300424,0.13664014729037743,0.0
13823,1.0,0.05,0.00011500271896619853,11.112706759994694,0.007485723106300424,0.16786317513091725,0.0
13824,1.0,0.05,0.00011511396247319639,11.112706759994694,0.007485723106300424,0.14382044210233602,0.0
13825,1.0,0.05,0.00011511396247319639,11.112706759994694,0.007485723106300424,0.14382044210233602,0.0
13826,1.0,0.05,0.00011511396247319639,11.112706759994694,0.007485723106300424,0.14382044210233602,0.0
13827,1.0,0.05,0.00011511396247319639,11.112706759994694,0.007485723106300424,0.14382044210233602,0.0
13828,1.0,0.05,0.00011511396247319639,11.112706759994694,0.007485723106300424,0.14382044210233602,0.0
13829,1.0,0.05,0.00011511396247319639,11.112706759994694,0.007485723106300424,0.14382044210233602,0.0
13830,1.0,0.05,0.00011511396247319639,11.112706759994694,0.007485723106300424,0.14955893101655426,0.0
13831,1.0,0.05,0.00011511396247319639,12.711861750424049,0.007485723106300424,0.14955893101655426,0.0
13832,1.0,0.05,0.00011511396247319639,12.711861750424049,0.007485723106300424,0.14899954562837608,0.0
13833,1.0,0.05,0.00011511396247319639,12.711861750424049,0.007485723106300424,0.14899954562837608,0.0
13834,1.0,0.05,0.00011511396247319639,12.711861750424049,0.007485723106300424,0.14899954562837608,0.0
13835,1.0,0.05,0.00011645177132033658,12.711861750424049,0.007490881206734062,0.14899954562837608,0.0
13836,1.0,0.05,0.00011645177132033658,8.41801696032796,0.007490881206734062,0.14899954562837608,0.0
13837,1.0,0.05,0.00011645177132033658,8.41801696032796,0.007490881206734062,0.14899954562837608,0.0
13838,1.0,0.05,0.00011645177132033658,8.41801696032796,0.007490881206734062,0.14899954562837608,0.0
13839,1.0,0.05,0.00011645177132033658,8.41801696032796,0.007490881206734062,0.14899954562837608,0.0
13840,1.0,0.05,0.00011645177132033658,8.41801696032796,0.007490881206734062,0.14899954562837608,0.0
13841,1.0,0.05,0.00011645177132033658,8.41801696032796,0.007490881206734062,0.14899954562837608,0.0
13842,1.0,0.05,0.00011645177132033658,10.036366426539914,0.007490881206734062,0.14899954562837608,0.0
13843,1.0,0.05,0.00011645177132033658,10.036366426539914,0.007490881206734062,0.14899954562837608,0.0
13844,1.0,0.05,0.00011645177132033658,10.036366426539914,0.007490881206734062,0.14899954562837608,0.0
13845,1.0,0.05,0.00011645177132033658,10.036366426539914,0.007490881206734062,0.14899954562837608,0.0
13846,1.0,0.05,0.00011645177132033658,10.036366426539914,0.007490881206734062,0.14899954562837608,0.0
13847,1.0,0.05,0.00011645177132033658,10.036366426539914,0.007490881206734062,0.16867514670704592,0.0
13848,1.0,0.05,0.00011623285254366291,10.036366426539914,0.007490881206734062,0.16867514670704592,0.0
13849,1.0,0.05,0.00011623285254366291,10.036366426539914,0.007490881206734062,0.16867514670704592,0.0
13850,1.0,0.05,0.00011623285254366291,10.036366426539914,0.007490881206734062,0.16867514670704592,0.0
13851,1.0,0.05,0.00011623285254366291,10.036366426539914,0.007490881206734062,0.16867514670704592,0.0
13852,1.0,0.05,0.00011623285254366291,10.036366426539914,0.007490881206734062,0.17969705449658718,0.0
13853,1.0,0.05,0.00011623285254366291,10.036366426539914,0.007490881206734062,0.17969705449658718,0.0
13854,1.0,0.05,0.00011623285254366291,15.7947120379811,0.007490881206734062,0.17969705449658718,0.0
13855,1.0,0.05,0.00011623285254366291,7.258810511170097,0.007490881206734062,0.17969705449658718,0.0
13856,1.0,0.05,0.00011623285254366291,7.258810511170097,0.007490881206734062,0.17969705449658718,0.0
13857,1.0,0.05,0.00011623285254366291,5.821637129122877,0.007490881206734062,0.17969705449658718,0.0
13858,1.0,0.05,0.00011770870922691872,5.821637129122877,0.007490881206734062,0.17969705449658718,0.0
13859,1.0,0.05,0.00011770870922691872,5.821637129122877,0.006807014153961305,0.17969705449658718,0.0
13860,1.0,0.05,0.00011770870922691872,8.671312136566158,0.006807014153961305,0.17969705449658718,0.0
13861,1.0,0.05,0.00011770870922691872,8.671312136566158,0.006807014153961305,0.14588428768124415,0.0
13862,1.0,0.05,0.00011770870922691872,8.671312136566158,0.006807014153961305,0.14588428768124415,0.0
13863,1.0,0.05,0.0001229177935994764,8.671312136566158,0.006807014153961305,0.14588428768124415,0.0
13864,1.0,0.05,0.0001229177935994764,8.671312136566158,0.006807014153961305,0.14588428768124415,0.0
13865,1.0,0.05,0.00012299583226531787,8.671312136566158,0.006807014153961305,0.12318759783757016,0.0
13866,1.0,0.05,0.00012299583226531787,8.671312136566158,0.006807014153961305,0.12318759783757016,0.0
13867,1.0,0.05,0.00012299583226531787,8.671312136566158,0.006807014153961305,0.12318759783757016,0.0
13868,1.0,0.05,0.00012299583226531787,8.671312136566158,0.006807014153961305,0.12318759783757016,0.0
13869,1.0,0.05,0.00012299583226531787,8.671312136566158,0.006807014153961305,0.12330740063670453,0.0
13870,1.0,0.05,0.00012299583226531787,8.671312136566158,0.006807014153961305,0.12330740063670453,0.0
13871,1.0,0.05,0.00012299583226531787,8.671312136566158,0.006807014153961305,0.12330740063670453,0.0
13872,1.0,0.05,0.00012299583226531787,8.671312136566158,0.006807014153961305,0.11446668164904057,0.0
13873,1.0,0.05,0.00012299583226531787,8.671312136566158,0.006807014153961305,0.11446668164904057,0.0
13874,1.0,0.05,0.00012299583226531787,8.671312136566158,0.006807014153961305,0.11446668164904057,0.0
13875,1.0,0.05,0.00012299583226531787,12.29568730694615,0.00697009946446673,0.11446668164904057,0.0
13876,1.0,0.05,0.00012299583226531787,11.470679969247072,0.00697009946446673,0.11446668164904057,0.0
13877,1.0,0.05,0.00012299583226531787,11.470679969247072,0.00697009946446673,0.11446668164904057,0.0
13878,1.0,0.05,0.00012299583226531787,11.470679969247072,0.00697009946446673,0.11446668164904057,0.0
13879,1.0,0.05,0.00012299583226531787,11.470679969247072,0.00697009946446673,0.12144788061383224,0.0
13880,1.0,0.05,0.00012299583226531787,11.470679969247072,0.00697009946446673,0.12144788061383224,0.0
13881,1.0,0.05,0.00011686944059457091,11.470679969247072,0.00697009946446673,0.12317798763674745,0.0
13882,1.0,0.05,0.00011686944059457091,11.470679969247072,0.007468860719876505,0.12317798763674745,0.0
13883,1.0,0.05,0.00011686944059457091,11.470679969247072,0.007468860719876505,0.12317798763674745,0.0
13884,1.0,0.05,0.00011686944059457091,15.48914926408969,0.007468860719876505,0.12317798763674745,0.0
13885,1.0,0.05,0.00012081235305482528,14.165710782435468,0.007468860719876505,0.11332172962134618,0.0
13886,1.0,0.05,0.00012081235305482528,14.165710782435468,0.0078548146428367,0.11332172962134618,0.0
13887,1.0,0.05,0.00012081235305482528,14.165710782435468,0.0078548146428367,0.11332172962134618,0.0
13888,1.0,0.05,0.00012081235305482528,14.165710782435468,0.0078548146428367,0.11332172962134618,0.0
13889,1.0,0.05,0.00012081235305482528,14.165710782435468,0.0078548146428367,0.11332172962134618,0.0
13890,1.0,0.05,0.00012081235305482528,13.279934713811329,0.0078548146428367,0.11332172962134618,0.0
13891,1.0,0.05,0.00012081235305482528,13.279934713811329,0.0078548146428367,0.11332172962134618,0.0
13892,1.0,0.05,0.00012081235305482528,13.279934713811329,0.0078548146428367,0.11332172962134618,0.0
13893,1.0,0.05,0.00012081235305482528,13.279934713811329,0.0078548146428367,0.10966238571345513,0.0
13894,1.0,0.05,0.00012081235305482528,13.279934713811329,0.0078548146428367,0.11907290022016447,0.0
13895,1.0,0.05,0.00012081235305482528,10.517542764708224,0.0078548146428367,0.11907290022016447,0.0
13896,1.0,0.05,0.00012081235305482528,10.517542764708224,0.0078548146428367,0.11907290022016447,0.0
13897,1.0,0.05,0.00012081235305482528,10.517542764708224,0.007325105254879379,0.11804593234043982,0.0
13898,1.0,0.05,0.00012081235305482528,10.517542764708224,0.007325105254879379,0.11804593234043982,0.0
13899,1.0,0.05,0.00012081235305482528,10.517542764708224,0.007408483099131074,0.11804593234043982,0.0
13900,1.0,0.05,0.00012081235305482528,10.517542764708224,0.007408483099131074,0.11804593234043982,0.0
13901,1.0,0.05,0.00012081235305482528,10.517542764708224,0.006517664587395348,0.11804593234043982,0.0
13902,1.0,0.05,0.00012081235305482528,10.517542764708224,0.006517664587395348,0.11804593234043982,0.0
13903,1.0,0.05,0.00012081235305482528,10.517542764708224,0.006517664587395348,0.11284059635418328,0.0
13904,1.0,0.05,0.00012081235305482528,10.517542764708224,0.006517664587395348,0.11450363639265604,0.0
13905,1.0,0.05,0.00012081235305482528,10.517542764708224,0.006517664587395348,0.11450363639265604,0.0
13906,1.0,0.05,0.00012081235305482528,10.517542764708224,0.006517664587395348,0.11450363639265604,0.0
13907,1.0,0.05,0.00012081235305482528,10.517542764708224,0.006517664587395348,0.11450363639265604,0.0
13908,1.0,0.05,0.00012081235305482528,10.517542764708224,0.006298150870810473,0.11450363639265604,0.0
13909,1.0,0.05,0.00012081235305482528,10.517542764708224,0.006298150870810473,0.11450363639265604,0.0
13910,1.0,0.05,0.00012081235305482528,10.517542764708224,0.00657668092542755,0.13347796408742504,0.0
13911,1.0,0.05,0.00012081235305482528,10.517542764708224,0.00657668092542755,0.14491681625473454,0.0
13912,1.0,0.05,0.00012081235305482528,10.517542764708224,0.00657668092542755,0.14491681625473454,0.0
13913,1.0,0.05,0.00012081235305482528,10.517542764708224,0.00657668092542755,0.10185953991530827,0.0
13914,1.0,0.05,0.00012999676324542778,10.517542764708224,0.006684730904898397,0.10185953991530827,0.0
13915,1.0,0.05,0.00012999676324542778,6.394640396256122,0.006684730904898397,0.12335463162303348,0.0
13916,1.0,0.05,0.00012999676324542778,6.394640396256122,0.006573220365777022,0.12335463162303348,0.0
13917,1.0,0.05,0.00012998561024229338,6.394640396256122,0.006573220365777022,0.12335463162303348,0.0
13918,1.0,0.05,0.00012998561024229338,6.394640396256122,0.006573220365777022,0.12335463162303348,0.0
13919,1.0,0.05,0.00012998561024229338,6.394640396256122,0.006573220365777022,0.12335463162303348,0.0
13920,1.0,0.05,0.00012998561024229338,6.394640396256122,0.006573220365777022,0.12845030361603327,0.0
13921,1.0,0.05,0.00012998561024229338,6.394640396256122,0.006573220365777022,0.12845030361603327,0.0
13922,1.0,0.05,0.00012998561024229338,6.394640396256122,0.006573220365777022,0.12845030361603327,0.0
13923,1.0,0.05,0.00012998561024229338,6.394640396256122,0.006573220365777022,0.12845030361603327,0.0
13924,1.0,0.05,0.00012998561024229338,9.757787224888844,0.006573220365777022,0.12845030361603327,0.0
13925,1.0,0.05,0.00012998561024229338,9.757787224888844,0.006573220365777022,0.12845030361603327,0.0
13926,1.0,0.05,0.00012998561024229338,10.025994485244766,0.006104234487025944,0.12845030361603327,0.0
13927,1.0,0.05,0.00012998561024229338,10.025994485244766,0.006104234487025944,0.12845030361603327,0.0
13928,1.0,0.05,0.00011683718544797857,10.025994485244766,0.006104234487025944,0.12845030361603327,0.0
13929,1.0,0.05,0.00011683718544797857,10.025994485244766,0.007439481982392886,0.12845030361603327,0.0
13930,1.0,0.05,0.00011669035776452957,10.025994485244766,0.007439481982392886,0.12845030361603327,0.0
13931,1.0,0.05,0.00011669035776452957,10.025994485244766,0.007439481982392886,0.12845030361603327,0.0
13932,1.0,0.05,0.00011669035776452957,10.025994485244766,0.007439481982392886,0.14305464300603432,0.0
13933,1.0,0.05,0.00011669035776452957,10.025994485244766,0.007332056060648235,0.14305464300603432,0.0
13934,1.0,0.05,0.00011669035776452957,10.025994485244766,0.007332056060648235,0.14305464300603432,0.0
13935,1.0,0.05,0.00011669035776452957,10.025994485244766,0.007332056060648235,0.14305464300603432,0.0
13936,1.0,0.05,0.00011669035776452957,10.025994485244766,0.007332056060648235,0.14305464300603432,0.0
13937,1.0,0.05,0.00011669035776452957,10.025994485244766,0.007332056060648235,0.14305464300603432,0.0
13938,1.0,0.05,0.00012606182587460388,10.025994485244766,0.007052687309677963,0.14305464300603432,0.0
13939,1.0,0.05,0.00012606182587460388,10.025994485244766,0.0076235334494462546,0.14305464300603432,0.0
13940,1.0,0.05,0.00011993181082513466,10.025994485244766,0.0076235334494462546,0.14305464300603432,0.0
13941,1.0,0.05,0.00011993181082513466,10.025994485244766,0.0076235334494462546,0.14305464300603432,0.0
13942,1.0,0.05,0.00011993181082513466,10.025994485244766,0.0076235334494462546,0.14305464300603432,0.0
13943,1.0,0.05,0.00011993181082513466,10.025994485244766,0.0076235334494462546,0.14305464300603432,0.0
13944,1.0,0.05,0.00011993181082513466,10.025994485244766,0.0076235334494462546,0.14305464300603432,0.0
13945,1.0,0.05,0.00011993181082513466,10.025994485244766,0.0076235334494462546,0.14305464300603432,0.0
13946,1.0,0.05,0.00011993181082513466,10.025994485244766,0.0076235334494462546,0.1347303800782252,0.0
13947,1.0,0.05,0.00011993181082513466,10.025994485244766,0.0076235334494462546,0.1347303800782252,0.0
13948,1.0,0.05,0.00011993181082513466,10.025994485244766,0.0076235334494462546,0.1347303800782252,0.0
13949,1.0,0.05,0.00011993181082513466,10.025994485244766,0.0076235334494462546,0.1347303800782252,0.0
13950,1.0,0.05,0.00011993181082513466,14.7911357079673,0.0076235334494462546,0.12623410442399338,0.0
13951,1.0,0.05,0.00011993181082513466,14.7911357079673,0.0076235334494462546,0.12623410442399338,0.0
13952,1.0,0.05,0.00011993181082513466,14.7911357079673,0.008073256281466965,0.12623410442399338,0.0
13953,1.0,0.05,0.00011993181082513466,14.7911357079673,0.008073256281466965,0.12623410442399338,0.0
13954,1.0,0.05,0.00011993181082513466,14.7911357079673,0.008073256281466965,0.12623410442399338,0.0
13955,1.0,0.05,0.00011993181082513466,14.7911357079673,0.008073256281466965,0.12623410442399338,0.0
13956,1.0,0.05,0.00011993181082513466,14.7911357079673,0.008073256281466965,0.13854108237248,0.0
13957,1.0,0.05,0.00011993181082513466,14.7911357079673,0.008073256281466965,0.09783843153944119,0.0
13958,1.0,0.05,0.00011993181082513466,14.7911357079673,0.007396261865342009,0.09783843153944119,0.0
13959,1.0,0.05,0.00011993181082513466,14.7911357079673,0.006508692360446345,0.09783843153944119,0.0
13960,1.0,0.05,0.00011993181082513466,14.7911357079673,0.006508692360446345,0.09783843153944119,0.0
13961,1.0,0.05,0.00011993181082513466,14.333471145249874,0.006508692360446345,0.09783843153944119,0.0
13962,1.0,0.05,0.00011993181082513466,17.989055181130567,0.006508692360446345,0.09783843153944119,0.0
13963,1.0,0.05,0.00011993181082513466,16.620517148205366,0.006406711227461368,0.09783843153944119,0.0
13964,1.0,0.05,0.00011993181082513466,16.620517148205366,0.006406711227461368,0.09783843153944119,0.0
13965,1.0,0.05,0.00011993181082513466,16.620517148205366,0.006406711227461368,0.09783843153944119,0.0
13966,1.0,0.05,0.00011993181082513466,16.620517148205366,0.006406711227461368,0.10038962710193049,0.0
13967,1.0,0.05,0.00012300561079150728,16.620517148205366,0.006406711227461368,0.10038962710193049,0.0
13968,1.0,0.05,0.00012300561079150728,16.620517148205366,0.007228093445782864,0.10038962710193049,0.0
13969,1.0,0.05,0.00012300561079150728,17.869353383486697,0.007228093445782864,0.10038962710193049,0.0
13970,1.0,0.05,0.00012144305577720952,17.869353383486697,0.007228093445782864,0.10038962710193049,0.0
13971,1.0,0.05,0.00012144305577720952,17.869353383486697,0.007228093445782864,0.10038962710193049,0.0
13972,1.0,0.05,0.00012144305577720952,17.869353383486697,0.007228093445782864,0.10038962710193049,0.0
13973,1.0,0.05,0.00012144305577720952,17.869353383486697,0.007228093445782864,0.10038962710193049,0.0
13974,1.0,0.05,0.00012144305577720952,17.869353383486697,0.007228093445782864,0.10038962710193049,0.0
13975,1.0,0.05,0.00011989407712765485,17.869353383486697,0.007228093445782864,0.11419345158847828,0.0
13976,1.0,0.05,0.00011989407712765485,17.869353383486697,0.007228093445782864,0.11419345158847828,0.0
13977,1.0,0.05,0.00011989407712765485,17.869353383486697,0.007228093445782864,0.11419345158847828,0.0
13978,1.0,0.05,0.00011989407712765485,17.869353383486697,0.007228093445782864,0.11419345158847828,0.0
13979,1.0,0.05,0.00011989407712765485,12.85681016404547,0.007228093445782864,0.11419345158847828,0.0
13980,1.0,0.05,0.00011989407712765485,12.85681016404547,0.007228093445782864,0.11419345158847828,0.0
13981,1.0,0.05,0.00011989407712765485,12.85681016404547,0.007228093445782864,0.11419345158847828,0.0
13982,1.0,0.05,0.00011989407712765485,12.85681016404547,0.007228093445782864,0.12100863582827578,0.0
13983,1.0,0.05,0.00012457110857555894,12.85681016404547,0.007228093445782864,0.1326112858367349,0.0
13984,1.0,0.05,0.00012457110857555894,12.85681016404547,0.007228093445782864,0.1326112858367349,0.0
13985,1.0,0.05,0.00012457110857555894,12.85681016404547,0.007228093445782864,0.1326112858367349,0.0
13986,1.0,0.05,0.00012457110857555894,12.85681016404547,0.007228093445782864,0.1326112858367349,0.0
13987,1.0,0.05,0.00012457110857555894,8.617781965476638,0.007228093445782864,0.1326112858367349,0.0
13988,1.0,0.05,0.00012457110857555894,8.617781965476638,0.006701032159203294,0.1326112858367349,0.0
13989,1.0,0.05,0.00012457110857555894,8.617781965476638,0.006701032159203294,0.1326112858367349,0.0
13990,1.0,0.05,0.00012457110857555894,8.617781965476638,0.006701032159203294,0.1326112858367349,0.0
13991,1.0,0.05,0.00012457110857555894,8.617781965476638,0.006701032159203294,0.1326112858367349,0.0
13992,1.0,0.05,0.00012457110857555894,8.669063125985417,0.006701032159203294,0.1326112858367349,0.0
13993,1.0,0.05,0.00012457110857555894,8.669063125985417,0.006701032159203294,0.1326112858367349,0.0
13994,1.0,0.05,0.00012457110857555894,8.669063125985417,0.006701032159203294,0.12201499946834699,0.0
13995,1.0,0.05,0.00012457110857555894,8.669063125985417,0.006701032159203294,0.13737158239210057,0.0
13996,1.0,0.05,0.00012457110857555894,8.669063125985417,0.006701032159203294,0.13737158239210057,0.0
13997,1.0,0.05,0.00012457110857555894,8.669063125985417,0.006701032159203294,0.13737158239210057,0.0
13998,1.0,0.05,0.00012457110857555894,8.669063125985417,0.006701032159203294,0.13737158239210057,0.0
13999,1.0,0.05,0.00012616893353998033,8.615767358499738,0.006701032159203294,0.13737158239210057,0.0
14000,1.0,0.05,0.00012616893353998033,8.615767358499738,0.006701032159203294,0.13737158239210057,0.0
14001,1.0,0.05,0.00012616893353998033,8.615767358499738,0.006701032159203294,0.13737158239210057,0.0
14002,1.0,0.05,0.00012616893353998033,8.615767358499738,0.006701032159203294,0.13737158239210057,0.0
14003,1.0,0.05,0.00012616893353998033,8.615767358499738,0.006701032159203294,0.13737158239210057,0.0
14004,1.0,0.05,0.0001293213249255458,8.615767358499738,0.006701032159203294,0.13737158239210057,0.0
14005,1.0,0.05,0.0001293213249255458,8.615767358499738,0.006701032159203294,0.13737158239210057,0.0
14006,1.0,0.05,0.0001223414094067763,8.615767358499738,0.006404014497771063,0.13737158239210057,0.0
14007,1.0,0.05,0.0001223414094067763,8.615767358499738,0.006404014497771063,0.13737158239210057,0.0
14008,1.0,0.05,0.0001223414094067763,9.583896517229377,0.006404014497771063,0.13737158239210057,0.0
14009,1.0,0.05,0.00012094808843706554,9.583896517229377,0.006404014497771063,0.13737158239210057,0.0
14010,1.0,0.05,0.00012094808843706554,9.583896517229377,0.006539931532923197,0.13737158239210057,0.0
14011,1.0,0.05,0.00012094808843706554,9.583896517229377,0.006539931532923197,0.12783277846576477,0.0
14012,1.0,0.05,0.00012094808843706554,9.583896517229377,0.006539931532923197,0.12783277846576477,0.0
14013,1.0,0.05,0.00012094808843706554,9.583896517229377,0.006539931532923197,0.12783277846576477,0.0
14014,1.0,0.05,0.00012094808843706554,9.583896517229377,0.006539931532923197,0.12783277846576477,0.0
14015,1.0,0.05,0.00012094808843706554,9.583896517229377,0.006539931532923197,0.12783277846576477,0.0
14016,1.0,0.05,0.00012094808843706554,9.583896517229377,0.006539931532923197,0.12783277846576477,0.0
14017,1.0,0.05,0.00012094808843706554,9.583896517229377,0.006539931532923197,0.12783277846576477,0.0
14018,1.0,0.05,0.00012094808843706554,9.583896517229377,0.006539931532923197,0.12783277846576477,0.0
14019,1.0,0.05,0.0001272028027201879,9.583896517229377,0.006539931532923197,0.12783277846576477,0.0
14020,1.0,0.05,0.0001272028027201879,9.583896517229377,0.006539931532923197,0.12783277846576477,0.0
14021,1.0,0.05,0.0001272028027201879,9.583896517229377,0.006539931532923197,0.13261320671670473,0.0
14022,1.0,0.05,0.0001272028027201879,9.583896517229377,0.006539931532923197,0.1411707770326182,0.0
14023,1.0,0.05,0.0001272028027201879,9.583896517229377,0.006539931532923197,0.1411707770326182,0.0
14024,1.0,0.05,0.0001272028027201879,9.583896517229377,0.006539931532923197,0.1411707770326182,0.0
14025,1.0,0.05,0.0001167916984644442,9.583896517229377,0.006539931532923197,0.1411707770326182,0.0
14026,1.0,0.05,0.0001167916984644442,9.583896517229377,0.006539931532923197,0.1411707770326182,0.0
14027,1.0,0.05,0.0001167916984644442,9.583896517229377,0.006539931532923197,0.1411707770326182,0.0
14028,1.0,0.05,0.0001167916984644442,9.583896517229377,0.006539931532923197,0.1411707770326182,0.0
14029,1.0,0.05,0.0001167916984644442,10.22711172098856,0.00682250922069261,0.1411707770326182,0.0
14030,1.0,0.05,0.0001167916984644442,10.22711172098856,0.006733225235072169,0.1411707770326182,0.0
14031,1.0,0.05,0.0001167916984644442,10.22711172098856,0.006733225235072169,0.1411707770326182,0.0
14032,1.0,0.05,0.0001167916984644442,10.22711172098856,0.006733225235072169,0.11932057723398594,0.0
14033,1.0,0.05,0.0001167916984644442,10.22711172098856,0.006733225235072169,0.11932057723398594,0.0
14034,1.0,0.05,0.0001167916984644442,13.989122627690335,0.006733225235072169,0.11743423540294796,0.0
14035,1.0,0.05,0.0001167916984644442,13.989122627690335,0.006733225235072169,0.11743423540294796,0.0
14036,1.0,0.05,0.0001167916984644442,13.859382654801294,0.006733225235072169,0.11743423540294796,0.0
14037,1.0,0.05,0.0001167916984644442,13.859382654801294,0.006733225235072169,0.11743423540294796,0.0
14038,1.0,0.05,0.0001167916984644442,13.859382654801294,0.006733225235072169,0.11743423540294796,0.0
14039,1.0,0.05,0.0001167916984644442,13.859382654801294,0.006733225235072169,0.11743423540294796,0.0
14040,1.0,0.05,0.0001167916984644442,13.859382654801294,0.006733225235072169,0.11743423540294796,0.0
14041,1.0,0.05,0.0001167916984644442,13.859382654801294,0.006733225235072169,0.11743423540294796,0.0
14042,1.0,0.05,0.0001167916984644442,13.859382654801294,0.007899435835706603,0.12847418706403288,0.0
14043,1.0,0.05,0.0001167916984644442,13.859382654801294,0.007899435835706603,0.11203703019986308,0.0
14044,1.0,0.05,0.0001167916984644442,10.110363709241298,0.007899435835706603,0.144653291949151,0.0
14045,1.0,0.05,0.0001167916984644442,10.110363709241298,0.007899435835706603,0.144653291949151,0.0
14046,1.0,0.05,0.0001167916984644442,10.110363709241298,0.007899435835706603,0.144653291949151,0.0
14047,1.0,0.05,0.0001167916984644442,10.110363709241298,0.007899435835706603,0.144653291949151,0.0
14048,1.0,0.05,0.0001167916984644442,10.110363709241298,0.007854655108748254,0.144653291949151,0.0
14049,1.0,0.05,0.0001167916984644442,10.110363709241298,0.008005409554802575,0.144653291949151,0.0
14050,1.0,0.05,0.0001167916984644442,10.110363709241298,0.008005409554802575,0.144653291949151,0.0
14051,1.0,0.05,0.0001167916984644442,10.110363709241298,0.006645675639528309,0.144653291949151,0.0
14052,1.0,0.05,0.0001167916984644442,10.110363709241298,0.007767714940357568,0.144653291949151,0.0
14053,1.0,0.05,0.0001167916984644442,16.49815668932051,0.007876060725922045,0.11383450084209676,0.0
14054,1.0,0.05,0.0001167916984644442,16.49815668932051,0.007876060725922045,0.11383450084209676,0.0
14055,1.0,0.05,0.0001167916984644442,16.49815668932051,0.007876060725922045,0.11383450084209676,0.0
14056,1.0,0.05,0.0001167916984644442,16.49815668932051,0.007876060725922045,0.11383450084209676,0.0
14057,1.0,0.05,0.0001167916984644442,16.49815668932051,0.007876060725922045,0.11383450084209676,0.0
14058,1.0,0.05,0.0001167916984644442,16.49815668932051,0.007876060725922045,0.11383450084209676,0.0
14059,1.0,0.05,0.0001167916984644442,16.49815668932051,0.007876060725922045,0.11383450084209676,0.0
14060,1.0,0.05,0.0001167916984644442,16.49815668932051,0.007876060725922045,0.11383450084209676,0.0
14061,1.0,0.05,0.0001167916984644442,16.49815668932051,0.006887943056318268,0.11383450084209676,0.0
14062,1.0,0.05,0.0001167916984644442,16.49815668932051,0.006887943056318268,0.11383450084209676,0.0
14063,1.0,0.05,0.0001167916984644442,16.49815668932051,0.006887943056318268,0.11383450084209676,0.0
14064,1.0,0.05,0.00011924145750335565,16.49815668932051,0.006887943056318268,0.11383450084209676,0.0
14065,1.0,0.05,0.00011924145750335565,16.49815668932051,0.006887943056318268,0.11383450084209676,0.0
14066,1.0,0.05,0.00011924145750335565,16.49815668932051,0.006887943056318268,0.12285460814970955,0.0
14067,1.0,0.05,0.00011924145750335565,16.49815668932051,0.006887943056318268,0.11791756893409203,0.0
14068,1.0,0.05,0.00011924145750335565,7.190541684954965,0.006887943056318268,0.11791756893409203,0.0
14069,1.0,0.05,0.00011924145750335565,7.190541684954965,0.006887943056318268,0.11791756893409203,0.0
14070,1.0,0.05,0.00011924145750335565,7.190541684954965,0.006887943056318268,0.13449224786547548,0.0
14071,1.0,0.05,0.00011924145750335565,7.190541684954965,0.006887943056318268,0.134179422941954,0.0
14072,1.0,0.05,0.00011924145750335565,7.190541684954965,0.0064243480966672106,0.134179422941954,0.0
14073,1.0,0.05,0.00011924145750335565,7.190541684954965,0.0064243480966672106,0.12251270682838145,0.0
14074,1.0,0.05,0.00011924145750335565,7.190541684954965,0.0064243480966672106,0.12251270682838145,0.0
14075,1.0,0.05,0.00011924145750335565,7.190541684954965,0.0064243480966672106,0.12251270682838145,0.0
14076,1.0,0.05,0.00011924145750335565,7.190541684954965,0.0064243480966672106,0.20632002240144273,0.0
14077,1.0,0.05,0.00011924145750335565,7.190541684954965,0.0064243480966672106,0.20632002240144273,0.0
14078,1.0,0.05,0.00011924145750335565,7.190541684954965,0.0064243480966672106,0.20632002240144273,0.0
14079,1.0,0.05,0.00011924145750335565,7.190541684954965,0.0064243480966672106,0.14343995940819768,0.0
14080,1.0,0.05,0.00011924145750335565,7.190541684954965,0.0064243480966672106,0.15791127936570926,0.0
14081,1.0,0.05,0.00011924145750335565,7.190541684954965,0.0064243480966672106,0.15791127936570926,0.0
14082,1.0,0.05,0.00011924145750335565,7.190541684954965,0.0064243480966672106,0.15791127936570926,0.0
14083,1.0,0.05,0.00011924145750335565,7.190541684954965,0.0064243480966672106,0.15791127936570926,0.0
14084,1.0,0.05,0.00011924145750335565,7.190541684954965,0.0064243480966672106,0.1506408294231034,0.0
14085,1.0,0.05,0.00011924145750335565,5.66280678927167,0.0064243480966672106,0.1506408294231034,0.0
14086,1.0,0.05,0.00011924145750335565,5.66280678927167,0.007284772092470542,0.14766187515835608,0.0
14087,1.0,0.05,0.00011924145750335565,6.814138962272651,0.0076905013092355866,0.17316565214493082,0.0
14088,1.0,0.05,0.00011924145750335565,6.814138962272651,0.0076905013092355866,0.17316565214493082,0.0
14089,1.0,0.05,0.00011924145750335565,6.814138962272651,0.0076905013092355866,0.17316565214493082,0.0
14090,1.0,0.05,0.00011924145750335565,6.814138962272651,0.0076905013092355866,0.17316565214493082,0.0
14091,1.0,0.05,0.00011924145750335565,6.814138962272651,0.0076905013092355866,0.17316565214493082,0.0
14092,1.0,0.05,0.00011924145750335565,10.350768943097506,0.0076905013092355866,0.17316565214493082,0.0
14093,1.0,0.05,0.00011924145750335565,10.350768943097506,0.0072098220426499784,0.17316565214493082,0.0
14094,1.0,0.05,0.00011924145750335565,10.350768943097506,0.0072098220426499784,0.17316565214493082,0.0
14095,1.0,0.05,0.00011924145750335565,10.350768943097506,0.0072098220426499784,0.17316565214493082,0.0
14096,1.0,0.05,0.00011924145750335565,10.350768943097506,0.0072098220426499784,0.1553912910317968,0.0
14097,1.0,0.05,0.00011924145750335565,10.350768943097506,0.0073058018184034125,0.15168285953559224,0.0
14098,1.0,0.05,0.00011924145750335565,10.350768943097506,0.0073058018184034125,0.15168285953559224,0.0
14099,1.0,0.05,0.00011924145750335565,10.350768943097506,0.0073058018184034125,0.15168285953559224,0.0
14100,1.0,0.05,0.00011924145750335565,5.887729270657772,0.0073058018184034125,0.15168285953559224,0.0
14101,1.0,0.05,0.00011924145750335565,5.887729270657772,0.0073058018184034125,0.15168285953559224,0.0
14102,1.0,0.05,0.00011924145750335565,5.887729270657772,0.0073058018184034125,0.15168285953559224,0.0
14103,1.0,0.05,0.00011924145750335565,5.887729270657772,0.0073058018184034125,0.191862698776463,0.0
14104,1.0,0.05,0.00011924145750335565,5.887729270657772,0.0073058018184034125,0.191862698776463,0.0
14105,1.0,0.05,0.00011924145750335565,5.887729270657772,0.0073058018184034125,0.19808370394519906,0.0
14106,1.0,0.05,0.00011924145750335565,5.887729270657772,0.007082055733992509,0.19808370394519906,0.0
14107,1.0,0.05,0.00011924145750335565,5.887729270657772,0.007082055733992509,0.19808370394519906,0.0
14108,1.0,0.05,0.00011924145750335565,5.887729270657772,0.007082055733992509,0.19808370394519906,0.0
14109,1.0,0.05,0.00012503977340514778,5.887729270657772,0.007082055733992509,0.14273009668655742,0.0
14110,1.0,0.05,0.00012503977340514778,5.887729270657772,0.007082055733992509,0.12056588113909403,0.0
14111,1.0,0.05,0.00012503977340514778,9.282312610501435,0.007082055733992509,0.12056588113909403,0.0
14112,1.0,0.05,0.00012503977340514778,9.282312610501435,0.007082055733992509,0.12056588113909403,0.0
14113,1.0,0.05,0.00012503977340514778,9.282312610501435,0.007082055733992509,0.12056588113909403,0.0
14114,1.0,0.05,0.00012503977340514778,9.282312610501435,0.007082055733992509,0.12056588113909403,0.0
14115,1.0,0.05,0.00012503977340514778,9.282312610501435,0.00604154972498652,0.12338895786632748,0.0
14116,1.0,0.05,0.00012503977340514778,9.282312610501435,0.00604154972498652,0.12338895786632748,0.0
14117,1.0,0.05,0.00012503977340514778,9.282312610501435,0.00604154972498652,0.12338895786632748,0.0
14118,1.0,0.05,0.00012503977340514778,9.282312610501435,0.00604154972498652,0.09776768014965907,0.0
14119,1.0,0.05,0.00012503977340514778,9.282312610501435,0.00604154972498652,0.09776768014965907,0.0
14120,1.0,0.05,0.00012503977340514778,9.282312610501435,0.00604154972498652,0.09776768014965907,0.0
14121,1.0,0.05,0.00012503977340514778,9.755134212256863,0.00604154972498652,0.09776768014965907,0.0
14122,1.0,0.05,0.00012503977340514778,9.755134212256863,0.00604154972498652,0.09776768014965907,0.0
14123,1.0,0.05,0.00012503977340514778,9.755134212256863,0.00604154972498652,0.09776768014965907,0.0
14124,1.0,0.05,0.00012503977340514778,9.755134212256863,0.00604154972498652,0.09776768014965907,0.0
14125,1.0,0.05,0.00012503977340514778,9.755134212256863,0.00604154972498652,0.09776768014965907,0.0
14126,1.0,0.05,0.00012503977340514778,10.91585737892946,0.00604154972498652,0.09776768014965907,0.0
14127,1.0,0.05,0.00012503977340514778,10.91585737892946,0.00604154972498652,0.09776768014965907,0.0
14128,1.0,0.05,0.00012503977340514778,10.91585737892946,0.00604154972498652,0.09776768014965907,0.0
14129,1.0,0.05,0.00012503977340514778,10.91585737892946,0.005925390190068858,0.09776768014965907,0.0
14130,1.0,0.05,0.00012503977340514778,10.91585737892946,0.005776861176301374,0.09776768014965907,0.0
14131,1.0,0.05,0.00012503977340514778,10.91585737892946,0.005776861176301374,0.09776768014965907,0.0
14132,1.0,0.05,0.00012503977340514778,10.91585737892946,0.005776861176301374,0.09450618952335421,0.0
14133,1.0,0.05,0.00012503977340514778,10.91585737892946,0.005776861176301374,0.09450618952335421,0.0
14134,1.0,0.05,0.00012503977340514778,10.91585737892946,0.006649058711779272,0.11653921279370527,0.0
14135,1.0,0.05,0.00012503977340514778,10.91585737892946,0.006649058711779272,0.11653921279370527,0.0
14136,1.0,0.05,0.00012503977340514778,10.91585737892946,0.006649058711779272,0.09950618752246636,0.0
14137,1.0,0.05,0.00012503977340514778,10.91585737892946,0.006649058711779272,0.09950618752246636,0.0
14138,1.0,0.05,0.00012503977340514778,10.91585737892946,0.006204632937342193,0.09950618752246636,0.0
14139,1.0,0.05,0.00012503977340514778,10.91585737892946,0.006204632937342193,0.09950618752246636,0.0
14140,1.0,0.05,0.00012503977340514778,10.91585737892946,0.006204632937342193,0.09950618752246636,0.0
14141,1.0,0.05,0.00012503977340514778,10.91585737892946,0.006204632937342193,0.12003386681768244,0.0
14142,1.0,0.05,0.00012503977340514778,10.91585737892946,0.006204632937342193,0.12003386681768244,0.0
14143,1.0,0.05,0.00012503977340514778,10.91585737892946,0.006204632937342193,0.12003386681768244,0.0
14144,1.0,0.05,0.00012503977340514778,10.91585737892946,0.006204632937342193,0.12003386681768244,0.0
14145,1.0,0.05,0.00012503977340514778,10.91585737892946,0.006204632937342193,0.12003386681768244,0.0
14146,1.0,0.05,0.00012503977340514778,10.91585737892946,0.00679776091400714,0.12003386681768244,0.0
14147,1.0,0.05,0.00012503977340514778,7.871440705316289,0.007140386024742151,0.12003386681768244,0.0
14148,1.0,0.05,0.00012503977340514778,7.871440705316289,0.006367430887201235,0.12003386681768244,0.0
14149,1.0,0.05,0.00012503977340514778,7.871440705316289,0.006367430887201235,0.12003386681768244,0.0
14150,1.0,0.05,0.00012503977340514778,7.871440705316289,0.006367430887201235,0.12003386681768244,0.0
14151,1.0,0.05,0.00012503977340514778,7.871440705316289,0.006367430887201235,0.12003386681768244,0.0
14152,1.0,0.05,0.00012503977340514778,7.871440705316289,0.007033189739353062,0.12003386681768244,0.0
14153,1.0,0.05,0.00012503977340514778,11.105247766158172,0.007033189739353062,0.12003386681768244,0.0
14154,1.0,0.05,0.00012503977340514778,11.105247766158172,0.007033189739353062,0.12003386681768244,0.0
14155,1.0,0.05,0.00012503977340514778,11.105247766158172,0.007033189739353062,0.12003386681768244,0.0
14156,1.0,0.05,0.00012656572403695862,11.105247766158172,0.007033189739353062,0.12003386681768244,0.0
14157,1.0,0.05,0.00012656572403695862,11.105247766158172,0.007033189739353062,0.12003386681768244,0.0
14158,1.0,0.05,0.00012656572403695862,11.105247766158172,0.007033189739353062,0.12003386681768244,0.0
14159,1.0,0.05,0.00012656572403695862,6.892390895675817,0.007033189739353062,0.12003386681768244,0.0
14160,1.0,0.05,0.00012656572403695862,6.892390895675817,0.007033189739353062,0.12003386681768244,0.0
14161,1.0,0.05,0.00012656572403695862,6.892390895675817,0.006400899576349578,0.16895697286975722,0.0
14162,1.0,0.05,0.00012656572403695862,6.892390895675817,0.006400899576349578,0.16895697286975722,0.0
14163,1.0,0.05,0.00012755844052249937,6.892390895675817,0.006400899576349578,0.16895697286975722,0.0
14164,1.0,0.05,0.00012755844052249937,6.892390895675817,0.007258584478760428,0.16895697286975722,0.0
14165,1.0,0.05,0.00012755844052249937,6.892390895675817,0.007258584478760428,0.16895697286975722,0.0
14166,1.0,0.05,0.00012755844052249937,6.892390895675817,0.007258584478760428,0.12435113238550208,0.0
14167,1.0,0.05,0.00012755844052249937,6.892390895675817,0.005499038118937987,0.12435113238550208,0.0
14168,1.0,0.05,0.00012755844052249937,6.892390895675817,0.006065460695442081,0.1323575856650853,0.0
14169,1.0,0.05,0.00012755844052249937,6.892390895675817,0.006065460695442081,0.1323575856650853,0.0
14170,1.0,0.05,0.00013029979639187463,6.892390895675817,0.006065460695442081,0.1323575856650853,0.0
14171,1.0,0.05,0.00013029979639187463,6.892390895675817,0.006065460695442081,0.1323575856650853,0.0
14172,1.0,0.05,0.00011748873803858886,6.892390895675817,0.006422038598501778,0.1323575856650853,0.0
14173,1.0,0.05,0.00011748873803858886,6.892390895675817,0.006422038598501778,0.14334183930873357,0.0
14174,1.0,0.05,0.00011748873803858886,6.892390895675817,0.006422038598501778,0.14334183930873357,0.0
14175,1.0,0.05,0.00011748873803858886,9.176812608878194,0.006422038598501778,0.14334183930873357,0.0
14176,1.0,0.05,0.00011748873803858886,9.176812608878194,0.006422038598501778,0.14334183930873357,0.0
14177,1.0,0.05,0.00011748873803858886,9.176812608878194,0.006820306554467917,0.14334183930873357,0.0
14178,1.0,0.05,0.00011748873803858886,9.176812608878194,0.006820306554467917,0.14334183930873357,0.0
14179,1.0,0.05,0.00011748873803858886,9.176812608878194,0.0057613258966215984,0.14334183930873357,0.0
14180,1.0,0.05,0.00011748873803858886,9.176812608878194,0.0057613258966215984,0.13547628339293377,0.0
14181,1.0,0.05,0.00011821059782793147,9.176812608878194,0.0057613258966215984,0.13547628339293377,0.0
14182,1.0,0.05,0.00011821059782793147,9.176812608878194,0.0057613258966215984,0.13547628339293377,0.0
14183,1.0,0.05,0.00011821059782793147,9.176812608878194,0.0057613258966215984,0.13223841651649704,0.0
14184,1.0,0.05,0.00011821059782793147,9.176812608878194,0.0057613258966215984,0.13223841651649704,0.0
14185,1.0,0.05,0.00011821059782793147,9.176812608878194,0.0057613258966215984,0.13223841651649704,0.0
14186,1.0,0.05,0.00013095485876200153,9.176812608878194,0.0057613258966215984,0.13223841651649704,0.0
14187,1.0,0.05,0.00013095485876200153,9.176812608878194,0.006928879208601256,0.13223841651649704,0.0
14188,1.0,0.05,0.00013095485876200153,9.176812608878194,0.006646548935526859,0.13223841651649704,0.0
14189,1.0,0.05,0.00013095485876200153,9.176812608878194,0.006646548935526859,0.10302921110283902,0.0
14190,1.0,0.05,0.00013095485876200153,9.176812608878194,0.006646548935526859,0.10302921110283902,0.0
14191,1.0,0.05,0.00013095485876200153,9.176812608878194,0.006646548935526859,0.10302921110283902,0.0
14192,1.0,0.05,0.00013095485876200153,9.176812608878194,0.006646548935526859,0.10302921110283902,0.0
14193,1.0,0.05,0.00012839300325528984,9.176812608878194,0.006646548935526859,0.10302921110283902,0.0
14194,1.0,0.05,0.00012839300325528984,9.176812608878194,0.006646548935526859,0.10302921110283902,0.0
14195,1.0,0.05,0.00012839300325528984,9.176812608878194,0.006646548935526859,0.10302921110283902,0.0
14196,1.0,0.05,0.00012891884277432795,9.176812608878194,0.006646548935526859,0.10302921110283902,0.0
14197,1.0,0.05,0.00012891884277432795,9.176812608878194,0.006646548935526859,0.10302921110283902,0.0
14198,1.0,0.05,0.00012891884277432795,9.176812608878194,0.006646548935526859,0.10302921110283902,0.0
14199,1.0,0.05,0.00012891884277432795,9.176812608878194,0.005998371490558719,0.10481369096531473,0.0
14200,1.0,0.05,0.00012891884277432795,9.176812608878194,0.005998371490558719,0.10481369096531473,0.0
14201,1.0,0.05,0.00012891884277432795,9.176812608878194,0.005998371490558719,0.10481369096531473,0.0
14202,1.0,0.05,0.00012891884277432795,12.022483200881865,0.005998371490558719,0.10481369096531473,0.0
14203,1.0,0.05,0.00012772613005766322,12.022483200881865,0.006246663772572285,0.08741678715888057,0.0
14204,1.0,0.05,0.00012772613005766322,12.022483200881865,0.006246663772572285,0.08741678715888057,0.0
14205,1.0,0.05,0.00012772613005766322,12.022483200881865,0.006246663772572285,0.08665693224375426,0.0
14206,1.0,0.05,0.00012772613005766322,10.476821411348752,0.006246663772572285,0.08665693224375426,0.0
14207,1.0,0.05,0.00012772613005766322,10.476821411348752,0.006246663772572285,0.08665693224375426,0.0
14208,1.0,0.05,0.00012772613005766322,10.476821411348752,0.006246663772572285,0.08665693224375426,0.0
14209,1.0,0.05,0.00012772613005766322,10.476821411348752,0.006246663772572285,0.08665693224375426,0.0
14210,1.0,0.05,0.00012772613005766322,10.866700619240973,0.006246663772572285,0.08665693224375426,0.0
14211,1.0,0.05,0.0001245096460525592,10.866700619240973,0.006246663772572285,0.11126623807571615,0.0
14212,1.0,0.05,0.0001245096460525592,10.866700619240973,0.006794071181167388,0.11126623807571615,0.0
14213,1.0,0.05,0.0001245096460525592,10.866700619240973,0.006794071181167388,0.11126623807571615,0.0
14214,1.0,0.05,0.0001224202575824131,10.866700619240973,0.006794071181167388,0.11126623807571615,0.0
14215,1.0,0.05,0.00012203385282322354,13.137720354885545,0.006794071181167388,0.11126623807571615,0.0
14216,1.0,0.05,0.00012203385282322354,13.137720354885545,0.006794071181167388,0.09432022761619815,0.0
14217,1.0,0.05,0.00012203385282322354,11.859172512420415,0.007603957782278871,0.09432022761619815,0.0
14218,1.0,0.05,0.00012203385282322354,11.859172512420415,0.007603957782278871,0.09432022761619815,0.0
14219,1.0,0.05,0.00012203385282322354,11.859172512420415,0.007603957782278871,0.09432022761619815,0.0
14220,1.0,0.05,0.00012203385282322354,11.859172512420415,0.007603957782278871,0.11169395102353386,0.0
14221,1.0,0.05,0.00012203385282322354,11.859172512420415,0.007603957782278871,0.13955397591047544,0.0
14222,1.0,0.05,0.00011826412721681308,12.851067899480611,0.007118189024348017,0.13955397591047544,0.0
14223,1.0,0.05,0.00011826412721681308,12.851067899480611,0.007118189024348017,0.13955397591047544,0.0
14224,1.0,0.05,0.00011826412721681308,12.851067899480611,0.007118189024348017,0.11310918265225386,0.0
14225,1.0,0.05,0.00011826412721681308,10.74867930782375,0.007118189024348017,0.11310918265225386,0.0
14226,1.0,0.05,0.00011826412721681308,14.83099127428946,0.007118189024348017,0.11310918265225386,0.0
14227,1.0,0.05,0.00011826412721681308,14.83099127428946,0.007118189024348017,0.11310918265225386,0.0
14228,1.0,0.05,0.00011826412721681308,14.83099127428946,0.007118189024348017,0.11310918265225386,0.0
14229,1.0,0.05,0.00011826412721681308,14.83099127428946,0.007118189024348017,0.0946840696927283,0.0
14230,1.0,0.05,0.00011826412721681308,14.83099127428946,0.007118189024348017,0.0946840696927283,0.0
14231,1.0,0.05,0.00011826412721681308,14.83099127428946,0.007171719749071955,0.0946840696927283,0.0
14232,1.0,0.05,0.00011826412721681308,14.83099127428946,0.007171719749071955,0.0946840696927283,0.0
14233,1.0,0.05,0.00011826412721681308,13.790714587807031,0.007171719749071955,0.11656563621558898,0.0
14234,1.0,0.05,0.00011826412721681308,13.790714587807031,0.007171719749071955,0.11656563621558898,0.0
14235,1.0,0.05,0.00011826412721681308,5.157320387807744,0.007171719749071955,0.11656563621558898,0.0
14236,1.0,0.05,0.00011826412721681308,5.157320387807744,0.007171719749071955,0.2061872978833078,0.0
14237,1.0,0.05,0.00011826412721681308,5.157320387807744,0.007171719749071955,0.2061872978833078,0.0
14238,1.0,0.05,0.00011826412721681308,5.157320387807744,0.007171719749071955,0.2061872978833078,0.0
14239,1.0,0.05,0.00011826412721681308,5.157320387807744,0.007171719749071955,0.2061872978833078,0.0
14240,1.0,0.05,0.00011826412721681308,5.157320387807744,0.007171719749071955,0.2061872978833078,0.0
14241,1.0,0.05,0.00011826412721681308,5.157320387807744,0.007048574204112949,0.2061872978833078,0.0
14242,1.0,0.05,0.00011826412721681308,5.157320387807744,0.007048574204112949,0.2061872978833078,0.0
14243,1.0,0.05,0.00011826412721681308,5.157320387807744,0.007048574204112949,0.2061872978833078,0.0
14244,1.0,0.05,0.00011826412721681308,5.157320387807744,0.007233900518794805,0.2061872978833078,0.0
14245,1.0,0.05,0.00011826412721681308,5.157320387807744,0.006757553598043924,0.2061872978833078,0.0
14246,1.0,0.05,0.00011826412721681308,5.157320387807744,0.007001904059586949,0.16278614526364232,0.0
14247,1.0,0.05,0.00011826412721681308,10.619932898759416,0.007001904059586949,0.16278614526364232,0.0
14248,1.0,0.05,0.00011446281957003044,10.619932898759416,0.007001904059586949,0.16278614526364232,0.0
14249,1.0,0.05,0.00011446281957003044,8.527570013371161,0.007001904059586949,0.1567893132428419,0.0
14250,1.0,0.05,0.00011446281957003044,8.527570013371161,0.007001904059586949,0.17526627897116137,0.0
14251,1.0,0.05,0.00011446281957003044,8.527570013371161,0.007001904059586949,0.17526627897116137,0.0
14252,1.0,0.05,0.00011446281957003044,8.527570013371161,0.007001904059586949,0.18679141081721057,0.0
14253,1.0,0.05,0.00011446281957003044,8.527570013371161,0.007001904059586949,0.18679141081721057,0.0
14254,1.0,0.05,0.00011446281957003044,8.527570013371161,0.007001904059586949,0.1510532815723101,0.0
14255,1.0,0.05,0.00011446281957003044,12.363614218961146,0.007001904059586949,0.1510532815723101,0.0
14256,1.0,0.05,0.00011446281957003044,12.363614218961146,0.007001904059586949,0.1510532815723101,0.0
14257,1.0,0.05,0.00011446281957003044,12.363614218961146,0.007001904059586949,0.1510532815723101,0.0
14258,1.0,0.05,0.00011446281957003044,12.363614218961146,0.007001904059586949,0.12880667391349357,0.0
14259,1.0,0.05,0.00011446281957003044,12.363614218961146,0.007160497850105149,0.12880667391349357,0.0
14260,1.0,0.05,0.00011446281957003044,12.363614218961146,0.007160497850105149,0.12880667391349357,0.0
14261,1.0,0.05,0.00011446281957003044,12.363614218961146,0.007173494683405913,0.12880667391349357,0.0
14262,1.0,0.05,0.00012142944454802039,12.363614218961146,0.007173494683405913,0.12880667391349357,0.0
14263,1.0,0.05,0.00012142944454802039,12.363614218961146,0.007173494683405913,0.11677240213544078,0.0
14264,1.0,0.05,0.00012142944454802039,12.363614218961146,0.007173494683405913,0.11677240213544078,0.0
14265,1.0,0.05,0.00012142944454802039,12.363614218961146,0.007173494683405913,0.11677240213544078,0.0
14266,1.0,0.05,0.00012142944454802039,12.363614218961146,0.007173494683405913,0.11677240213544078,0.0
14267,1.0,0.05,0.00012142944454802039,12.363614218961146,0.007173494683405913,0.11677240213544078,0.0
14268,1.0,0.05,0.00012142944454802039,12.363614218961146,0.007173494683405913,0.11345872283437336,0.0
14269,1.0,0.05,0.00012142944454802039,12.363614218961146,0.007173494683405913,0.11345872283437336,0.0
14270,1.0,0.05,0.00012142944454802039,12.363614218961146,0.007173494683405913,0.11345872283437336,0.0
14271,1.0,0.05,0.00012262468151110539,12.363614218961146,0.007173494683405913,0.11345872283437336,0.0
14272,1.0,0.05,0.00012262468151110539,12.363614218961146,0.007173494683405913,0.11345872283437336,0.0
14273,1.0,0.05,0.00012262468151110539,12.363614218961146,0.0070370489223437185,0.11345872283437336,0.0
14274,1.0,0.05,0.00012262468151110539,12.363614218961146,0.0070370489223437185,0.11345872283437336,0.0
14275,1.0,0.05,0.00012262468151110539,12.363614218961146,0.0070370489223437185,0.11345872283437336,0.0
14276,1.0,0.05,0.00012262468151110539,12.363614218961146,0.0070370489223437185,0.11715980972108055,0.0
14277,1.0,0.05,0.00012262468151110539,12.363614218961146,0.0070370489223437185,0.11715980972108055,0.0
14278,1.0,0.05,0.00012262468151110539,12.363614218961146,0.0070370489223437185,0.0925401439722128,0.0
14279,1.0,0.05,0.00012262468151110539,12.363614218961146,0.0070370489223437185,0.0925401439722128,0.0
14280,1.0,0.05,0.00012262468151110539,12.363614218961146,0.0070370489223437185,0.0925401439722128,0.0
14281,1.0,0.05,0.00012262468151110539,12.472114275804614,0.0070370489223437185,0.0925401439722128,0.0
14282,1.0,0.05,0.00011692127462104067,12.472114275804614,0.0070370489223437185,0.08873395164664137,0.0
14283,1.0,0.05,0.00011926417659601768,12.472114275804614,0.0070370489223437185,0.08873395164664137,0.0
14284,1.0,0.05,0.00011926417659601768,12.472114275804614,0.0070370489223437185,0.1456976321240722,0.0
14285,1.0,0.05,0.00011926417659601768,12.472114275804614,0.0070370489223437185,0.1456976321240722,0.0
14286,1.0,0.05,0.00011926417659601768,12.472114275804614,0.007885527912275106,0.1456976321240722,0.0
14287,1.0,0.05,0.00011926417659601768,8.015906821040147,0.007885527912275106,0.1456976321240722,0.0
14288,1.0,0.05,0.00011926417659601768,8.015906821040147,0.007885527912275106,0.1456976321240722,0.0
14289,1.0,0.05,0.00011926417659601768,8.015906821040147,0.0070793510426903974,0.14645996452158905,0.0
14290,1.0,0.05,0.00011926417659601768,8.015906821040147,0.0070793510426903974,0.14645996452158905,0.0
14291,1.0,0.05,0.00011926417659601768,8.015906821040147,0.0070793510426903974,0.14645996452158905,0.0
14292,1.0,0.05,0.00011926417659601768,5.935402174434088,0.0067850169621883226,0.12903581378656234,0.0
14293,1.0,0.05,0.00011926417659601768,5.935402174434088,0.0067850169621883226,0.12903581378656234,0.0
14294,1.0,0.05,0.00011926417659601768,5.935402174434088,0.0073211187764192776,0.12903581378656234,0.0
14295,1.0,0.05,0.00011926417659601768,5.935402174434088,0.0073211187764192776,0.12903581378656234,0.0
14296,1.0,0.05,0.00011926417659601768,5.935402174434088,0.0073211187764192776,0.12903581378656234,0.0
14297,1.0,0.05,0.00011926417659601768,5.935402174434088,0.0073211187764192776,0.13336455815903714,0.0
14298,1.0,0.05,0.00011926417659601768,11.425912733491273,0.0073211187764192776,0.13336455815903714,0.0
14299,1.0,0.05,0.00011926417659601768,9.161478130714713,0.0073211187764192776,0.13336455815903714,0.0
14300,1.0,0.05,0.00011926417659601768,11.454359273335712,0.0073211187764192776,0.13336455815903714,0.0
14301,1.0,0.05,0.00011926417659601768,11.454359273335712,0.0073211187764192776,0.14049681935201142,0.0
14302,1.0,0.05,0.00011926417659601768,11.454359273335712,0.0073211187764192776,0.14049681935201142,0.0
14303,1.0,0.05,0.00011926417659601768,11.454359273335712,0.0073211187764192776,0.14049681935201142,0.0
14304,1.0,0.05,0.00011926417659601768,11.454359273335712,0.0073211187764192776,0.11340595588800842,0.0
14305,1.0,0.05,0.00011926417659601768,11.454359273335712,0.0073211187764192776,0.11428281845344725,0.0
14306,1.0,0.05,0.00011926417659601768,13.55838290327145,0.0073211187764192776,0.11428281845344725,0.0
14307,1.0,0.05,0.00011926417659601768,13.55838290327145,0.007767003661034354,0.11428281845344725,0.0
14308,1.0,0.05,0.00011926417659601768,13.55838290327145,0.00754181431546443,0.11428281845344725,0.0
14309,1.0,0.05,0.00011926417659601768,13.55838290327145,0.00754181431546443,0.11428281845344725,0.0
14310,1.0,0.05,0.00011926417659601768,13.55838290327145,0.00754181431546443,0.11428281845344725,0.0
14311,1.0,0.05,0.00011926417659601768,13.55838290327145,0.007194919405072774,0.11428281845344725,0.0
14312,1.0,0.05,0.00011926417659601768,13.55838290327145,0.007194919405072774,0.11428281845344725,0.0
14313,1.0,0.05,0.00011926417659601768,13.55838290327145,0.007194919405072774,0.10485153475768677,0.0
14314,1.0,0.05,0.00011926417659601768,13.55838290327145,0.007194919405072774,0.10485153475768677,0.0
14315,1.0,0.05,0.00011926417659601768,13.55838290327145,0.007194919405072774,0.10485153475768677,0.0
14316,1.0,0.05,0.00011926417659601768,13.55838290327145,0.007194919405072774,0.10485153475768677,0.0
14317,1.0,0.05,0.00011926417659601768,13.55838290327145,0.006870695678610338,0.10485153475768677,0.0
14318,1.0,0.05,0.00011926417659601768,10.880259505043128,0.006870695678610338,0.10485153475768677,0.0
14319,1.0,0.05,0.00011926417659601768,10.880259505043128,0.006870695678610338,0.10485153475768677,0.0
14320,1.0,0.05,0.0001206709447227866,10.880259505043128,0.006870695678610338,0.11065205921779363,0.0
14321,1.0,0.05,0.0001206709447227866,10.880259505043128,0.006870695678610338,0.11065205921779363,0.0
14322,1.0,0.05,0.0001206709447227866,10.880259505043128,0.006870695678610338,0.11065205921779363,0.0
14323,1.0,0.05,0.0001206709447227866,10.880259505043128,0.006870695678610338,0.11065205921779363,0.0
14324,1.0,0.05,0.0001206709447227866,10.880259505043128,0.006870695678610338,0.11065205921779363,0.0
14325,1.0,0.05,0.0001206709447227866,10.880259505043128,0.006870695678610338,0.11065205921779363,0.0
14326,1.0,0.05,0.0001206709447227866,13.128910784479018,0.006870695678610338,0.11065205921779363,0.0
14327,1.0,0.05,0.0001206709447227866,13.128910784479018,0.006870695678610338,0.11065205921779363,0.0
14328,1.0,0.05,0.0001206709447227866,10.204755029319742,0.006870695678610338,0.11065205921779363,0.0
14329,1.0,0.05,0.0001206709447227866,10.204755029319742,0.006870695678610338,0.11065205921779363,0.0
14330,1.0,0.05,0.0001206709447227866,10.204755029319742,0.006870695678610338,0.12212604347360127,0.0
14331,1.0,0.05,0.0001206709447227866,10.204755029319742,0.006638263548214883,0.12212604347360127,0.0
14332,1.0,0.05,0.0001206709447227866,10.204755029319742,0.006638263548214883,0.12212604347360127,0.0
14333,1.0,0.05,0.0001206709447227866,10.204755029319742,0.006638263548214883,0.12212604347360127,0.0
14334,1.0,0.05,0.0001206709447227866,10.46584605413095,0.006536590443818192,0.12212604347360127,0.0
14335,1.0,0.05,0.0001206709447227866,10.46584605413095,0.006010204003477372,0.12212604347360127,0.0
14336,1.0,0.05,0.0001206709447227866,10.46584605413095,0.007530993348626488,0.12212604347360127,0.0
14337,1.0,0.05,0.0001206709447227866,10.46584605413095,0.007530993348626488,0.09680580851364845,0.0
14338,1.0,0.05,0.00012204074459762985,10.46584605413095,0.007530993348626488,0.09680580851364845,0.0
14339,1.0,0.05,0.00012204074459762985,10.46584605413095,0.006822687846249399,0.09680580851364845,0.0
14340,1.0,0.05,0.00012204074459762985,10.46584605413095,0.006822687846249399,0.0881676700569206,0.0
14341,1.0,0.05,0.00012204074459762985,10.46584605413095,0.006822687846249399,0.0881676700569206,0.0
14342,1.0,0.05,0.00012204074459762985,10.46584605413095,0.006822687846249399,0.0881676700569206,0.0
14343,1.0,0.05,0.00012204074459762985,10.46584605413095,0.006822687846249399,0.18205164470650323,0.0
14344,1.0,0.05,0.00012204074459762985,10.46584605413095,0.006822687846249399,0.13977502778589568,0.0
14345,1.0,0.05,0.00012204074459762985,10.46584605413095,0.006938332803715421,0.13977502778589568,0.0
14346,1.0,0.05,0.00012204074459762985,10.46584605413095,0.006938332803715421,0.13977502778589568,0.0
14347,1.0,0.05,0.00012204074459762985,10.46584605413095,0.00701141021487926,0.13977502778589568,0.0
14348,1.0,0.05,0.00012204074459762985,10.46584605413095,0.00701141021487926,0.13977502778589568,0.0
14349,1.0,0.05,0.00012204074459762985,10.46584605413095,0.00701141021487926,0.13977502778589568,0.0
14350,1.0,0.05,0.00012204074459762985,10.46584605413095,0.00730349831852018,0.13977502778589568,0.0
14351,1.0,0.05,0.00012204074459762985,7.162409070289911,0.00730349831852018,0.13977502778589568,0.0
14352,1.0,0.05,0.00012204074459762985,7.162409070289911,0.00730349831852018,0.13977502778589568,0.0
14353,1.0,0.05,0.00012204074459762985,7.162409070289911,0.00612104914848336,0.13977502778589568,0.0
14354,1.0,0.05,0.00012204074459762985,7.162409070289911,0.0072143998215212085,0.13977502778589568,0.0
14355,1.0,0.05,0.00012204074459762985,7.162409070289911,0.0072143998215212085,0.13977502778589568,0.0
14356,1.0,0.05,0.00012204074459762985,7.162409070289911,0.0072143998215212085,0.13977502778589568,0.0
14357,1.0,0.05,0.00012204074459762985,7.162409070289911,0.0072143998215212085,0.13183285045513438,0.0
14358,1.0,0.05,0.00012204074459762985,10.794726058948896,0.0074650688853280245,0.13183285045513438,0.0
14359,1.0,0.05,0.00012204074459762985,10.794726058948896,0.0074650688853280245,0.13183285045513438,0.0
14360,1.0,0.05,0.00012204074459762985,10.794726058948896,0.0074650688853280245,0.13183285045513438,0.0
14361,1.0,0.05,0.00012204074459762985,10.794726058948896,0.0074650688853280245,0.13183285045513438,0.0
14362,1.0,0.05,0.00012204074459762985,10.794726058948896,0.006931922960019927,0.13183285045513438,0.0
14363,1.0,0.05,0.00012204074459762985,10.794726058948896,0.006931922960019927,0.13183285045513438,0.0
14364,1.0,0.05,0.00012204074459762985,10.794726058948896,0.006931922960019927,0.13183285045513438,0.0
14365,1.0,0.05,0.00012204074459762985,10.794726058948896,0.007325827093497107,0.13183285045513438,0.0
14366,1.0,0.05,0.00012204074459762985,10.794726058948896,0.007325827093497107,0.13183285045513438,0.0
14367,1.0,0.05,0.00012204074459762985,10.794726058948896,0.007325827093497107,0.13183285045513438,0.0
14368,1.0,0.05,0.00011402377238445032,10.794726058948896,0.007325827093497107,0.13183285045513438,0.0
14369,1.0,0.05,0.00011402377238445032,10.794726058948896,0.007325827093497107,0.17642803780742292,0.0
14370,1.0,0.05,0.00011402377238445032,10.794726058948896,0.007325827093497107,0.17642803780742292,0.0
14371,1.0,0.05,0.00011402377238445032,10.794726058948896,0.007150383836929915,0.17642803780742292,0.0
14372,1.0,0.05,0.00011402377238445032,10.794726058948896,0.007150383836929915,0.17642803780742292,0.0
14373,1.0,0.05,0.00011402377238445032,10.794726058948896,0.007150383836929915,0.17642803780742292,0.0
14374,1.0,0.05,0.00011402377238445032,12.964013986630079,0.007150383836929915,0.12657715418763354,0.0
14375,1.0,0.05,0.00011402377238445032,12.964013986630079,0.007150383836929915,0.12657715418763354,0.0
14376,1.0,0.05,0.00011402377238445032,12.964013986630079,0.007150383836929915,0.12657715418763354,0.0
14377,1.0,0.05,0.00011402377238445032,12.964013986630079,0.007150383836929915,0.12657715418763354,0.0
14378,1.0,0.05,0.00011402377238445032,12.964013986630079,0.007150383836929915,0.12657715418763354,0.0
14379,1.0,0.05,0.00011402377238445032,12.964013986630079,0.007150383836929915,0.12657715418763354,0.0
14380,1.0,0.05,0.00011402377238445032,12.964013986630079,0.007150383836929915,0.12657715418763354,0.0
14381,1.0,0.05,0.00011402377238445032,12.964013986630079,0.00708336574738571,0.12657715418763354,0.0
14382,1.0,0.05,0.00011402377238445032,12.964013986630079,0.00708336574738571,0.12657715418763354,0.0
14383,1.0,0.05,0.00011402377238445032,12.964013986630079,0.00708336574738571,0.12657715418763354,0.0
14384,1.0,0.05,0.00011402377238445032,12.964013986630079,0.007186927033863071,0.12657715418763354,0.0
14385,1.0,0.05,0.00011402377238445032,12.964013986630079,0.007186927033863071,0.12657715418763354,0.0
14386,1.0,0.05,0.00011402377238445032,12.964013986630079,0.007186927033863071,0.11847007161892396,0.0
14387,1.0,0.05,0.00011402377238445032,12.964013986630079,0.007186927033863071,0.11847007161892396,0.0
14388,1.0,0.05,0.00011402377238445032,12.964013986630079,0.007186927033863071,0.11847007161892396,0.0
14389,1.0,0.05,0.00011402377238445032,12.964013986630079,0.007186927033863071,0.11847007161892396,0.0
14390,1.0,0.05,0.00011402377238445032,12.964013986630079,0.007186927033863071,0.11847007161892396,0.0
14391,1.0,0.05,0.00011402377238445032,12.964013986630079,0.007186927033863071,0.11847007161892396,0.0
14392,1.0,0.05,0.00011402377238445032,12.964013986630079,0.007186927033863071,0.11847007161892396,0.0
14393,1.0,0.05,0.00011402377238445032,12.964013986630079,0.007186927033863071,0.13344517855204235,0.0
14394,1.0,0.05,0.00011402377238445032,12.964013986630079,0.007136734987745988,0.13344517855204235,0.0
14395,1.0,0.05,0.00011402377238445032,9.941301027177872,0.007136734987745988,0.13344517855204235,0.0
14396,1.0,0.05,0.00011402377238445032,9.941301027177872,0.00806630062467777,0.13344517855204235,0.0
14397,1.0,0.05,0.00011402377238445032,9.941301027177872,0.00806630062467777,0.13344517855204235,0.0
14398,1.0,0.05,0.00011402377238445032,15.628726112863617,0.0073965865269501945,0.13344517855204235,0.0
14399,1.0,0.05,0.00011402377238445032,15.73154497766842,0.0073965865269501945,0.13344517855204235,0.0
14400,1.0,0.05,0.00011402377238445032,15.73154497766842,0.0073965865269501945,0.13344517855204235,0.0
14401,1.0,0.05,0.00011402377238445032,15.73154497766842,0.0073965865269501945,0.13344517855204235,0.0
14402,1.0,0.05,0.00011402377238445032,15.73154497766842,0.0073965865269501945,0.13344517855204235,0.0
14403,1.0,0.05,0.00011402377238445032,15.73154497766842,0.0073965865269501945,0.13344517855204235,0.0
14404,1.0,0.05,0.00011402377238445032,15.73154497766842,0.007500071323128377,0.13344517855204235,0.0
14405,1.0,0.05,0.00011402377238445032,15.73154497766842,0.007500071323128377,0.1466440063055092,0.0
14406,1.0,0.05,0.00011402377238445032,15.73154497766842,0.007500071323128377,0.1466440063055092,0.0
14407,1.0,0.05,0.00011402377238445032,15.73154497766842,0.007500071323128377,0.14451370820564238,0.0
14408,1.0,0.05,0.00011402377238445032,11.286657926911857,0.007500071323128377,0.14451370820564238,0.0
14409,1.0,0.05,0.00011402377238445032,11.286657926911857,0.007500071323128377,0.15245953762444434,0.0
14410,1.0,0.05,0.00011402377238445032,11.286657926911857,0.007500071323128377,0.1675229940481559,0.0
14411,1.0,0.05,0.00011402377238445032,11.286657926911857,0.007500071323128377,0.1675229940481559,0.0
14412,1.0,0.05,0.00011402377238445032,11.286657926911857,0.007500071323128377,0.1675229940481559,0.0
14413,1.0,0.05,0.00011402377238445032,10.71224923054379,0.007500071323128377,0.1675229940481559,0.0
14414,1.0,0.05,0.00011402377238445032,10.71224923054379,0.007500071323128377,0.1675229940481559,0.0
14415,1.0,0.05,0.00011402377238445032,10.71224923054379,0.007234242835112655,0.1675229940481559,0.0
14416,1.0,0.05,0.00011402377238445032,10.71224923054379,0.007234242835112655,0.1675229940481559,0.0
14417,1.0,0.05,0.00011402377238445032,10.71224923054379,0.007234242835112655,0.1675229940481559,0.0
14418,1.0,0.05,0.00011402377238445032,10.71224923054379,0.007234242835112655,0.1675229940481559,0.0
14419,1.0,0.05,0.00011402377238445032,10.71224923054379,0.007234242835112655,0.1675229940481559,0.0
14420,1.0,0.05,0.00011402377238445032,10.71224923054379,0.008273053435993364,0.1675229940481559,0.0
14421,1.0,0.05,0.00011402377238445032,10.808703968827984,0.007445762776311222,0.1675229940481559,0.0
14422,1.0,0.05,0.00011402377238445032,10.808703968827984,0.007445762776311222,0.1675229940481559,0.0
14423,1.0,0.05,0.00011751135126668106,10.808703968827984,0.007445762776311222,0.1675229940481559,0.0
14424,1.0,0.05,0.00011751135126668106,10.808703968827984,0.007445762776311222,0.1675229940481559,0.0
14425,1.0,0.05,0.00011751135126668106,10.808703968827984,0.007445762776311222,0.1675229940481559,0.0
14426,1.0,0.05,0.00011751135126668106,6.17186424740153,0.007445762776311222,0.1675229940481559,0.0
14427,1.0,0.05,0.00011751135126668106,7.729032771647866,0.007445762776311222,0.1675229940481559,0.0
14428,1.0,0.05,0.00011751135126668106,7.729032771647866,0.007445762776311222,0.1675229940481559,0.0
14429,1.0,0.05,0.00011751135126668106,7.729032771647866,0.007445762776311222,0.1675229940481559,0.0
14430,1.0,0.05,0.00011751135126668106,7.729032771647866,0.007445762776311222,0.1675229940481559,0.0
14431,1.0,0.05,0.00011751135126668106,7.729032771647866,0.007587524126301184,0.1675229940481559,0.0
14432,1.0,0.05,0.00012090615239609979,7.729032771647866,0.006602293886120907,0.1675229940481559,0.0
14433,1.0,0.05,0.00012090615239609979,7.729032771647866,0.006602293886120907,0.1675229940481559,0.0
14434,1.0,0.05,0.00012090615239609979,7.729032771647866,0.006602293886120907,0.1675229940481559,0.0
14435,1.0,0.05,0.00012090615239609979,7.729032771647866,0.006602293886120907,0.1675229940481559,0.0
14436,1.0,0.05,0.00012090615239609979,7.729032771647866,0.006646180621514727,0.1675229940481559,0.0
14437,1.0,0.05,0.00012090615239609979,7.729032771647866,0.006415263903373389,0.1675229940481559,0.0
14438,1.0,0.05,0.00012090615239609979,7.729032771647866,0.006415263903373389,0.16983882408340195,0.0
14439,1.0,0.05,0.00012090615239609979,7.729032771647866,0.006415263903373389,0.1367446203421183,0.0
14440,1.0,0.05,0.00012090615239609979,8.106321130069105,0.006415263903373389,0.1367446203421183,0.0
14441,1.0,0.05,0.00012090615239609979,8.106321130069105,0.006415263903373389,0.1367446203421183,0.0
14442,1.0,0.05,0.00012090615239609979,8.106321130069105,0.006415263903373389,0.1367446203421183,0.0
14443,1.0,0.05,0.00012090615239609979,8.106321130069105,0.006415263903373389,0.1367446203421183,0.0
14444,1.0,0.05,0.00012090615239609979,8.106321130069105,0.006415263903373389,0.1367446203421183,0.0
14445,1.0,0.05,0.00012090615239609979,8.106321130069105,0.006415263903373389,0.1367446203421183,0.0
14446,1.0,0.05,0.00012090615239609979,8.106321130069105,0.006415263903373389,0.1367446203421183,0.0
14447,1.0,0.05,0.00012090615239609979,8.106321130069105,0.008215349956270115,0.1367446203421183,0.0
14448,1.0,0.05,0.00012090615239609979,8.106321130069105,0.008215349956270115,0.1367446203421183,0.0
14449,1.0,0.05,0.00012090615239609979,8.106321130069105,0.0073788087993542605,0.1367446203421183,0.0
14450,1.0,0.05,0.00012313004592805053,8.106321130069105,0.0073788087993542605,0.1367446203421183,0.0
14451,1.0,0.05,0.00012313004592805053,8.106321130069105,0.0073788087993542605,0.14616632276574476,0.0
14452,1.0,0.05,0.00012313004592805053,8.106321130069105,0.007430105667903785,0.14616632276574476,0.0
14453,1.0,0.05,0.00012313004592805053,8.106321130069105,0.007430105667903785,0.13895157050714016,0.0
14454,1.0,0.05,0.0001235548561911843,11.681213203328,0.007430105667903785,0.13895157050714016,0.0
14455,1.0,0.05,0.0001235548561911843,7.204288318526466,0.006598829715807121,0.13895157050714016,0.0
14456,1.0,0.05,0.0001235548561911843,7.204288318526466,0.006598829715807121,0.13895157050714016,0.0
14457,1.0,0.05,0.0001235548561911843,7.204288318526466,0.006598829715807121,0.13895157050714016,0.0
14458,1.0,0.05,0.00012475046161191077,7.204288318526466,0.006598829715807121,0.13895157050714016,0.0
14459,1.0,0.05,0.00012475046161191077,9.260295508998013,0.006598829715807121,0.13895157050714016,0.0
14460,1.0,0.05,0.00012475046161191077,9.260295508998013,0.006563876625482627,0.1438124341726531,0.0
14461,1.0,0.05,0.00012475046161191077,9.260295508998013,0.007886904895024876,0.1438124341726531,0.0
14462,1.0,0.05,0.00012249934788004273,10.457673515978641,0.007886904895024876,0.1106659962558043,0.0
14463,1.0,0.05,0.0001211999587429242,16.80592584321927,0.007886904895024876,0.1106659962558043,0.0
14464,1.0,0.05,0.0001211999587429242,13.281361801117114,0.007886904895024876,0.1106659962558043,0.0
14465,1.0,0.05,0.0001211999587429242,13.281361801117114,0.007886904895024876,0.1106659962558043,0.0
14466,1.0,0.05,0.0001211999587429242,13.281361801117114,0.007739555796551304,0.13860003207016341,0.0
14467,1.0,0.05,0.0001211999587429242,13.281361801117114,0.007739555796551304,0.13860003207016341,0.0
14468,1.0,0.05,0.0001211999587429242,13.281361801117114,0.005810879582356946,0.09794208092995012,0.0
14469,1.0,0.05,0.0001211999587429242,14.862067021493132,0.0060060299487855965,0.09794208092995012,0.0
14470,1.0,0.05,0.0001211999587429242,14.862067021493132,0.0060060299487855965,0.09794208092995012,0.0
14471,1.0,0.05,0.0001211999587429242,14.862067021493132,0.0060060299487855965,0.09890842040518115,0.0
14472,1.0,0.05,0.0001211999587429242,14.862067021493132,0.0060060299487855965,0.09816467206728363,0.0
14473,1.0,0.05,0.0001211999587429242,14.862067021493132,0.0060060299487855965,0.09816467206728363,0.0
14474,1.0,0.05,0.0001211999587429242,11.379348602049319,0.0060060299487855965,0.09816467206728363,0.0
14475,1.0,0.05,0.0001211999587429242,11.379348602049319,0.0060060299487855965,0.09816467206728363,0.0
14476,1.0,0.05,0.00012268714687249606,11.379348602049319,0.0060060299487855965,0.09816467206728363,0.0
14477,1.0,0.05,0.00012268714687249606,11.379348602049319,0.0060060299487855965,0.09816467206728363,0.0
14478,1.0,0.05,0.00012268714687249606,11.379348602049319,0.0060060299487855965,0.09816467206728363,0.0
14479,1.0,0.05,0.00012268714687249606,11.379348602049319,0.0060060299487855965,0.09816467206728363,0.0
14480,1.0,0.05,0.00012268714687249606,11.379348602049319,0.0060060299487855965,0.09816467206728363,0.0
14481,1.0,0.05,0.00012268714687249606,11.379348602049319,0.006426463052542317,0.09816467206728363,0.0
14482,1.0,0.05,0.00012268714687249606,11.379348602049319,0.006426463052542317,0.09816467206728363,0.0
14483,1.0,0.05,0.00012268714687249606,11.379348602049319,0.0063092368647845645,0.09816467206728363,0.0
14484,1.0,0.05,0.00012268714687249606,11.379348602049319,0.0063092368647845645,0.09816467206728363,0.0
14485,1.0,0.05,0.00012268714687249606,11.379348602049319,0.0063092368647845645,0.09816467206728363,0.0
14486,1.0,0.05,0.00012268714687249606,11.379348602049319,0.0063092368647845645,0.1198839763450111,0.0
14487,1.0,0.05,0.00012268714687249606,11.379348602049319,0.0063092368647845645,0.13273965508899888,0.0
14488,1.0,0.05,0.00012268714687249606,11.379348602049319,0.0063092368647845645,0.13273965508899888,0.0
14489,1.0,0.05,0.00012268714687249606,11.379348602049319,0.0063092368647845645,0.13273965508899888,0.0
14490,1.0,0.05,0.00012268714687249606,11.379348602049319,0.0063092368647845645,0.13273965508899888,0.0
14491,1.0,0.05,0.00012268714687249606,11.379348602049319,0.0063092368647845645,0.13273965508899888,0.0
14492,1.0,0.05,0.00012268714687249606,11.379348602049319,0.0063092368647845645,0.13273965508899888,0.0
14493,1.0,0.05,0.00012268714687249606,11.379348602049319,0.0063092368647845645,0.13273965508899888,0.0
14494,1.0,0.05,0.00012268714687249606,11.379348602049319,0.0063092368647845645,0.13273965508899888,0.0
14495,1.0,0.05,0.00012268714687249606,11.379348602049319,0.007096383228448294,0.13273965508899888,0.0
14496,1.0,0.05,0.00012268714687249606,11.379348602049319,0.007480508967488599,0.13273965508899888,0.0
14497,1.0,0.05,0.00012268714687249606,11.379348602049319,0.007480508967488599,0.13273965508899888,0.0
14498,1.0,0.05,0.00012268714687249606,11.379348602049319,0.007434296672748254,0.13273965508899888,0.0
14499,1.0,0.05,0.00012268714687249606,11.379348602049319,0.007434296672748254,0.13273965508899888,0.0
14500,1.0,0.05,0.00012268714687249606,11.379348602049319,0.007434296672748254,0.13273965508899888,0.0
14501,1.0,0.05,0.00012268714687249606,11.379348602049319,0.007434296672748254,0.13273965508899888,0.0
14502,1.0,0.05,0.00012268714687249606,11.379348602049319,0.007070485144736615,0.13273965508899888,0.0
14503,1.0,0.05,0.00012059490562650488,11.379348602049319,0.006260332361850514,0.13273965508899888,0.0
14504,1.0,0.05,0.00012059490562650488,11.379348602049319,0.006260332361850514,0.13273965508899888,0.0
14505,1.0,0.05,0.00012059490562650488,7.610757322627833,0.006260332361850514,0.13273965508899888,0.0
14506,1.0,0.05,0.00011871055846214248,5.658895332858037,0.006788056894792387,0.13273965508899888,0.0
14507,1.0,0.05,0.00011871055846214248,5.658895332858037,0.006788056894792387,0.21130882432216921,0.0
14508,1.0,0.05,0.00011871055846214248,5.658895332858037,0.006788056894792387,0.21130882432216921,0.0
14509,1.0,0.05,0.00011871055846214248,5.658895332858037,0.006788056894792387,0.21130882432216921,0.0
14510,1.0,0.05,0.00011871055846214248,6.072238730595146,0.008104391429920954,0.21130882432216921,0.0
14511,1.0,0.05,0.00011871055846214248,6.072238730595146,0.008104391429920954,0.18792521058949993,0.0
14512,1.0,0.05,0.00011871055846214248,6.072238730595146,0.008104391429920954,0.1776106333314115,0.0
14513,1.0,0.05,0.00011668328351425075,6.072238730595146,0.008104391429920954,0.1776106333314115,0.0
14514,1.0,0.05,0.00011668328351425075,6.072238730595146,0.008104391429920954,0.1776106333314115,0.0
14515,1.0,0.05,0.00011668328351425075,6.072238730595146,0.00832594207036918,0.1776106333314115,0.0
14516,1.0,0.05,0.00011668328351425075,6.072238730595146,0.00832594207036918,0.1776106333314115,0.0
14517,1.0,0.05,0.00011668328351425075,6.072238730595146,0.00832594207036918,0.1776106333314115,0.0
14518,1.0,0.05,0.00011668328351425075,6.072238730595146,0.00832594207036918,0.2157738551388526,0.0
14519,1.0,0.05,0.00011668328351425075,6.072238730595146,0.00832594207036918,0.2536431584025195,0.0
14520,1.0,0.05,0.00011668328351425075,6.072238730595146,0.00832594207036918,0.2012045963539086,0.0
14521,1.0,0.05,0.00011668328351425075,11.085163726171189,0.00832594207036918,0.2012045963539086,0.0
14522,1.0,0.05,0.00011668328351425075,7.787096738673327,0.00832594207036918,0.2012045963539086,0.0
14523,1.0,0.05,0.00011668328351425075,7.787096738673327,0.00832594207036918,0.19671372906721452,0.0
14524,1.0,0.05,0.00011668328351425075,9.971798327272822,0.008709587025277729,0.19671372906721452,0.0
14525,1.0,0.05,0.00011668328351425075,9.971798327272822,0.008709587025277729,0.19671372906721452,0.0
14526,1.0,0.05,0.00011668328351425075,9.971798327272822,0.008709587025277729,0.1892351812533104,0.0
14527,1.0,0.05,0.00011668328351425075,9.971798327272822,0.008709587025277729,0.1892351812533104,0.0
14528,1.0,0.05,0.00011668328351425075,9.971798327272822,0.008398337861307732,0.1892351812533104,0.0
14529,1.0,0.05,0.00011078832976952142,9.971798327272822,0.0071977482222833475,0.1892351812533104,0.0
14530,1.0,0.05,0.00011078832976952142,9.971798327272822,0.0071977482222833475,0.1892351812533104,0.0
14531,1.0,0.05,0.00011078832976952142,9.971798327272822,0.0071977482222833475,0.1892351812533104,0.0
14532,1.0,0.05,0.00011078832976952142,9.971798327272822,0.008030064317239008,0.20823202333900834,0.0
14533,1.0,0.05,0.00011078832976952142,9.971798327272822,0.008030064317239008,0.20823202333900834,0.0
14534,1.0,0.05,0.00011078832976952142,9.971798327272822,0.008030064317239008,0.20823202333900834,0.0
14535,1.0,0.05,0.00011078832976952142,9.971798327272822,0.007512485738252326,0.20823202333900834,0.0
14536,1.0,0.05,0.00011078832976952142,9.971798327272822,0.007512485738252326,0.20823202333900834,0.0
14537,1.0,0.05,0.00011078832976952142,9.971798327272822,0.007512485738252326,0.20823202333900834,0.0
14538,1.0,0.05,0.00011078832976952142,9.971798327272822,0.007512485738252326,0.20823202333900834,0.0
14539,1.0,0.05,0.00011078832976952142,9.971798327272822,0.007512485738252326,0.20823202333900834,0.0
14540,1.0,0.05,0.00012039862687914184,9.971798327272822,0.0072524344473100565,0.18577997548841155,0.0
14541,1.0,0.05,0.00012039862687914184,9.971798327272822,0.0072524344473100565,0.18577997548841155,0.0
14542,1.0,0.05,0.00012039862687914184,9.971798327272822,0.007552726256935222,0.18577997548841155,0.0
14543,1.0,0.05,0.00011317327441569124,9.971798327272822,0.007552726256935222,0.18577997548841155,0.0
14544,1.0,0.05,0.00011317327441569124,9.971798327272822,0.007552726256935222,0.18577997548841155,0.0
14545,1.0,0.05,0.00011317327441569124,9.971798327272822,0.007552726256935222,0.14058821074486627,0.0
14546,1.0,0.05,0.00011317327441569124,9.971798327272822,0.007552726256935222,0.1258330468842239,0.0
14547,1.0,0.05,0.00011317327441569124,9.971798327272822,0.007552726256935222,0.1258330468842239,0.0
14548,1.0,0.05,0.00011520615142541093,9.971798327272822,0.007552726256935222,0.1258330468842239,0.0
14549,1.0,0.05,0.00011520615142541093,9.971798327272822,0.007552726256935222,0.1258330468842239,0.0
14550,1.0,0.05,0.00011520615142541093,9.971798327272822,0.007552726256935222,0.13076619937710127,0.0
14551,1.0,0.05,0.00011520615142541093,9.971798327272822,0.007552726256935222,0.13076619937710127,0.0
14552,1.0,0.05,0.00011520615142541093,9.971798327272822,0.007552726256935222,0.13076619937710127,0.0
14553,1.0,0.05,0.00011520615142541093,9.971798327272822,0.007552726256935222,0.13599440851587552,0.0
14554,1.0,0.05,0.00011520615142541093,9.971798327272822,0.007552726256935222,0.13599440851587552,0.0
14555,1.0,0.05,0.00011520615142541093,9.971798327272822,0.007552726256935222,0.13599440851587552,0.0
14556,1.0,0.05,0.00012122405238810957,9.971798327272822,0.007552726256935222,0.13599440851587552,0.0
14557,1.0,0.05,0.00012122405238810957,9.971798327272822,0.007552726256935222,0.13599440851587552,0.0
14558,1.0,0.05,0.00012122405238810957,9.971798327272822,0.007552726256935222,0.13599440851587552,0.0
14559,1.0,0.05,0.00012122405238810957,9.971798327272822,0.007552726256935222,0.16132380146102276,0.0
14560,1.0,0.05,0.00012122405238810957,9.971798327272822,0.007552726256935222,0.16132380146102276,0.0
14561,1.0,0.05,0.0001187144564457821,9.971798327272822,0.007552726256935222,0.1370763338383308,0.0
14562,1.0,0.05,0.0001187144564457821,9.971798327272822,0.007622115685270321,0.1370763338383308,0.0
14563,1.0,0.05,0.0001187144564457821,11.201929722349618,0.007622115685270321,0.1370763338383308,0.0
14564,1.0,0.05,0.0001187144564457821,11.201929722349618,0.007622115685270321,0.1370763338383308,0.0
14565,1.0,0.05,0.0001187144564457821,11.201929722349618,0.007622115685270321,0.1370763338383308,0.0
14566,1.0,0.05,0.0001187144564457821,11.201929722349618,0.007622115685270321,0.1370763338383308,0.0
14567,1.0,0.05,0.0001187144564457821,12.725731902440529,0.007622115685270321,0.1370763338383308,0.0
14568,1.0,0.05,0.0001187144564457821,12.725731902440529,0.007622115685270321,0.1370763338383308,0.0
14569,1.0,0.05,0.0001187144564457821,12.725731902440529,0.007105125133590278,0.1370763338383308,0.0
14570,1.0,0.05,0.0001187144564457821,12.725731902440529,0.007105125133590278,0.1370763338383308,0.0
14571,1.0,0.05,0.0001187144564457821,12.725731902440529,0.007369691629879988,0.1370763338383308,0.0
14572,1.0,0.05,0.0001187144564457821,12.725731902440529,0.007537649974009127,0.1370763338383308,0.0
14573,1.0,0.05,0.0001187144564457821,13.85100426405441,0.007537649974009127,0.1370763338383308,0.0
14574,1.0,0.05,0.0001187144564457821,13.85100426405441,0.007537649974009127,0.1370763338383308,0.0
14575,1.0,0.05,0.00011741726002228081,13.85100426405441,0.007537649974009127,0.1370763338383308,0.0
14576,1.0,0.05,0.00011741726002228081,12.401017346454623,0.007537649974009127,0.1370763338383308,0.0
14577,1.0,0.05,0.00011741726002228081,12.036197797105046,0.007537649974009127,0.1370763338383308,0.0
14578,1.0,0.05,0.00011741726002228081,12.036197797105046,0.007537649974009127,0.1370763338383308,0.0
14579,1.0,0.05,0.00011741726002228081,12.036197797105046,0.007537649974009127,0.1370763338383308,0.0
14580,1.0,0.05,0.00011741726002228081,12.036197797105046,0.007537649974009127,0.13984581230355367,0.0
14581,1.0,0.05,0.00011741726002228081,12.036197797105046,0.007537649974009127,0.16025007768365976,0.0
14582,1.0,0.05,0.00011741726002228081,12.036197797105046,0.007537649974009127,0.1252487562219628,0.0
14583,1.0,0.05,0.00011741726002228081,12.036197797105046,0.008335394767560986,0.1252487562219628,0.0
14584,1.0,0.05,0.00011741726002228081,12.036197797105046,0.008571576501983754,0.1252487562219628,0.0
14585,1.0,0.05,0.00011741726002228081,12.036197797105046,0.007692631338295121,0.162343661664843,0.0
14586,1.0,0.05,0.00011741726002228081,12.036197797105046,0.007692631338295121,0.19312991936709534,0.0
14587,1.0,0.05,0.00011741726002228081,12.036197797105046,0.007692631338295121,0.19312991936709534,0.0
14588,1.0,0.05,0.00011741726002228081,11.034985317576982,0.008075988426020668,0.19312991936709534,0.0
14589,1.0,0.05,0.00011741726002228081,10.877949766851486,0.008075988426020668,0.19312991936709534,0.0
14590,1.0,0.05,0.00011741726002228081,10.877949766851486,0.007949373111251015,0.19312991936709534,0.0
14591,1.0,0.05,0.00011741726002228081,10.877949766851486,0.007949373111251015,0.1776460249568097,0.0
14592,1.0,0.05,0.00011741726002228081,9.161708018485143,0.007949373111251015,0.1776460249568097,0.0
14593,1.0,0.05,0.00011741726002228081,9.161708018485143,0.007949373111251015,0.1776460249568097,0.0
14594,1.0,0.05,0.00011741726002228081,9.161708018485143,0.007949373111251015,0.1776460249568097,0.0
14595,1.0,0.05,0.00011741726002228081,9.161708018485143,0.007949373111251015,0.1776460249568097,0.0
14596,1.0,0.05,0.00011741726002228081,9.161708018485143,0.007984427782372778,0.1776460249568097,0.0
14597,1.0,0.05,0.00011741726002228081,9.161708018485143,0.007984427782372778,0.1776460249568097,0.0
14598,1.0,0.05,0.00011741726002228081,9.161708018485143,0.007984427782372778,0.1776460249568097,0.0
14599,1.0,0.05,0.00011741726002228081,9.161708018485143,0.007984427782372778,0.1776460249568097,0.0
14600,1.0,0.05,0.00011741726002228081,9.161708018485143,0.007984427782372778,0.1776460249568097,0.0
14601,1.0,0.05,0.00011741726002228081,9.161708018485143,0.007984427782372778,0.1765774589862865,0.0
14602,1.0,0.05,0.00011741726002228081,9.161708018485143,0.007984427782372778,0.1765774589862865,0.0
14603,1.0,0.05,0.00011741726002228081,9.161708018485143,0.007984427782372778,0.1765774589862865,0.0
14604,1.0,0.05,0.00011741726002228081,9.161708018485143,0.007984427782372778,0.14565170114206433,0.0
14605,1.0,0.05,0.00011741726002228081,9.161708018485143,0.007984427782372778,0.14565170114206433,0.0
14606,1.0,0.05,0.00011741726002228081,9.161708018485143,0.007984427782372778,0.14565170114206433,0.0
14607,1.0,0.05,0.00011741726002228081,9.161708018485143,0.007984427782372778,0.14565170114206433,0.0
14608,1.0,0.05,0.00011741726002228081,9.161708018485143,0.007984427782372778,0.14447650115626753,0.0
14609,1.0,0.05,0.00011741726002228081,9.161708018485143,0.007984427782372778,0.14780948908712396,0.0
14610,1.0,0.05,0.00011741726002228081,10.930785150779585,0.007984427782372778,0.14780948908712396,0.0
14611,1.0,0.05,0.00011741726002228081,10.930785150779585,0.007984427782372778,0.14780948908712396,0.0
14612,1.0,0.05,0.00011741726002228081,10.930785150779585,0.007984427782372778,0.14780948908712396,0.0
14613,1.0,0.05,0.00011741726002228081,10.930785150779585,0.007984427782372778,0.14780948908712396,0.0
14614,1.0,0.05,0.00011741726002228081,10.930785150779585,0.007502384553053753,0.11986084259130421,0.0
14615,1.0,0.05,0.00011741726002228081,10.930785150779585,0.007502384553053753,0.11986084259130421,0.0
14616,1.0,0.05,0.00011741726002228081,10.930785150779585,0.007502384553053753,0.11986084259130421,0.0
14617,1.0,0.05,0.00011741726002228081,10.930785150779585,0.007502384553053753,0.11986084259130421,0.0
14618,1.0,0.05,0.00012058855457963077,10.930785150779585,0.007502384553053753,0.11986084259130421,0.0
14619,1.0,0.05,0.000117826448162303,10.930785150779585,0.007502384553053753,0.11986084259130421,0.0
14620,1.0,0.05,0.000117826448162303,10.930785150779585,0.007502384553053753,0.11986084259130421,0.0
14621,1.0,0.05,0.000117826448162303,11.350056450964559,0.007502384553053753,0.11986084259130421,0.0
14622,1.0,0.05,0.000117826448162303,11.350056450964559,0.005969791017062447,0.11986084259130421,0.0
14623,1.0,0.05,0.000117826448162303,11.350056450964559,0.00764011023872675,0.10679798299884012,0.0
14624,1.0,0.05,0.000117826448162303,11.350056450964559,0.00764011023872675,0.10679798299884012,0.0
14625,1.0,0.05,0.000117826448162303,11.350056450964559,0.00764011023872675,0.10679798299884012,0.0
14626,1.0,0.05,0.000117826448162303,11.350056450964559,0.00764011023872675,0.10679798299884012,0.0
14627,1.0,0.05,0.000117826448162303,16.100943987611544,0.00764011023872675,0.10679798299884012,0.0
14628,1.0,0.05,0.000117826448162303,16.100943987611544,0.00764011023872675,0.10679798299884012,0.0
14629,1.0,0.05,0.00011678636727590213,16.100943987611544,0.00764011023872675,0.10679798299884012,0.0
14630,1.0,0.05,0.00011678636727590213,16.100943987611544,0.00764011023872675,0.10679798299884012,0.0
14631,1.0,0.05,0.00011678636727590213,16.100943987611544,0.00764011023872675,0.10679798299884012,0.0
14632,1.0,0.05,0.00011031203879577792,16.100943987611544,0.00764011023872675,0.10679798299884012,0.0
14633,1.0,0.05,0.00011031203879577792,15.33251076880282,0.00764011023872675,0.16270122113141866,0.0
14634,1.0,0.05,0.00011031203879577792,15.33251076880282,0.00764011023872675,0.16270122113141866,0.0
14635,1.0,0.05,0.00011031203879577792,15.33251076880282,0.00764011023872675,0.16270122113141866,0.0
14636,1.0,0.05,0.00011031203879577792,15.33251076880282,0.008312003879050314,0.16270122113141866,0.0
14637,1.0,0.05,0.00011031203879577792,15.33251076880282,0.008312003879050314,0.16270122113141866,0.0
14638,1.0,0.05,0.00011031203879577792,15.33251076880282,0.008312003879050314,0.16270122113141866,0.0
14639,1.0,0.05,0.00011031203879577792,15.33251076880282,0.008312003879050314,0.16270122113141866,0.0
14640,1.0,0.05,0.00011031203879577792,15.33251076880282,0.008312003879050314,0.1409910371334004,0.0
14641,1.0,0.05,0.00011031203879577792,15.33251076880282,0.008312003879050314,0.1409910371334004,0.0
14642,1.0,0.05,0.00011031203879577792,15.33251076880282,0.008312003879050314,0.1409910371334004,0.0
14643,1.0,0.05,0.00011031203879577792,15.33251076880282,0.008312003879050314,0.1409910371334004,0.0
14644,1.0,0.05,0.00011031203879577792,15.33251076880282,0.008312003879050314,0.1409910371334004,0.0
14645,1.0,0.05,0.00011031203879577792,15.33251076880282,0.008312003879050314,0.15823017752584306,0.0
14646,1.0,0.05,0.00011032002078958308,15.33251076880282,0.008312003879050314,0.15823017752584306,0.0
14647,1.0,0.05,0.00011032002078958308,15.33251076880282,0.008312003879050314,0.15823017752584306,0.0
14648,1.0,0.05,0.00011032002078958308,14.68911020188925,0.008312003879050314,0.15823017752584306,0.0
14649,1.0,0.05,0.00011032002078958308,14.68911020188925,0.008312003879050314,0.15823017752584306,0.0
14650,1.0,0.05,0.00011032002078958308,14.68911020188925,0.008312003879050314,0.12908472067869448,0.0
14651,1.0,0.05,0.00011032002078958308,14.68911020188925,0.008312003879050314,0.12908472067869448,0.0
14652,1.0,0.05,0.00011142053197463924,14.68911020188925,0.008312003879050314,0.12908472067869448,0.0
14653,1.0,0.05,0.00011142053197463924,10.224856602046444,0.008312003879050314,0.1680882692242537,0.0
14654,1.0,0.05,0.00011142053197463924,10.224856602046444,0.008312003879050314,0.1680882692242537,0.0
14655,1.0,0.05,0.00011142053197463924,10.224856602046444,0.007525321669797863,0.16951285685376194,0.0
14656,1.0,0.05,0.00011142053197463924,10.224856602046444,0.007525321669797863,0.16951285685376194,0.0
14657,1.0,0.05,0.00011142053197463924,10.224856602046444,0.007525321669797863,0.16951285685376194,0.0
14658,1.0,0.05,0.00011142053197463924,10.224856602046444,0.007525321669797863,0.16951285685376194,0.0
14659,1.0,0.05,0.00011142053197463924,10.224856602046444,0.007525321669797863,0.16951285685376194,0.0
14660,1.0,0.05,0.00011142053197463924,7.72421055214933,0.007525321669797863,0.16951285685376194,0.0
14661,1.0,0.05,0.00011202315536103558,7.72421055214933,0.007525321669797863,0.16951285685376194,0.0
14662,1.0,0.05,0.00011202315536103558,7.72421055214933,0.007419130151048511,0.16951285685376194,0.0
14663,1.0,0.05,0.00011202315536103558,7.72421055214933,0.007419130151048511,0.16951285685376194,0.0
14664,1.0,0.05,0.00011202315536103558,7.72421055214933,0.007419130151048511,0.16951285685376194,0.0
14665,1.0,0.05,0.00011202315536103558,7.72421055214933,0.007419130151048511,0.16951285685376194,0.0
14666,1.0,0.05,0.00011202315536103558,7.72421055214933,0.007419130151048511,0.20935132254666003,0.0
14667,1.0,0.05,0.00011202315536103558,7.72421055214933,0.007419130151048511,0.20935132254666003,0.0
14668,1.0,0.05,0.00011202315536103558,7.72421055214933,0.007419130151048511,0.21494385620806594,0.0
14669,1.0,0.05,0.00011202315536103558,7.72421055214933,0.007419130151048511,0.21494385620806594,0.0
14670,1.0,0.05,0.00011202315536103558,7.72421055214933,0.007419130151048511,0.21494385620806594,0.0
14671,1.0,0.05,0.00011202315536103558,7.72421055214933,0.007419130151048511,0.21494385620806594,0.0
14672,1.0,0.05,0.00011202315536103558,7.72421055214933,0.007419130151048511,0.21494385620806594,0.0
14673,1.0,0.05,0.00011202315536103558,7.72421055214933,0.007647190264285334,0.19855545548207373,0.0
14674,1.0,0.05,0.00011202315536103558,7.72421055214933,0.007647190264285334,0.18400388030023546,0.0
14675,1.0,0.05,0.00011202315536103558,7.72421055214933,0.008278489420023204,0.18771559006110067,0.0
14676,1.0,0.05,0.00011202315536103558,7.72421055214933,0.006937043358803683,0.18771559006110067,0.0
14677,1.0,0.05,0.00011202315536103558,7.72421055214933,0.006937043358803683,0.20677078888216127,0.0
14678,1.0,0.05,0.00011202315536103558,7.984989564831196,0.006937043358803683,0.20677078888216127,0.0
14679,1.0,0.05,0.00011202315536103558,7.984989564831196,0.006937043358803683,0.21534557932959733,0.0
14680,1.0,0.05,0.00011202315536103558,7.984989564831196,0.006937043358803683,0.21534557932959733,0.0
14681,1.0,0.05,0.00011202315536103558,7.984989564831196,0.006937043358803683,0.21534557932959733,0.0
14682,1.0,0.05,0.00011202315536103558,7.984989564831196,0.008083616445113826,0.21534557932959733,0.0
14683,1.0,0.05,0.00011202315536103558,7.782505401495527,0.008083616445113826,0.1645018937704722,0.0
14684,1.0,0.05,0.00011202315536103558,7.782505401495527,0.008083616445113826,0.12317156688357457,0.0
14685,1.0,0.05,0.00011202315536103558,7.782505401495527,0.008083616445113826,0.13507834031705845,0.0
14686,1.0,0.05,0.00011943344563981257,7.782505401495527,0.008083616445113826,0.13507834031705845,0.0
14687,1.0,0.05,0.00011943344563981257,7.782505401495527,0.007321517933767946,0.13507834031705845,0.0
14688,1.0,0.05,0.00011943344563981257,8.847684101681025,0.007321517933767946,0.13507834031705845,0.0
14689,1.0,0.05,0.00011943344563981257,8.847684101681025,0.00732172736642905,0.13927533501285466,0.0
14690,1.0,0.05,0.00011943344563981257,8.847684101681025,0.00732172736642905,0.16692300999567106,0.0
14691,1.0,0.05,0.0001108717360939604,6.71544441491146,0.00732172736642905,0.16692300999567106,0.0
14692,1.0,0.05,0.0001108717360939604,6.71544441491146,0.00732172736642905,0.21082953094553913,0.0
14693,1.0,0.05,0.0001108717360939604,6.71544441491146,0.00732172736642905,0.21082953094553913,0.0
14694,1.0,0.05,0.0001108717360939604,6.71544441491146,0.00732172736642905,0.21082953094553913,0.0
14695,1.0,0.05,0.0001108717360939604,6.71544441491146,0.00732172736642905,0.21082953094553913,0.0
14696,1.0,0.05,0.0001108717360939604,6.71544441491146,0.00732172736642905,0.21082953094553913,0.0
14697,1.0,0.05,0.0001108717360939604,6.71544441491146,0.008417695857594018,0.21082953094553913,0.0
14698,1.0,0.05,0.0001108717360939604,6.71544441491146,0.008417695857594018,0.21082953094553913,0.0
14699,1.0,0.05,0.0001108717360939604,6.71544441491146,0.007912357659577268,0.21082953094553913,0.0
14700,1.0,0.05,0.0001108717360939604,6.71544441491146,0.007912357659577268,0.21082953094553913,0.0
14701,1.0,0.05,0.0001108717360939604,6.71544441491146,0.007912357659577268,0.21082953094553913,0.0
14702,1.0,0.05,0.0001108717360939604,6.71544441491146,0.007912357659577268,0.21082953094553913,0.0
14703,1.0,0.05,0.0001108717360939604,6.71544441491146,0.007912357659577268,0.21082953094553913,0.0
14704,1.0,0.05,0.0001108717360939604,9.928344005079197,0.007912357659577268,0.20772714436119918,0.0
14705,1.0,0.05,0.0001108717360939604,9.928344005079197,0.007912357659577268,0.20772714436119918,0.0
14706,1.0,0.05,0.0001108717360939604,9.928344005079197,0.007912357659577268,0.14377337346536492,0.0
14707,1.0,0.05,0.0001108717360939604,9.928344005079197,0.007332962818254225,0.14377337346536492,0.0
14708,1.0,0.05,0.0001108717360939604,9.928344005079197,0.007080081935591505,0.14377337346536492,0.0
14709,1.0,0.05,0.0001108717360939604,9.928344005079197,0.007080081935591505,0.1892729317307661,0.0
14710,1.0,0.05,0.0001108717360939604,9.928344005079197,0.007080081935591505,0.1892729317307661,0.0
14711,1.0,0.05,0.0001108717360939604,9.928344005079197,0.007080081935591505,0.1892729317307661,0.0
14712,1.0,0.05,0.0001108717360939604,9.928344005079197,0.007080081935591505,0.1892729317307661,0.0
14713,1.0,0.05,0.0001108717360939604,9.928344005079197,0.007080081935591505,0.1892729317307661,0.0
14714,1.0,0.05,0.0001108717360939604,9.928344005079197,0.007080081935591505,0.1892729317307661,0.0
14715,1.0,0.05,0.0001108717360939604,9.928344005079197,0.007956504453527356,0.1892729317307661,0.0
14716,1.0,0.05,0.0001108717360939604,9.928344005079197,0.007956504453527356,0.1892729317307661,0.0
14717,1.0,0.05,0.0001108717360939604,9.928344005079197,0.007956504453527356,0.1892729317307661,0.0
14718,1.0,0.05,0.0001108717360939604,9.928344005079197,0.007956504453527356,0.14636094358779508,0.0
14719,1.0,0.05,0.0001108717360939604,9.928344005079197,0.007956504453527356,0.14636094358779508,0.0
14720,1.0,0.05,0.0001108717360939604,9.928344005079197,0.008147367527469833,0.1869224865122714,0.0
14721,1.0,0.05,0.00011358283454848392,9.928344005079197,0.008147367527469833,0.1869224865122714,0.0
14722,1.0,0.05,0.00011358283454848392,9.928344005079197,0.008147367527469833,0.1869224865122714,0.0
14723,1.0,0.05,0.00011358283454848392,9.928344005079197,0.007443677278157279,0.1869224865122714,0.0
14724,1.0,0.05,0.00011358283454848392,9.928344005079197,0.00770595834334245,0.1869224865122714,0.0
14725,1.0,0.05,0.00011358283454848392,9.928344005079197,0.007720465197638043,0.1869224865122714,0.0
14726,1.0,0.05,0.00011358283454848392,9.928344005079197,0.007720465197638043,0.14211596609506427,0.0
14727,1.0,0.05,0.00011358283454848392,15.550762319263669,0.007720465197638043,0.15267237679191245,0.0
14728,1.0,0.05,0.00011358283454848392,15.550762319263669,0.007720465197638043,0.12292256149022616,0.0
14729,1.0,0.05,0.00011358283454848392,15.550762319263669,0.008829547313875096,0.12292256149022616,0.0
14730,1.0,0.05,0.00011358283454848392,15.550762319263669,0.006294480341464832,0.12292256149022616,0.0
14731,1.0,0.05,0.00011358283454848392,15.550762319263669,0.006294480341464832,0.12292256149022616,0.0
14732,1.0,0.05,0.00011358283454848392,15.550762319263669,0.006294480341464832,0.12292256149022616,0.0
14733,1.0,0.05,0.00011358283454848392,15.550762319263669,0.006294480341464832,0.12292256149022616,0.0
14734,1.0,0.05,0.00011358283454848392,15.550762319263669,0.006294480341464832,0.12292256149022616,0.0
14735,1.0,0.05,0.00011358283454848392,15.550762319263669,0.006294480341464832,0.12292256149022616,0.0
14736,1.0,0.05,0.00011358283454848392,15.550762319263669,0.006294480341464832,0.12292256149022616,0.0
14737,1.0,0.05,0.00011358283454848392,15.550762319263669,0.006294480341464832,0.12292256149022616,0.0
14738,1.0,0.05,0.00011358283454848392,15.550762319263669,0.006294480341464832,0.1252681371086969,0.0
14739,1.0,0.05,0.00011358283454848392,15.550762319263669,0.006294480341464832,0.1252681371086969,0.0
14740,1.0,0.05,0.00011358283454848392,15.550762319263669,0.008578865923936885,0.1252681371086969,0.0
14741,1.0,0.05,0.00011358283454848392,15.550762319263669,0.008507642504129212,0.1252681371086969,0.0
14742,1.0,0.05,0.00011358283454848392,11.920086430351944,0.007615602705598389,0.17130839109064544,0.0
14743,1.0,0.05,0.00011358283454848392,11.920086430351944,0.007615602705598389,0.17130839109064544,0.0
14744,1.0,0.05,0.00011358283454848392,10.62922789884766,0.007615602705598389,0.17130839109064544,0.0
14745,1.0,0.05,0.00011358283454848392,10.62922789884766,0.007615602705598389,0.17130839109064544,0.0
14746,1.0,0.05,0.00011358283454848392,10.62922789884766,0.0075516941751067644,0.17130839109064544,0.0
14747,1.0,0.05,0.00011358283454848392,10.62922789884766,0.0075516941751067644,0.17130839109064544,0.0
14748,1.0,0.05,0.00011358283454848392,10.62922789884766,0.0075516941751067644,0.17130839109064544,0.0
14749,1.0,0.05,0.00011358283454848392,10.62922789884766,0.0075516941751067644,0.17130839109064544,0.0
14750,1.0,0.05,0.00010898570541481849,10.62922789884766,0.0075516941751067644,0.17130839109064544,0.0
14751,1.0,0.05,0.00010898570541481849,10.62922789884766,0.0075516941751067644,0.17130839109064544,0.0
14752,1.0,0.05,0.00010898570541481849,10.62922789884766,0.0075516941751067644,0.17130839109064544,0.0
14753,1.0,0.05,0.00010898570541481849,10.62922789884766,0.0075516941751067644,0.17130839109064544,0.0
14754,1.0,0.05,0.00010898570541481849,10.62922789884766,0.0075516941751067644,0.17130839109064544,0.0
14755,1.0,0.05,0.00010898570541481849,10.62922789884766,0.007833598761597844,0.19244905287420744,0.0
14756,1.0,0.05,0.00010898570541481849,10.62922789884766,0.007509863844236279,0.19244905287420744,0.0
14757,1.0,0.05,0.00010898570541481849,10.62922789884766,0.007509863844236279,0.19244905287420744,0.0
14758,1.0,0.05,0.00010898570541481849,10.62922789884766,0.007509863844236279,0.19244905287420744,0.0
14759,1.0,0.05,0.00010898570541481849,10.62922789884766,0.007509863844236279,0.19244905287420744,0.0
14760,1.0,0.05,0.00010898570541481849,10.62922789884766,0.007509863844236279,0.19244905287420744,0.0
14761,1.0,0.05,0.00010898570541481849,10.62922789884766,0.007509863844236279,0.19244905287420744,0.0
14762,1.0,0.05,0.00010898570541481849,10.62922789884766,0.007509863844236279,0.19244905287420744,0.0
14763,1.0,0.05,0.00010898570541481849,10.62922789884766,0.007509863844236279,0.19244905287420744,0.0
14764,1.0,0.05,0.00010898570541481849,10.62922789884766,0.007509863844236279,0.19244905287420744,0.0
14765,1.0,0.05,0.00010518635542112693,10.62922789884766,0.007509863844236279,0.19244905287420744,0.0
14766,1.0,0.05,0.00010518635542112693,10.62922789884766,0.007465918390962427,0.19244905287420744,0.0
14767,1.0,0.05,0.00010518635542112693,10.62922789884766,0.007465918390962427,0.19244905287420744,0.0
14768,1.0,0.05,0.00010518635542112693,10.62922789884766,0.007465918390962427,0.19244905287420744,0.0
14769,1.0,0.05,0.00010518635542112693,10.62922789884766,0.009060574638808747,0.19244905287420744,0.0
14770,1.0,0.05,0.00010518635542112693,10.62922789884766,0.009060574638808747,0.1985353914565902,0.0
14771,1.0,0.05,0.00010518635542112693,8.699818311536475,0.009060574638808747,0.1985353914565902,0.0
14772,1.0,0.05,0.00010518635542112693,9.167890350910852,0.008480038377768492,0.1985353914565902,0.0
14773,1.0,0.05,0.00010518635542112693,9.167890350910852,0.008480038377768492,0.20789148133064295,0.0
14774,1.0,0.05,0.00010518635542112693,9.167890350910852,0.008480038377768492,0.20789148133064295,0.0
14775,1.0,0.05,0.00010624723455610476,9.056214569825727,0.008480038377768492,0.20789148133064295,0.0
14776,1.0,0.05,0.00010624723455610476,9.056214569825727,0.008480038377768492,0.20789148133064295,0.0
14777,1.0,0.05,0.00010624723455610476,9.056214569825727,0.008480038377768492,0.20789148133064295,0.0
14778,1.0,0.05,0.00010624723455610476,10.119636769083897,0.008480038377768492,0.20789148133064295,0.0
14779,1.0,0.05,0.00010624723455610476,10.119636769083897,0.008480038377768492,0.20789148133064295,0.0
14780,1.0,0.05,0.00010624723455610476,10.119636769083897,0.008480038377768492,0.20789148133064295,0.0
14781,1.0,0.05,0.00010624723455610476,11.209294635301774,0.008318380458256247,0.20789148133064295,0.0
14782,1.0,0.05,0.00010624723455610476,11.209294635301774,0.007598336958733876,0.20789148133064295,0.0
14783,1.0,0.05,0.00010624723455610476,11.209294635301774,0.007598336958733876,0.20789148133064295,0.0
14784,1.0,0.05,0.00010624723455610476,11.209294635301774,0.007598336958733876,0.20789148133064295,0.0
14785,1.0,0.05,0.00010624723455610476,11.209294635301774,0.007598336958733876,0.2029095566072368,0.0
14786,1.0,0.05,0.00010624723455610476,11.209294635301774,0.007598336958733876,0.2029095566072368,0.0
14787,1.0,0.05,0.00010624723455610476,11.209294635301774,0.007598336958733876,0.2218700822751454,0.0
14788,1.0,0.05,0.00010624723455610476,11.209294635301774,0.007598336958733876,0.2218700822751454,0.0
14789,1.0,0.05,0.00010624723455610476,11.209294635301774,0.007598336958733876,0.2218700822751454,0.0
14790,1.0,0.05,0.00010624723455610476,11.209294635301774,0.008428321165364,0.2218700822751454,0.0
14791,1.0,0.05,0.00010624723455610476,11.209294635301774,0.00808387908941064,0.2218700822751454,0.0
14792,1.0,0.05,0.00010624723455610476,11.209294635301774,0.00808387908941064,0.21784358795183564,0.0
14793,1.0,0.05,0.00010624723455610476,11.209294635301774,0.00808387908941064,0.21784358795183564,0.0
14794,1.0,0.05,0.00010624723455610476,11.209294635301774,0.00808387908941064,0.21059979258131822,0.0
14795,1.0,0.05,0.00010624723455610476,8.360398582469713,0.00808387908941064,0.21059979258131822,0.0
14796,1.0,0.05,0.00010624723455610476,8.360398582469713,0.008446517744342491,0.21059979258131822,0.0
14797,1.0,0.05,0.00010624723455610476,11.32150222445894,0.008446517744342491,0.21059979258131822,0.0
14798,1.0,0.05,0.00010624723455610476,11.32150222445894,0.008446517744342491,0.21059979258131822,0.0
14799,1.0,0.05,0.00010624723455610476,11.32150222445894,0.008446517744342491,0.21059979258131822,0.0
14800,1.0,0.05,0.00010624723455610476,11.32150222445894,0.008446517744342491,0.21059979258131822,0.0
14801,1.0,0.05,0.00010624723455610476,11.32150222445894,0.008446517744342491,0.21059979258131822,0.0
14802,1.0,0.05,0.00010624723455610476,11.32150222445894,0.00893999669874012,0.21059979258131822,0.0
14803,1.0,0.05,0.00010624723455610476,11.32150222445894,0.00893999669874012,0.21059979258131822,0.0
14804,1.0,0.05,0.00010624723455610476,11.32150222445894,0.00893999669874012,0.21059979258131822,0.0
14805,1.0,0.05,0.00010624723455610476,11.32150222445894,0.00893999669874012,0.21059979258131822,0.0
14806,1.0,0.05,0.00010460128680544446,11.32150222445894,0.00893999669874012,0.1967986458388717,0.0
14807,1.0,0.05,0.00010460128680544446,11.32150222445894,0.00893999669874012,0.1771361699189283,0.0
14808,1.0,0.05,0.00010460128680544446,11.32150222445894,0.00893999669874012,0.1771361699189283,0.0
14809,1.0,0.05,0.00010460128680544446,11.32150222445894,0.00893999669874012,0.1771361699189283,0.0
14810,1.0,0.05,0.00010460128680544446,11.32150222445894,0.00893999669874012,0.1771361699189283,0.0
14811,1.0,0.05,0.00010460128680544446,11.32150222445894,0.008339612759901435,0.1771361699189283,0.0
14812,1.0,0.05,0.00011637663366315205,11.32150222445894,0.008339612759901435,0.1771361699189283,0.0
14813,1.0,0.05,0.00011637663366315205,11.32150222445894,0.008339612759901435,0.15215136102652874,0.0
14814,1.0,0.05,0.00011637663366315205,11.32150222445894,0.007897123659411219,0.15215136102652874,0.0
14815,1.0,0.05,0.00011637663366315205,11.32150222445894,0.007897123659411219,0.15215136102652874,0.0
14816,1.0,0.05,0.00011637663366315205,11.32150222445894,0.007897123659411219,0.15215136102652874,0.0
14817,1.0,0.05,0.00011483158217831219,11.32150222445894,0.007897123659411219,0.15215136102652874,0.0
14818,1.0,0.05,0.00011483158217831219,11.32150222445894,0.007897123659411219,0.15215136102652874,0.0
14819,1.0,0.05,0.00011483158217831219,11.32150222445894,0.007897123659411219,0.15215136102652874,0.0
14820,1.0,0.05,0.00011483158217831219,11.32150222445894,0.007897123659411219,0.15215136102652874,0.0
14821,1.0,0.05,0.00011483158217831219,11.32150222445894,0.007897123659411219,0.15215136102652874,0.0
14822,1.0,0.05,0.00011483158217831219,11.32150222445894,0.007897123659411219,0.15215136102652874,0.0
14823,1.0,0.05,0.00011483158217831219,11.32150222445894,0.007897123659411219,0.15215136102652874,0.0
14824,1.0,0.05,0.00011483158217831219,11.32150222445894,0.007897123659411219,0.15215136102652874,0.0
14825,1.0,0.05,0.00011483158217831219,11.32150222445894,0.007897123659411219,0.15215136102652874,0.0
14826,1.0,0.05,0.00011483158217831219,10.398774185585253,0.007897123659411219,0.17070636009040072,0.0
14827,1.0,0.05,0.00011483158217831219,10.398774185585253,0.007897123659411219,0.17070636009040072,0.0
14828,1.0,0.05,0.00011483158217831219,10.398774185585253,0.007897123659411219,0.17070636009040072,0.0
14829,1.0,0.05,0.00011483158217831219,10.398774185585253,0.0073120420238985935,0.16909506823263948,0.0
14830,1.0,0.05,0.00011483158217831219,10.398774185585253,0.0073120420238985935,0.16909506823263948,0.0
14831,1.0,0.05,0.00011483158217831219,12.144045552141478,0.0073120420238985935,0.16909506823263948,0.0
14832,1.0,0.05,0.00011483158217831219,12.018517277203316,0.007539276989577333,0.16909506823263948,0.0
14833,1.0,0.05,0.00011483158217831219,12.018517277203316,0.007539276989577333,0.16909506823263948,0.0
14834,1.0,0.05,0.00011483158217831219,12.018517277203316,0.007539276989577333,0.16909506823263948,0.0
14835,1.0,0.05,0.00011483158217831219,8.323049470902035,0.007539276989577333,0.16909506823263948,0.0
14836,1.0,0.05,0.00011483158217831219,8.323049470902035,0.007539276989577333,0.16909506823263948,0.0
14837,1.0,0.05,0.00011483158217831219,12.826007097416323,0.007539276989577333,0.16909506823263948,0.0
14838,1.0,0.05,0.00011483158217831219,9.369010042524351,0.007539276989577333,0.14249413165017882,0.0
14839,1.0,0.05,0.00011483158217831219,12.58085005473508,0.007945813467285593,0.11785604937525854,0.0
14840,1.0,0.05,0.00011483158217831219,12.58085005473508,0.007945813467285593,0.11785604937525854,0.0
14841,1.0,0.05,0.00011483158217831219,12.58085005473508,0.007945813467285593,0.11785604937525854,0.0
14842,1.0,0.05,0.00011483158217831219,12.58085005473508,0.007945813467285593,0.11785604937525854,0.0
14843,1.0,0.05,0.00011383339498583436,12.58085005473508,0.007945813467285593,0.11785604937525854,0.0
14844,1.0,0.05,0.00011383339498583436,12.58085005473508,0.007945813467285593,0.11785604937525854,0.0
14845,1.0,0.05,0.00011383339498583436,12.58085005473508,0.007945813467285593,0.11785604937525854,0.0
14846,1.0,0.05,0.00011383339498583436,12.58085005473508,0.006842263457837899,0.11785604937525854,0.0
14847,1.0,0.05,0.00011383339498583436,12.58085005473508,0.008092392416103497,0.11785604937525854,0.0
14848,1.0,0.05,0.00011383339498583436,12.58085005473508,0.008092392416103497,0.18028772030496365,0.0
14849,1.0,0.05,0.0001117938075367841,12.58085005473508,0.007482534505866246,0.18028772030496365,0.0
14850,1.0,0.05,0.0001117938075367841,12.58085005473508,0.007852953009469487,0.18028772030496365,0.0
14851,1.0,0.05,0.0001117938075367841,6.632435492593274,0.007852953009469487,0.18704272545602296,0.0
14852,1.0,0.05,0.0001117938075367841,9.943436105944443,0.007852953009469487,0.18704272545602296,0.0
14853,1.0,0.05,0.0001117938075367841,9.943436105944443,0.007852953009469487,0.18704272545602296,0.0
14854,1.0,0.05,0.0001117938075367841,9.943436105944443,0.008063802002362551,0.18704272545602296,0.0
14855,1.0,0.05,0.0001117938075367841,9.943436105944443,0.008063802002362551,0.18704272545602296,0.0
14856,1.0,0.05,0.0001117938075367841,9.943436105944443,0.008063802002362551,0.18704272545602296,0.0
14857,1.0,0.05,0.0001117938075367841,9.943436105944443,0.007997298405770334,0.18704272545602296,0.0
14858,1.0,0.05,0.0001117938075367841,9.873798328317747,0.008489709373793067,0.18704272545602296,0.0
14859,1.0,0.05,0.0001117938075367841,9.873798328317747,0.007345259950048268,0.18704272545602296,0.0
14860,1.0,0.05,0.0001117938075367841,9.873798328317747,0.0073499945920326255,0.18704272545602296,0.0
14861,1.0,0.05,0.0001117938075367841,9.873798328317747,0.007572648383110034,0.18704272545602296,0.0
14862,1.0,0.05,0.00011564248685827028,9.873798328317747,0.007572648383110034,0.18704272545602296,0.0
14863,1.0,0.05,0.00011564248685827028,9.873798328317747,0.008124875108888145,0.18704272545602296,0.0
14864,1.0,0.05,0.0001183485172182418,9.873798328317747,0.008124875108888145,0.18704272545602296,0.0
14865,1.0,0.05,0.0001183485172182418,10.921108968987213,0.008124875108888145,0.18704272545602296,0.0
14866,1.0,0.05,0.0001183485172182418,8.010596285529118,0.008124875108888145,0.18704272545602296,0.0
14867,1.0,0.05,0.0001183485172182418,8.010596285529118,0.007168996048809922,0.18704272545602296,0.0
14868,1.0,0.05,0.0001183485172182418,8.010596285529118,0.007168996048809922,0.20395998503164606,0.0
14869,1.0,0.05,0.00012204671667823126,11.95528210039518,0.007168996048809922,0.12207724375453707,0.0
14870,1.0,0.05,0.00012204671667823126,11.95528210039518,0.007168996048809922,0.12207724375453707,0.0
14871,1.0,0.05,0.00012204671667823126,11.95528210039518,0.007168996048809922,0.12207724375453707,0.0
14872,1.0,0.05,0.00011832520476386398,11.95528210039518,0.007168996048809922,0.12207724375453707,0.0
14873,1.0,0.05,0.00011832520476386398,11.95528210039518,0.007168996048809922,0.12207724375453707,0.0
14874,1.0,0.05,0.00011832520476386398,11.95528210039518,0.007168996048809922,0.12207724375453707,0.0
14875,1.0,0.05,0.00011832520476386398,11.95528210039518,0.007168996048809922,0.12207724375453707,0.0
14876,1.0,0.05,0.00011832520476386398,11.95528210039518,0.007168996048809922,0.12207724375453707,0.0
14877,1.0,0.05,0.00011832520476386398,11.95528210039518,0.007168996048809922,0.12207724375453707,0.0
14878,1.0,0.05,0.00011832520476386398,9.797755708223349,0.007168996048809922,0.12207724375453707,0.0
14879,1.0,0.05,0.00011859009297012037,9.797755708223349,0.007168996048809922,0.12207724375453707,0.0
14880,1.0,0.05,0.00011859009297012037,9.797755708223349,0.007168996048809922,0.12207724375453707,0.0
14881,1.0,0.05,0.00011733655468219356,11.199260425352904,0.006797362710799293,0.12207724375453707,0.0
14882,1.0,0.05,0.00011733655468219356,11.199260425352904,0.006797362710799293,0.12207724375453707,0.0
14883,1.0,0.05,0.00011733655468219356,11.199260425352904,0.006797362710799293,0.1432143700237386,0.0
14884,1.0,0.05,0.00011733655468219356,10.33221514146534,0.006797362710799293,0.1432143700237386,0.0
14885,1.0,0.05,0.00011733655468219356,10.33221514146534,0.006797362710799293,0.1432143700237386,0.0
14886,1.0,0.05,0.00011340895298051841,11.066880734330951,0.007613228407346568,0.1432143700237386,0.0
14887,1.0,0.05,0.00011340895298051841,11.066880734330951,0.007613228407346568,0.1432143700237386,0.0
14888,1.0,0.05,0.00011340895298051841,11.066880734330951,0.007613228407346568,0.1432143700237386,0.0
14889,1.0,0.05,0.00011340895298051841,11.066880734330951,0.007577063842258401,0.14070420840768763,0.0
14890,1.0,0.05,0.00011340895298051841,11.066880734330951,0.007577063842258401,0.14070420840768763,0.0
14891,1.0,0.05,0.00011340895298051841,11.066880734330951,0.007577063842258401,0.14449319686134596,0.0
14892,1.0,0.05,0.00011340895298051841,11.066880734330951,0.007577063842258401,0.14449319686134596,0.0
14893,1.0,0.05,0.00011340895298051841,11.066880734330951,0.007577063842258401,0.14449319686134596,0.0
14894,1.0,0.05,0.00011340895298051841,11.066880734330951,0.007577063842258401,0.14449319686134596,0.0
14895,1.0,0.05,0.00011403761193327951,11.066880734330951,0.007577063842258401,0.14449319686134596,0.0
14896,1.0,0.05,0.00011403761193327951,11.066880734330951,0.00809122755524738,0.14449319686134596,0.0
14897,1.0,0.05,0.00011403761193327951,11.066880734330951,0.00809122755524738,0.16106850714802567,0.0
14898,1.0,0.05,0.00011403761193327951,11.066880734330951,0.00809122755524738,0.16106850714802567,0.0
14899,1.0,0.05,0.0001119222030012507,11.066880734330951,0.00809122755524738,0.16106850714802567,0.0
14900,1.0,0.05,0.0001119222030012507,15.240830579451796,0.00809122755524738,0.16106850714802567,0.0
14901,1.0,0.05,0.00011881246449135427,15.240830579451796,0.00809122755524738,0.11915442553130255,0.0
14902,1.0,0.05,0.00011881246449135427,15.240830579451796,0.00809122755524738,0.11915442553130255,0.0
14903,1.0,0.05,0.00011881246449135427,15.240830579451796,0.00809122755524738,0.11915442553130255,0.0
14904,1.0,0.05,0.00011881246449135427,14.735784846431727,0.00809122755524738,0.11915442553130255,0.0
14905,1.0,0.05,0.00011881246449135427,14.735784846431727,0.00809122755524738,0.11915442553130255,0.0
14906,1.0,0.05,0.00011881246449135427,14.735784846431727,0.00809122755524738,0.11915442553130255,0.0
14907,1.0,0.05,0.00011881246449135427,14.735784846431727,0.00809122755524738,0.11915442553130255,0.0
14908,1.0,0.05,0.00011881246449135427,14.735784846431727,0.00796720519312339,0.11915442553130255,0.0
14909,1.0,0.05,0.00011881246449135427,14.735784846431727,0.0073928662374452255,0.09652153833687878,0.0
14910,1.0,0.05,0.00011881246449135427,14.735784846431727,0.0073928662374452255,0.09652153833687878,0.0
14911,1.0,0.05,0.00011881246449135427,14.735784846431727,0.0073928662374452255,0.09652153833687878,0.0
14912,1.0,0.05,0.00011881246449135427,14.735784846431727,0.0073928662374452255,0.09652153833687878,0.0
14913,1.0,0.05,0.00011881246449135427,14.735784846431727,0.0073928662374452255,0.09554417169896201,0.0
14914,1.0,0.05,0.00011881246449135427,21.784920160012717,0.0073928662374452255,0.09554417169896201,0.0
14915,1.0,0.05,0.00011881246449135427,21.784920160012717,0.0073928662374452255,0.102127594320739,0.0
14916,1.0,0.05,0.00011881246449135427,21.784920160012717,0.0073928662374452255,0.102127594320739,0.0
14917,1.0,0.05,0.00011881246449135427,21.784920160012717,0.0073928662374452255,0.102127594320739,0.0
14918,1.0,0.05,0.00012216631016963091,21.760854560493016,0.0073928662374452255,0.06790060611928156,0.0
14919,1.0,0.05,0.00012216631016963091,21.760854560493016,0.007056461011517497,0.06790060611928156,0.0
14920,1.0,0.05,0.00012216631016963091,11.79020980054976,0.007056461011517497,0.0868482131795742,0.0
14921,1.0,0.05,0.00012216631016963091,13.693414080109534,0.007056461011517497,0.0868482131795742,0.0
14922,1.0,0.05,0.00012216631016963091,13.693414080109534,0.0068853019726405965,0.0868482131795742,0.0
14923,1.0,0.05,0.00012216631016963091,17.55390260076068,0.0075716128809644465,0.0868482131795742,0.0
14924,1.0,0.05,0.00012216631016963091,17.55390260076068,0.0075716128809644465,0.0868482131795742,0.0
14925,1.0,0.05,0.00012216631016963091,17.55390260076068,0.007490848365062443,0.09200244550708274,0.0
14926,1.0,0.05,0.00011917135542819401,17.55390260076068,0.007242551741576871,0.09200244550708274,0.0
14927,1.0,0.05,0.00011917135542819401,17.55390260076068,0.006660887465861664,0.09200244550708274,0.0
14928,1.0,0.05,0.00011917135542819401,17.55390260076068,0.006660887465861664,0.09200244550708274,0.0
14929,1.0,0.05,0.00011917135542819401,19.79891719902389,0.006660887465861664,0.09200244550708274,0.0
14930,1.0,0.05,0.00011917135542819401,19.79891719902389,0.006660887465861664,0.09200244550708274,0.0
14931,1.0,0.05,0.00011917135542819401,19.486950966519757,0.006660887465861664,0.09200244550708274,0.0
14932,1.0,0.05,0.00011917135542819401,19.486950966519757,0.008333601946092143,0.09200244550708274,0.0
14933,1.0,0.05,0.00011917135542819401,16.53095642024043,0.008333601946092143,0.09200244550708274,0.0
14934,1.0,0.05,0.00011917135542819401,16.53095642024043,0.008333601946092143,0.12845222673565115,0.0
14935,1.0,0.05,0.00011917135542819401,16.53095642024043,0.006068660271152224,0.09259049308205076,0.0
14936,1.0,0.05,0.00011917135542819401,18.717100945751696,0.006068660271152224,0.09259049308205076,0.0
14937,1.0,0.05,0.00011917135542819401,20.634511344556984,0.008395761962869753,0.09259049308205076,0.0
14938,1.0,0.05,0.00011917135542819401,14.65378922112292,0.007158296526467732,0.09259049308205076,0.0
14939,1.0,0.05,0.00011935314804362339,14.65378922112292,0.006900246671247073,0.09259049308205076,0.0
14940,1.0,0.05,0.00011935314804362339,14.65378922112292,0.006900246671247073,0.08625736550163574,0.0
14941,1.0,0.05,0.00011935314804362339,14.65378922112292,0.006451758854711055,0.10814669049602271,0.0
14942,1.0,0.05,0.00011935314804362339,13.675676878927504,0.006451758854711055,0.10814669049602271,0.0
14943,1.0,0.05,0.00011935314804362339,13.675676878927504,0.006451758854711055,0.10814669049602271,0.0
14944,1.0,0.05,0.00011935314804362339,13.675676878927504,0.006451758854711055,0.10814669049602271,0.0
14945,1.0,0.05,0.00011935314804362339,13.675676878927504,0.006451758854711055,0.10814669049602271,0.0
14946,1.0,0.05,0.00011935314804362339,10.639816365769335,0.006451758854711055,0.10814669049602271,0.0
14947,1.0,0.05,0.00011935314804362339,10.639816365769335,0.006451758854711055,0.10814669049602271,0.0
14948,1.0,0.05,0.00011935314804362339,10.639816365769335,0.006451758854711055,0.1553211468384576,0.0
14949,1.0,0.05,0.00011602177281846994,10.639816365769335,0.007891664274552781,0.1553211468384576,0.0
14950,1.0,0.05,0.00011602177281846994,10.639816365769335,0.007891664274552781,0.1553211468384576,0.0
14951,1.0,0.05,0.00011602177281846994,10.639816365769335,0.007891664274552781,0.1553211468384576,0.0
14952,1.0,0.05,0.00011602177281846994,10.639816365769335,0.007891664274552781,0.1553211468384576,0.0
14953,1.0,0.05,0.00011602177281846994,10.639816365769335,0.007891664274552781,0.1553211468384576,0.0
14954,1.0,0.05,0.00011602177281846994,10.639816365769335,0.008572307357351686,0.15969582830445422,0.0
14955,1.0,0.05,0.00011602177281846994,10.639816365769335,0.007979464086870901,0.201601587733018,0.0
14956,1.0,0.05,0.00011602177281846994,10.639816365769335,0.007979464086870901,0.20157377263522597,0.0
14957,1.0,0.05,0.00011602177281846994,10.639816365769335,0.007979464086870901,0.20157377263522597,0.0
14958,1.0,0.05,0.00010441192442343488,10.639816365769335,0.007979464086870901,0.2154006586852682,0.0
14959,1.0,0.05,0.00010441192442343488,11.052443650738681,0.007979464086870901,0.2154006586852682,0.0
14960,1.0,0.05,0.00010441192442343488,8.450863006295577,0.007979464086870901,0.2154006586852682,0.0
14961,1.0,0.05,0.00010150288047904666,8.450863006295577,0.007979464086870901,0.23284898826684178,0.0
14962,1.0,0.05,0.00010597909480580033,8.450863006295577,0.007979464086870901,0.23284898826684178,0.0
14963,1.0,0.05,0.00010597909480580033,8.450863006295577,0.007979464086870901,0.23284898826684178,0.0
14964,1.0,0.05,0.00010525414656129301,8.27138571644619,0.007979464086870901,0.23284898826684178,0.0
14965,1.0,0.05,0.00010525414656129301,8.27138571644619,0.007979464086870901,0.23284898826684178,0.0
14966,1.0,0.05,0.00010525414656129301,8.27138571644619,0.007979464086870901,0.23284898826684178,0.0
14967,1.0,0.05,0.00010525414656129301,8.27138571644619,0.007979464086870901,0.23284898826684178,0.0
14968,1.0,0.05,0.00010525414656129301,10.451233558540409,0.007979464086870901,0.23284898826684178,0.0
14969,1.0,0.05,0.00010525414656129301,10.451233558540409,0.007979464086870901,0.23284898826684178,0.0
14970,1.0,0.05,0.00010525414656129301,10.451233558540409,0.007979464086870901,0.18349516546570996,0.0
14971,1.0,0.05,0.00010525414656129301,10.451233558540409,0.007979464086870901,0.18349516546570996,0.0
14972,1.0,0.05,0.00010525414656129301,10.937848962748859,0.007979464086870901,0.17191871137195838,0.0
14973,1.0,0.05,0.00010525414656129301,10.937848962748859,0.007979464086870901,0.17195438677177824,0.0
14974,1.0,0.05,0.00010525414656129301,10.937848962748859,0.007635965168429436,0.17195438677177824,0.0
14975,1.0,0.05,0.00010525414656129301,14.237409115558663,0.007635965168429436,0.17195438677177824,0.0
14976,1.0,0.05,0.00010525414656129301,14.237409115558663,0.007635965168429436,0.17195438677177824,0.0
14977,1.0,0.05,0.00010525414656129301,14.237409115558663,0.007635965168429436,0.17195438677177824,0.0
14978,1.0,0.05,0.00010525414656129301,14.237409115558663,0.007635965168429436,0.17195438677177824,0.0
14979,1.0,0.05,0.00010525414656129301,14.237409115558663,0.007635965168429436,0.17195438677177824,0.0
14980,1.0,0.05,0.00010525414656129301,14.237409115558663,0.007635965168429436,0.20871225991726455,0.0
14981,1.0,0.05,0.00010525414656129301,14.237409115558663,0.007635965168429436,0.20871225991726455,0.0
14982,1.0,0.05,0.00010525414656129301,14.237409115558663,0.008278184141122929,0.20871225991726455,0.0
14983,1.0,0.05,0.00010525414656129301,8.189237026409899,0.008278184141122929,0.20871225991726455,0.0
14984,1.0,0.05,0.00010525414656129301,8.189237026409899,0.008278184141122929,0.20871225991726455,0.0
14985,1.0,0.05,0.0001193720496010524,8.189237026409899,0.008313203275493166,0.20871225991726455,0.0
14986,1.0,0.05,0.0001193720496010524,8.189237026409899,0.008313203275493166,0.13883342774697277,0.0
14987,1.0,0.05,0.0001193720496010524,8.189237026409899,0.008313203275493166,0.151307262040133,0.0
14988,1.0,0.05,0.0001193720496010524,8.189237026409899,0.008313203275493166,0.151307262040133,0.0
14989,1.0,0.05,0.0001193720496010524,8.189237026409899,0.007489377059206587,0.151307262040133,0.0
14990,1.0,0.05,0.0001193720496010524,8.189237026409899,0.0071730476882205145,0.151307262040133,0.0
14991,1.0,0.05,0.0001193720496010524,8.189237026409899,0.0071730476882205145,0.16932797696281862,0.0
14992,1.0,0.05,0.0001193720496010524,8.189237026409899,0.007457017436882785,0.16932797696281862,0.0
14993,1.0,0.05,0.0001193720496010524,8.189237026409899,0.0075397414106564585,0.16932797696281862,0.0
14994,1.0,0.05,0.0001193720496010524,8.189237026409899,0.0075397414106564585,0.16932797696281862,0.0
14995,1.0,0.05,0.0001193720496010524,8.189237026409899,0.0075397414106564585,0.16932797696281862,0.0
14996,1.0,0.05,0.0001193720496010524,7.875771495124155,0.0075397414106564585,0.16932797696281862,0.0
14997,1.0,0.05,0.0001193720496010524,7.875771495124155,0.0075397414106564585,0.16932797696281862,0.0
14998,1.0,0.05,0.0001193720496010524,7.875771495124155,0.0075397414106564585,0.16932797696281862,0.0
14999,1.0,0.05,0.0001193720496010524,7.875771495124155,0.0075397414106564585,0.16932797696281862,0.0
15000,1.0,0.05,0.0001193720496010524,6.782258122828225,0.0075397414106564585,0.1860731334780638,0.0
15001,1.0,0.05,0.0001193720496010524,6.782258122828225,0.0075397414106564585,0.1860731334780638,0.0
15002,1.0,0.05,0.0001193720496010524,6.782258122828225,0.007562141532730044,0.1860731334780638,0.0
15003,1.0,0.05,0.0001193720496010524,6.782258122828225,0.007562141532730044,0.1860731334780638,0.0
15004,1.0,0.05,0.0001193720496010524,6.782258122828225,0.007562141532730044,0.16362101103871018,0.0
15005,1.0,0.05,0.0001193720496010524,6.782258122828225,0.007562141532730044,0.16362101103871018,0.0
15006,1.0,0.05,0.0001193720496010524,6.782258122828225,0.007562141532730044,0.16362101103871018,0.0
15007,1.0,0.05,0.0001193720496010524,6.782258122828225,0.006506902584977223,0.16362101103871018,0.0
15008,1.0,0.05,0.0001193720496010524,6.782258122828225,0.006506902584977223,0.16362101103871018,0.0
15009,1.0,0.05,0.0001193720496010524,8.286801047606147,0.006506902584977223,0.16362101103871018,0.0
15010,1.0,0.05,0.0001193720496010524,8.286801047606147,0.006506902584977223,0.16362101103871018,0.0
15011,1.0,0.05,0.0001193720496010524,8.286801047606147,0.007060951629003993,0.16362101103871018,0.0
15012,1.0,0.05,0.0001193720496010524,8.286801047606147,0.007060951629003993,0.1498437729303409,0.0
15013,1.0,0.05,0.0001193720496010524,8.286801047606147,0.007060951629003993,0.1498437729303409,0.0
15014,1.0,0.05,0.00011922935770784657,8.286801047606147,0.007060951629003993,0.1498437729303409,0.0
15015,1.0,0.05,0.00011922935770784657,8.286801047606147,0.007060951629003993,0.1498437729303409,0.0
15016,1.0,0.05,0.00011922935770784657,8.286801047606147,0.007060951629003993,0.1498437729303409,0.0
15017,1.0,0.05,0.00011922935770784657,8.286801047606147,0.007060951629003993,0.1498437729303409,0.0
15018,1.0,0.05,0.00011922935770784657,8.286801047606147,0.007060951629003993,0.1498437729303409,0.0
15019,1.0,0.05,0.00011922935770784657,8.286801047606147,0.007060951629003993,0.1498437729303409,0.0
15020,1.0,0.05,0.00011982978586445384,8.286801047606147,0.0075247597476806065,0.1498437729303409,0.0
15021,1.0,0.05,0.00011982978586445384,8.286801047606147,0.006466497526883573,0.1498437729303409,0.0
15022,1.0,0.05,0.00011982978586445384,8.286801047606147,0.0066083595591587795,0.1498437729303409,0.0
15023,1.0,0.05,0.00011982978586445384,8.286801047606147,0.0066083595591587795,0.1498437729303409,0.0
15024,1.0,0.05,0.00011982978586445384,8.286801047606147,0.0066083595591587795,0.134739801248035,0.0
15025,1.0,0.05,0.00011982978586445384,8.286801047606147,0.0066083595591587795,0.134739801248035,0.0
15026,1.0,0.05,0.00011982978586445384,8.286801047606147,0.0066083595591587795,0.13108888226599047,0.0
15027,1.0,0.05,0.00011982978586445384,8.286801047606147,0.0066083595591587795,0.15425476392051793,0.0
15028,1.0,0.05,0.00011982978586445384,8.286801047606147,0.0066083595591587795,0.15425476392051793,0.0
15029,1.0,0.05,0.00011982978586445384,8.286801047606147,0.006609327773627116,0.15425476392051793,0.0
15030,1.0,0.05,0.00011982978586445384,8.286801047606147,0.006609327773627116,0.15425476392051793,0.0
15031,1.0,0.05,0.00011982978586445384,7.3683261377322395,0.007319726451894535,0.15425476392051793,0.0
15032,1.0,0.05,0.00011982978586445384,11.413173008638026,0.007319726451894535,0.15425476392051793,0.0
15033,1.0,0.05,0.00011982978586445384,11.413173008638026,0.007319726451894535,0.15425476392051793,0.0
15034,1.0,0.05,0.00011982978586445384,11.413173008638026,0.007319726451894535,0.15425476392051793,0.0
15035,1.0,0.05,0.00011982978586445384,10.195917632637205,0.007319726451894535,0.15425476392051793,0.0
15036,1.0,0.05,0.00011982978586445384,10.195917632637205,0.007319726451894535,0.15425476392051793,0.0
15037,1.0,0.05,0.00011982978586445384,10.195917632637205,0.007319726451894535,0.15425476392051793,0.0
15038,1.0,0.05,0.00011982978586445384,10.195917632637205,0.007319726451894535,0.15425476392051793,0.0
15039,1.0,0.05,0.00011982978586445384,10.453340746856114,0.007278710693794912,0.15425476392051793,0.0
15040,1.0,0.05,0.00011982978586445384,10.453340746856114,0.007278710693794912,0.15425476392051793,0.0
15041,1.0,0.05,0.00011982978586445384,10.453340746856114,0.007278710693794912,0.15425476392051793,0.0
15042,1.0,0.05,0.00011982978586445384,10.453340746856114,0.007034619622673641,0.15425476392051793,0.0
15043,1.0,0.05,0.00011982978586445384,10.453340746856114,0.007034619622673641,0.15425476392051793,0.0
15044,1.0,0.05,0.00011982978586445384,6.929793325818295,0.007034619622673641,0.15425476392051793,0.0
15045,1.0,0.05,0.00011982978586445384,8.761743085448458,0.007034619622673641,0.15425476392051793,0.0
15046,1.0,0.05,0.00011982978586445384,8.761743085448458,0.007034619622673641,0.15425476392051793,0.0
15047,1.0,0.05,0.00011982978586445384,8.761743085448458,0.007034619622673641,0.15425476392051793,0.0
15048,1.0,0.05,0.00011982978586445384,8.761743085448458,0.007034619622673641,0.15425476392051793,0.0
15049,1.0,0.05,0.00011982978586445384,8.761743085448458,0.007034619622673641,0.15425476392051793,0.0
15050,1.0,0.05,0.00011982978586445384,8.761743085448458,0.0073248257513862085,0.13615376184999278,0.0
15051,1.0,0.05,0.00011982978586445384,8.761743085448458,0.0073248257513862085,0.13615376184999278,0.0
15052,1.0,0.05,0.00011982978586445384,8.761743085448458,0.0073248257513862085,0.18533950283631223,0.0
15053,1.0,0.05,0.00011982978586445384,8.761743085448458,0.006822337534295741,0.18533950283631223,0.0
15054,1.0,0.05,0.00011982978586445384,4.273113600289776,0.006822337534295741,0.18533950283631223,0.0
15055,1.0,0.05,0.00011982978586445384,4.273113600289776,0.006822337534295741,0.15220887853194778,0.0
15056,1.0,0.05,0.00011982978586445384,14.221932408500408,0.006822337534295741,0.15220887853194778,0.0
15057,1.0,0.05,0.00011982978586445384,20.836064595603858,0.00706454054962599,0.07573085869740576,0.0
15058,1.0,0.05,0.00011982978586445384,14.883242819424453,0.007183431572306141,0.07573085869740576,0.0
15059,1.0,0.05,0.00011982978586445384,14.883242819424453,0.007183431572306141,0.07573085869740576,0.0
15060,1.0,0.05,0.00011982978586445384,14.883242819424453,0.007183431572306141,0.15409177177483235,0.0
15061,1.0,0.05,0.00011982978586445384,14.883242819424453,0.007183431572306141,0.15409177177483235,0.0
15062,1.0,0.05,0.00011982978586445384,14.883242819424453,0.007183431572306141,0.15409177177483235,0.0
15063,1.0,0.05,0.00011982978586445384,8.821713229960281,0.008357918314789074,0.16481290893724826,0.0
15064,1.0,0.05,0.00011982978586445384,8.821713229960281,0.008357918314789074,0.16481290893724826,0.0
15065,1.0,0.05,0.00011982978586445384,8.821713229960281,0.008357918314789074,0.16481290893724826,0.0
15066,1.0,0.05,0.00011982978586445384,8.821713229960281,0.008357918314789074,0.16481290893724826,0.0
15067,1.0,0.05,0.00011982978586445384,8.821713229960281,0.008357918314789074,0.16481290893724826,0.0
15068,1.0,0.05,0.00011982978586445384,8.821713229960281,0.008357918314789074,0.16481290893724826,0.0
15069,1.0,0.05,0.00011982978586445384,8.821713229960281,0.008357918314789074,0.16481290893724826,0.0
15070,1.0,0.05,0.00011982978586445384,8.821713229960281,0.008357918314789074,0.16481290893724826,0.0
15071,1.0,0.05,0.00011982978586445384,8.821713229960281,0.006321374104403748,0.16481290893724826,0.0
15072,1.0,0.05,0.00011982978586445384,8.821713229960281,0.008162521996242103,0.16481290893724826,0.0
15073,1.0,0.05,0.00011982978586445384,8.821713229960281,0.0074818031374591296,0.16481290893724826,0.0
15074,1.0,0.05,0.00011982978586445384,8.821713229960281,0.0074818031374591296,0.16481290893724826,0.0
15075,1.0,0.05,0.00011982978586445384,8.821713229960281,0.0074818031374591296,0.16481290893724826,0.0
15076,1.0,0.05,0.00011982978586445384,8.821713229960281,0.0074818031374591296,0.16481290893724826,0.0
15077,1.0,0.05,0.00011982978586445384,8.821713229960281,0.0074818031374591296,0.16481290893724826,0.0
15078,1.0,0.05,0.00011982978586445384,8.821713229960281,0.0074818031374591296,0.16481290893724826,0.0
15079,1.0,0.05,0.00011982978586445384,8.821713229960281,0.0074818031374591296,0.14400492217193925,0.0
15080,1.0,0.05,0.00011982978586445384,8.821713229960281,0.006568391597185678,0.14400492217193925,0.0
15081,1.0,0.05,0.00011982978586445384,8.821713229960281,0.006568391597185678,0.14400492217193925,0.0
15082,1.0,0.05,0.00011982978586445384,8.821713229960281,0.006568391597185678,0.14400492217193925,0.0
15083,1.0,0.05,0.00011982978586445384,8.821713229960281,0.006568391597185678,0.14400492217193925,0.0
15084,1.0,0.05,0.00011982978586445384,8.821713229960281,0.006568391597185678,0.15081227518343626,0.0
15085,1.0,0.05,0.00011982978586445384,8.821713229960281,0.006568391597185678,0.15081227518343626,0.0
15086,1.0,0.05,0.00011982978586445384,8.821713229960281,0.006568391597185678,0.15081227518343626,0.0
15087,1.0,0.05,0.00011982978586445384,8.821713229960281,0.006568391597185678,0.15081227518343626,0.0
15088,1.0,0.05,0.00011982978586445384,8.821713229960281,0.006568391597185678,0.15081227518343626,0.0
15089,1.0,0.05,0.00011982978586445384,8.821713229960281,0.006228817879646058,0.15081227518343626,0.0
15090,1.0,0.05,0.00011982978586445384,8.821713229960281,0.006228817879646058,0.14256819425874304,0.0
15091,1.0,0.05,0.00011982978586445384,8.821713229960281,0.006228817879646058,0.14572182905199096,0.0
15092,1.0,0.05,0.00011982978586445384,8.821713229960281,0.006980595055375474,0.14572182905199096,0.0
15093,1.0,0.05,0.00011982978586445384,8.821713229960281,0.006980595055375474,0.149845401926408,0.0
15094,1.0,0.05,0.00011982978586445384,8.821713229960281,0.006859534036273815,0.149845401926408,0.0
15095,1.0,0.05,0.00011982978586445384,8.821713229960281,0.006859534036273815,0.149845401926408,0.0
15096,1.0,0.05,0.00011982978586445384,8.821713229960281,0.006859534036273815,0.149845401926408,0.0
15097,1.0,0.05,0.00011982978586445384,8.821713229960281,0.00735522989146597,0.149845401926408,0.0
15098,1.0,0.05,0.00011982978586445384,8.821713229960281,0.00735522989146597,0.15422474739255473,0.0
15099,1.0,0.05,0.00011982978586445384,9.251439781217655,0.00735522989146597,0.15422474739255473,0.0
15100,1.0,0.05,0.00011982978586445384,9.251439781217655,0.00735522989146597,0.15422474739255473,0.0
15101,1.0,0.05,0.00011982978586445384,9.251439781217655,0.00735522989146597,0.15422474739255473,0.0
15102,1.0,0.05,0.00011982978586445384,9.251439781217655,0.00735522989146597,0.15422474739255473,0.0
15103,1.0,0.05,0.00011982978586445384,9.251439781217655,0.00735522989146597,0.15422474739255473,0.0
15104,1.0,0.05,0.00011982978586445384,9.278735634593914,0.00735522989146597,0.15422474739255473,0.0
15105,1.0,0.05,0.00011982978586445384,9.278735634593914,0.00735522989146597,0.15422474739255473,0.0
15106,1.0,0.05,0.00011982978586445384,9.278735634593914,0.00735522989146597,0.15422474739255473,0.0
15107,1.0,0.05,0.00011982978586445384,9.278735634593914,0.006925754279830684,0.15422474739255473,0.0
15108,1.0,0.05,0.00011982978586445384,9.278735634593914,0.006925754279830684,0.15422474739255473,0.0
15109,1.0,0.05,0.00011982978586445384,9.278735634593914,0.006925754279830684,0.15422474739255473,0.0
15110,1.0,0.05,0.00011982978586445384,9.278735634593914,0.006855416920622909,0.16125562861996673,0.0
15111,1.0,0.05,0.00011982978586445384,9.278735634593914,0.006855416920622909,0.16125562861996673,0.0
15112,1.0,0.05,0.00011982978586445384,9.278735634593914,0.006855416920622909,0.18568389800196278,0.0
15113,1.0,0.05,0.00011982978586445384,9.278735634593914,0.006855416920622909,0.17500060811060458,0.0
15114,1.0,0.05,0.00011982978586445384,9.278735634593914,0.006855416920622909,0.17500060811060458,0.0
15115,1.0,0.05,0.00011982978586445384,9.278735634593914,0.006855416920622909,0.17500060811060458,0.0
15116,1.0,0.05,0.00011982978586445384,9.278735634593914,0.006855416920622909,0.17500060811060458,0.0
15117,1.0,0.05,0.00011982978586445384,9.278735634593914,0.006855416920622909,0.13266355806292665,0.0
15118,1.0,0.05,0.00011982978586445384,9.278735634593914,0.006855416920622909,0.13266355806292665,0.0
15119,1.0,0.05,0.00011982978586445384,9.278735634593914,0.006996990501750343,0.13266355806292665,0.0
15120,1.0,0.05,0.00011982978586445384,9.278735634593914,0.006996990501750343,0.13266355806292665,0.0
15121,1.0,0.05,0.00011982978586445384,9.278735634593914,0.007088351936968901,0.13266355806292665,0.0
15122,1.0,0.05,0.00011982978586445384,9.278735634593914,0.007122854760378321,0.13266355806292665,0.0
15123,1.0,0.05,0.00012080119432030292,9.278735634593914,0.007122854760378321,0.13266355806292665,0.0
15124,1.0,0.05,0.00012080119432030292,9.278735634593914,0.007122854760378321,0.13266355806292665,0.0
15125,1.0,0.05,0.00012080119432030292,9.278735634593914,0.007122854760378321,0.13266355806292665,0.0
15126,1.0,0.05,0.00012080119432030292,9.278735634593914,0.007122854760378321,0.13266355806292665,0.0
15127,1.0,0.05,0.00012080119432030292,9.278735634593914,0.007554715631870841,0.13266355806292665,0.0
15128,1.0,0.05,0.00012080119432030292,9.278735634593914,0.007578629166290257,0.13266355806292665,0.0
15129,1.0,0.05,0.00012080119432030292,9.278735634593914,0.007578629166290257,0.13185170869678323,0.0
15130,1.0,0.05,0.00012080119432030292,9.278735634593914,0.007578629166290257,0.13185170869678323,0.0
15131,1.0,0.05,0.00012080119432030292,9.278735634593914,0.006673275665802863,0.13185170869678323,0.0
15132,1.0,0.05,0.00012080119432030292,9.762921214314304,0.006673275665802863,0.13185170869678323,0.0
15133,1.0,0.05,0.00012080119432030292,9.762921214314304,0.006673275665802863,0.13185170869678323,0.0
15134,1.0,0.05,0.00012080119432030292,9.762921214314304,0.006673275665802863,0.13185170869678323,0.0
15135,1.0,0.05,0.00012080119432030292,9.762921214314304,0.007396248321478374,0.13185170869678323,0.0
15136,1.0,0.05,0.00012080119432030292,9.762921214314304,0.006654967275280713,0.13185170869678323,0.0
15137,1.0,0.05,0.00012080119432030292,9.762921214314304,0.006654967275280713,0.13185170869678323,0.0
15138,1.0,0.05,0.00012080119432030292,9.762921214314304,0.006654967275280713,0.13185170869678323,0.0
15139,1.0,0.05,0.00012080119432030292,9.762921214314304,0.006654967275280713,0.13185170869678323,0.0
15140,1.0,0.05,0.00012080119432030292,9.762921214314304,0.006654967275280713,0.12298918062914264,0.0
15141,1.0,0.05,0.0001221652739025633,9.762921214314304,0.006654967275280713,0.12298918062914264,0.0
15142,1.0,0.05,0.0001221652739025633,9.762921214314304,0.006654967275280713,0.12298918062914264,0.0
15143,1.0,0.05,0.0001221652739025633,12.034390688051161,0.006654967275280713,0.12298918062914264,0.0
15144,1.0,0.05,0.0001221652739025633,12.034390688051161,0.006654967275280713,0.12298918062914264,0.0
15145,1.0,0.05,0.0001221652739025633,12.034390688051161,0.006654967275280713,0.12298918062914264,0.0
15146,1.0,0.05,0.0001221652739025633,12.034390688051161,0.006654967275280713,0.12298918062914264,0.0
15147,1.0,0.05,0.0001221652739025633,12.882036769344523,0.007190620467265289,0.12298918062914264,0.0
15148,1.0,0.05,0.0001221652739025633,12.882036769344523,0.007190620467265289,0.12298918062914264,0.0
15149,1.0,0.05,0.00011436727228382123,12.882036769344523,0.007190620467265289,0.12298918062914264,0.0
15150,1.0,0.05,0.00011436727228382123,12.882036769344523,0.007190620467265289,0.12298918062914264,0.0
15151,1.0,0.05,0.00011436727228382123,13.028358924460264,0.007190620467265289,0.12298918062914264,0.0
15152,1.0,0.05,0.0001130119742595713,13.028358924460264,0.007190620467265289,0.12298918062914264,0.0
15153,1.0,0.05,0.00011757919887655876,13.028358924460264,0.007190620467265289,0.12298918062914264,0.0
15154,1.0,0.05,0.00011757919887655876,13.028358924460264,0.007190620467265289,0.12298918062914264,0.0
15155,1.0,0.05,0.00011757919887655876,13.028358924460264,0.007190620467265289,0.12298918062914264,0.0
15156,1.0,0.05,0.00011757919887655876,13.028358924460264,0.007190620467265289,0.12298918062914264,0.0
15157,1.0,0.05,0.00011757919887655876,13.458191238498188,0.007190620467265289,0.12298918062914264,0.0
15158,1.0,0.05,0.00011757919887655876,13.458191238498188,0.007190620467265289,0.12298918062914264,0.0
15159,1.0,0.05,0.00011757919887655876,9.553680167124085,0.00673197423643094,0.12298918062914264,0.0
15160,1.0,0.05,0.00012964228623192173,9.553680167124085,0.00673197423643094,0.12298918062914264,0.0
15161,1.0,0.05,0.00012408874801819877,9.553680167124085,0.00673197423643094,0.12298918062914264,0.0
15162,1.0,0.05,0.00012408874801819877,9.748751636778778,0.00673197423643094,0.12298918062914264,0.0
15163,1.0,0.05,0.00012408874801819877,9.748751636778778,0.00673197423643094,0.12298918062914264,0.0
15164,1.0,0.05,0.00012408874801819877,9.748751636778778,0.00673197423643094,0.12298918062914264,0.0
15165,1.0,0.05,0.00012253347787044778,9.748751636778778,0.00673197423643094,0.12298918062914264,0.0
15166,1.0,0.05,0.00012253347787044778,11.867725783853714,0.00673197423643094,0.12298918062914264,0.0
15167,1.0,0.05,0.00012253347787044778,11.125251912324472,0.00673197423643094,0.12298918062914264,0.0
15168,1.0,0.05,0.00012253347787044778,11.125251912324472,0.006672494746709904,0.12298918062914264,0.0
15169,1.0,0.05,0.00012253347787044778,11.125251912324472,0.006672494746709904,0.12298918062914264,0.0
15170,1.0,0.05,0.00012253347787044778,11.125251912324472,0.006672494746709904,0.12298918062914264,0.0
15171,1.0,0.05,0.00012253347787044778,10.232143640283311,0.006672494746709904,0.12298918062914264,0.0
15172,1.0,0.05,0.00012253347787044778,10.232143640283311,0.006672494746709904,0.12298918062914264,0.0
15173,1.0,0.05,0.00012253347787044778,10.232143640283311,0.005937921321768197,0.1157720302318436,0.0
15174,1.0,0.05,0.00012253347787044778,10.232143640283311,0.007674872801517177,0.1157720302318436,0.0
15175,1.0,0.05,0.00011174179649384542,10.232143640283311,0.007674872801517177,0.159470926818866,0.0
15176,1.0,0.05,0.00011174179649384542,10.232143640283311,0.007674872801517177,0.159470926818866,0.0
15177,1.0,0.05,0.00011174179649384542,10.232143640283311,0.007674872801517177,0.159470926818866,0.0
15178,1.0,0.05,0.00011174179649384542,10.232143640283311,0.007348140035848161,0.159470926818866,0.0
15179,1.0,0.05,0.00011174179649384542,10.232143640283311,0.007348140035848161,0.159470926818866,0.0
15180,1.0,0.05,0.00011174179649384542,10.232143640283311,0.007348140035848161,0.18359718104461634,0.0
15181,1.0,0.05,0.00011174179649384542,10.232143640283311,0.008055299859432132,0.18359718104461634,0.0
15182,1.0,0.05,0.00011174179649384542,10.232143640283311,0.008055299859432132,0.18359718104461634,0.0
15183,1.0,0.05,0.00011174179649384542,9.318995713419326,0.007629432090664231,0.18359718104461634,0.0
15184,1.0,0.05,0.00011174179649384542,9.318995713419326,0.007629432090664231,0.18359718104461634,0.0
15185,1.0,0.05,0.00011174179649384542,9.318995713419326,0.007629432090664231,0.18359718104461634,0.0
15186,1.0,0.05,0.00011174179649384542,9.318995713419326,0.007976799459887173,0.18359718104461634,0.0
15187,1.0,0.05,0.00011289560171163421,9.318995713419326,0.007976799459887173,0.1706589128746035,0.0
15188,1.0,0.05,0.00011289560171163421,15.908027064577652,0.007976799459887173,0.1706589128746035,0.0
15189,1.0,0.05,0.00011289560171163421,15.908027064577652,0.007976799459887173,0.1706589128746035,0.0
15190,1.0,0.05,0.00011289560171163421,15.908027064577652,0.007976799459887173,0.14615076616509778,0.0
15191,1.0,0.05,0.00010900683607129357,15.908027064577652,0.007976799459887173,0.15299864174827757,0.0
15192,1.0,0.05,0.00010900683607129357,15.908027064577652,0.007976799459887173,0.15299864174827757,0.0
15193,1.0,0.05,0.00010900683607129357,16.253769272458825,0.007976799459887173,0.15299864174827757,0.0
15194,1.0,0.05,0.00010900683607129357,16.253769272458825,0.007976799459887173,0.15299864174827757,0.0
15195,1.0,0.05,0.00010900683607129357,14.63644584137056,0.007976799459887173,0.15299864174827757,0.0
15196,1.0,0.05,0.00010900683607129357,14.63644584137056,0.007976799459887173,0.15299864174827757,0.0
15197,1.0,0.05,0.00011205806413934228,14.63644584137056,0.007976799459887173,0.15299864174827757,0.0
15198,1.0,0.05,0.00011205806413934228,14.63644584137056,0.007976799459887173,0.14515760654682486,0.0
15199,1.0,0.05,0.00011205806413934228,14.63644584137056,0.007976799459887173,0.14515760654682486,0.0
15200,1.0,0.05,0.00011205806413934228,14.63644584137056,0.006955789978516482,0.14515760654682486,0.0
15201,1.0,0.05,0.00011205806413934228,14.63644584137056,0.006955789978516482,0.14515760654682486,0.0
15202,1.0,0.05,0.00011205806413934228,14.63644584137056,0.006955789978516482,0.16250335547946948,0.0
15203,1.0,0.05,0.00011205806413934228,14.63644584137056,0.006955789978516482,0.16250335547946948,0.0
15204,1.0,0.05,0.00011205806413934228,14.63644584137056,0.006955789978516482,0.16250335547946948,0.0
15205,1.0,0.05,0.00010929692867652516,14.63644584137056,0.008612064255327902,0.16250335547946948,0.0
15206,1.0,0.05,0.00010929692867652516,14.63644584137056,0.008612064255327902,0.16250335547946948,0.0
15207,1.0,0.05,0.00010929692867652516,14.63644584137056,0.008612064255327902,0.16250335547946948,0.0
15208,1.0,0.05,0.00010929692867652516,14.63644584137056,0.008612064255327902,0.16250335547946948,0.0
15209,1.0,0.05,0.00010929692867652516,14.63644584137056,0.008612064255327902,0.16250335547946948,0.0
15210,1.0,0.05,0.00010929692867652516,14.63644584137056,0.008612064255327902,0.17492512395508675,0.0
15211,1.0,0.05,0.00010929692867652516,14.63644584137056,0.007489136064257521,0.17492512395508675,0.0
15212,1.0,0.05,0.00010929692867652516,11.98600354294011,0.007489136064257521,0.17492512395508675,0.0
15213,1.0,0.05,0.00010929692867652516,11.98600354294011,0.007489136064257521,0.17492512395508675,0.0
15214,1.0,0.05,0.00010929692867652516,11.98600354294011,0.007489136064257521,0.17492512395508675,0.0
15215,1.0,0.05,0.00010929692867652516,11.98600354294011,0.007489136064257521,0.17492512395508675,0.0
15216,1.0,0.05,0.00010929692867652516,11.98600354294011,0.007489136064257521,0.17492512395508675,0.0
15217,1.0,0.05,0.00010929692867652516,11.98600354294011,0.007489136064257521,0.16720895869670194,0.0
15218,1.0,0.05,0.00010929692867652516,11.98600354294011,0.007489136064257521,0.16720895869670194,0.0
15219,1.0,0.05,0.00010929692867652516,11.98600354294011,0.007489136064257521,0.16720895869670194,0.0
15220,1.0,0.05,0.00010929692867652516,13.565239632881628,0.007749929417248527,0.14810070791572505,0.0
15221,1.0,0.05,0.00010929692867652516,13.565239632881628,0.007933657445021487,0.14810070791572505,0.0
15222,1.0,0.05,0.00011855667776516667,14.07814778699634,0.007933657445021487,0.14810070791572505,0.0
15223,1.0,0.05,0.00011855667776516667,14.07814778699634,0.007308956988601925,0.14810070791572505,0.0
15224,1.0,0.05,0.00011855667776516667,12.760399736498712,0.007308956988601925,0.14810070791572505,0.0
15225,1.0,0.05,0.00011855667776516667,12.760399736498712,0.007308956988601925,0.14810070791572505,0.0
15226,1.0,0.05,0.00011855667776516667,12.760399736498712,0.007308956988601925,0.14810070791572505,0.0
15227,1.0,0.05,0.00011855667776516667,12.760399736498712,0.007308956988601925,0.14810070791572505,0.0
15228,1.0,0.05,0.00011855667776516667,12.760399736498712,0.0076512322717285555,0.14810070791572505,0.0
15229,1.0,0.05,0.00011855667776516667,12.760399736498712,0.008244125348950252,0.14341463597971174,0.0
15230,1.0,0.05,0.00011855667776516667,12.760399736498712,0.0077859760305268545,0.14341463597971174,0.0
15231,1.0,0.05,0.00011855667776516667,12.760399736498712,0.0077859760305268545,0.14341463597971174,0.0
15232,1.0,0.05,0.00011855667776516667,12.760399736498712,0.0077859760305268545,0.14341463597971174,0.0
15233,1.0,0.05,0.00011855667776516667,12.760399736498712,0.007020897369659519,0.14341463597971174,0.0
15234,1.0,0.05,0.00011855667776516667,12.760399736498712,0.007020897369659519,0.14341463597971174,0.0
15235,1.0,0.05,0.00011855667776516667,13.650521368037744,0.0073186043530395995,0.14341463597971174,0.0
15236,1.0,0.05,0.00011855667776516667,13.650521368037744,0.0073186043530395995,0.14341463597971174,0.0
15237,1.0,0.05,0.00011855667776516667,13.650521368037744,0.0073186043530395995,0.14341463597971174,0.0
15238,1.0,0.05,0.00011855667776516667,13.650521368037744,0.0073186043530395995,0.14341463597971174,0.0
15239,1.0,0.05,0.00011855667776516667,13.650521368037744,0.0073186043530395995,0.14341463597971174,0.0
15240,1.0,0.05,0.00011855667776516667,13.650521368037744,0.00780899818931686,0.14341463597971174,0.0
15241,1.0,0.05,0.00011855667776516667,13.650521368037744,0.00780899818931686,0.14341463597971174,0.0
15242,1.0,0.05,0.00011855667776516667,13.650521368037744,0.00780899818931686,0.12788335933274267,0.0
15243,1.0,0.05,0.00011855667776516667,13.650521368037744,0.00780899818931686,0.12788335933274267,0.0
15244,1.0,0.05,0.00011830084652715754,13.650521368037744,0.00780899818931686,0.12788335933274267,0.0
15245,1.0,0.05,0.00011830084652715754,13.650521368037744,0.00780899818931686,0.12788335933274267,0.0
15246,1.0,0.05,0.00011830084652715754,13.650521368037744,0.00780899818931686,0.12788335933274267,0.0
15247,1.0,0.05,0.00011830084652715754,11.599079353036785,0.00780899818931686,0.12788335933274267,0.0
15248,1.0,0.05,0.00011830084652715754,11.599079353036785,0.00780899818931686,0.12788335933274267,0.0
15249,1.0,0.05,0.00011830084652715754,11.006395528936451,0.00780899818931686,0.12788335933274267,0.0
15250,1.0,0.05,0.00011830084652715754,14.311267203599655,0.00780899818931686,0.12788335933274267,0.0
15251,1.0,0.05,0.00011830084652715754,14.311267203599655,0.00780899818931686,0.12788335933274267,0.0
15252,1.0,0.05,0.00011830084652715754,13.60460633011256,0.00780899818931686,0.12788335933274267,0.0
15253,1.0,0.05,0.00011830084652715754,13.60460633011256,0.00780899818931686,0.12788335933274267,0.0
15254,1.0,0.05,0.00011830084652715754,13.60460633011256,0.00780899818931686,0.12071748187417808,0.0
15255,1.0,0.05,0.00011830084652715754,13.60460633011256,0.007466271666526255,0.12071748187417808,0.0
15256,1.0,0.05,0.00011830084652715754,13.60460633011256,0.007466271666526255,0.09650732981697102,0.0
15257,1.0,0.05,0.00011830084652715754,13.60460633011256,0.007466271666526255,0.09650732981697102,0.0
15258,1.0,0.05,0.00011830084652715754,13.60460633011256,0.007466271666526255,0.12646898922466604,0.0
15259,1.0,0.05,0.00011830084652715754,13.60460633011256,0.007466271666526255,0.12646898922466604,0.0
15260,1.0,0.05,0.00011830084652715754,13.60460633011256,0.007466271666526255,0.12646898922466604,0.0
15261,1.0,0.05,0.00011830084652715754,13.60460633011256,0.0077438793148877595,0.1140753505055981,0.0
15262,1.0,0.05,0.00011830084652715754,14.512811961179835,0.0077438793148877595,0.1140753505055981,0.0
15263,1.0,0.05,0.00011830084652715754,14.512811961179835,0.0077438793148877595,0.1140753505055981,0.0
15264,1.0,0.05,0.00011830084652715754,14.512811961179835,0.0077438793148877595,0.1140753505055981,0.0
15265,1.0,0.05,0.00011830084652715754,14.512811961179835,0.0077438793148877595,0.1140753505055981,0.0
15266,1.0,0.05,0.00011830084652715754,14.512811961179835,0.0077438793148877595,0.1140753505055981,0.0
15267,1.0,0.05,0.00011830084652715754,14.512811961179835,0.0077438793148877595,0.1140753505055981,0.0
15268,1.0,0.05,0.00011830084652715754,14.512811961179835,0.0077438793148877595,0.1140753505055981,0.0
15269,1.0,0.05,0.00011830084652715754,14.512811961179835,0.0077438793148877595,0.1140753505055981,0.0
15270,1.0,0.05,0.00011830084652715754,14.512811961179835,0.0077438793148877595,0.1140753505055981,0.0
15271,1.0,0.05,0.00011830084652715754,14.512811961179835,0.0075369687915495046,0.1140753505055981,0.0
15272,1.0,0.05,0.00011830084652715754,14.512811961179835,0.0075369687915495046,0.1140753505055981,0.0
15273,1.0,0.05,0.00011830084652715754,14.512811961179835,0.0075369687915495046,0.1140753505055981,0.0
15274,1.0,0.05,0.00011830084652715754,14.33135401596077,0.007204294308435841,0.1140753505055981,0.0
15275,1.0,0.05,0.00011830084652715754,14.33135401596077,0.007204294308435841,0.1140753505055981,0.0
15276,1.0,0.05,0.00011830084652715754,14.33135401596077,0.007204294308435841,0.1140753505055981,0.0
15277,1.0,0.05,0.00011830084652715754,14.33135401596077,0.007204294308435841,0.1140753505055981,0.0
15278,1.0,0.05,0.00011830084652715754,14.33135401596077,0.007204294308435841,0.1319213908657329,0.0
15279,1.0,0.05,0.00012055036782489903,8.757548922970983,0.007204294308435841,0.1319213908657329,0.0
15280,1.0,0.05,0.00012055036782489903,8.757548922970983,0.007204294308435841,0.1319213908657329,0.0
15281,1.0,0.05,0.00012055036782489903,8.757548922970983,0.006805260208067998,0.1319213908657329,0.0
15282,1.0,0.05,0.00012347490809095355,8.757548922970983,0.006805260208067998,0.1319213908657329,0.0
15283,1.0,0.05,0.00012347490809095355,8.757548922970983,0.006805260208067998,0.1319213908657329,0.0
15284,1.0,0.05,0.00012347490809095355,8.757548922970983,0.006805260208067998,0.1319213908657329,0.0
15285,1.0,0.05,0.00012347490809095355,8.757548922970983,0.006805260208067998,0.1319213908657329,0.0
15286,1.0,0.05,0.00012347490809095355,8.757548922970983,0.006805260208067998,0.1319213908657329,0.0
15287,1.0,0.05,0.00012347490809095355,8.757548922970983,0.006805260208067998,0.1319213908657329,0.0
15288,1.0,0.05,0.00012347490809095355,8.757548922970983,0.006805260208067998,0.1319213908657329,0.0
15289,1.0,0.05,0.00012347490809095355,8.757548922970983,0.006805260208067998,0.1319213908657329,0.0
15290,1.0,0.05,0.00012347490809095355,8.757548922970983,0.0066637818354097714,0.1319213908657329,0.0
15291,1.0,0.05,0.00012347490809095355,8.757548922970983,0.0066637818354097714,0.1319213908657329,0.0
15292,1.0,0.05,0.00012347490809095355,8.757548922970983,0.0066637818354097714,0.1319213908657329,0.0
15293,1.0,0.05,0.00012347490809095355,8.757548922970983,0.0066637818354097714,0.13382626424060334,0.0
15294,1.0,0.05,0.00012347490809095355,10.660549248775837,0.0066637818354097714,0.13006161205471717,0.0
15295,1.0,0.05,0.00012347490809095355,10.660549248775837,0.0066637818354097714,0.13006161205471717,0.0
15296,1.0,0.05,0.00012347490809095355,10.660549248775837,0.0066637818354097714,0.11606039410308122,0.0
15297,1.0,0.05,0.00012347490809095355,10.660549248775837,0.0066637818354097714,0.11912438734222058,0.0
15298,1.0,0.05,0.00011429253662257133,10.660549248775837,0.006965854030816735,0.11912438734222058,0.0
15299,1.0,0.05,0.00011429253662257133,8.653378285499926,0.006965854030816735,0.11912438734222058,0.0
15300,1.0,0.05,0.00011429253662257133,8.653378285499926,0.006965854030816735,0.11912438734222058,0.0
15301,1.0,0.05,0.00011429253662257133,8.653378285499926,0.007693446954192592,0.12909710458521692,0.0
15302,1.0,0.05,0.00011429253662257133,8.653378285499926,0.007693446954192592,0.18264726236299428,0.0
15303,1.0,0.05,0.00011215803559755484,8.653378285499926,0.007693446954192592,0.18264726236299428,0.0
15304,1.0,0.05,0.00011215803559755484,8.653378285499926,0.007693446954192592,0.18264726236299428,0.0
15305,1.0,0.05,0.00011215803559755484,8.653378285499926,0.007693446954192592,0.22788399372877075,0.0
15306,1.0,0.05,0.00011215803559755484,8.653378285499926,0.007693446954192592,0.22788399372877075,0.0
15307,1.0,0.05,0.00011215803559755484,7.784625152475712,0.007693446954192592,0.22788399372877075,0.0
15308,1.0,0.05,0.00011215803559755484,7.784625152475712,0.007693446954192592,0.22788399372877075,0.0
15309,1.0,0.05,0.00011215803559755484,7.784625152475712,0.007693446954192592,0.22788399372877075,0.0
15310,1.0,0.05,0.00011215803559755484,7.784625152475712,0.007693446954192592,0.19129166716080903,0.0
15311,1.0,0.05,0.00011215803559755484,7.784625152475712,0.007693446954192592,0.18478430048247013,0.0
15312,1.0,0.05,0.00011215803559755484,7.784625152475712,0.007693446954192592,0.18478430048247013,0.0
15313,1.0,0.05,0.00011215803559755484,7.784625152475712,0.007822614579660577,0.18478430048247013,0.0
15314,1.0,0.05,0.00011215803559755484,7.784625152475712,0.007314727300346865,0.19362535649892432,0.0
15315,1.0,0.05,0.00011215803559755484,11.349386656208708,0.007314727300346865,0.19362535649892432,0.0
15316,1.0,0.05,0.00011215803559755484,8.899321564138106,0.007314727300346865,0.19362535649892432,0.0
15317,1.0,0.05,0.00011440944358668139,8.899321564138106,0.007314727300346865,0.17862165487487594,0.0
15318,1.0,0.05,0.00011440944358668139,8.899321564138106,0.007314727300346865,0.15387819849484338,0.0
15319,1.0,0.05,0.00011440944358668139,8.899321564138106,0.007314727300346865,0.15387819849484338,0.0
15320,1.0,0.05,0.00011440944358668139,8.899321564138106,0.007314727300346865,0.15387819849484338,0.0
15321,1.0,0.05,0.00011440944358668139,8.899321564138106,0.007921272684220758,0.15387819849484338,0.0
15322,1.0,0.05,0.00011440944358668139,8.899321564138106,0.007662525081591081,0.1982013999174813,0.0
15323,1.0,0.05,0.00011440944358668139,8.899321564138106,0.007662525081591081,0.1982013999174813,0.0
15324,1.0,0.05,0.00011440944358668139,8.804288510500882,0.007596225750689437,0.1982013999174813,0.0
15325,1.0,0.05,0.00011440944358668139,8.804288510500882,0.007335193709701489,0.14965686847771986,0.0
15326,1.0,0.05,0.00011440944358668139,8.804288510500882,0.007335193709701489,0.14965686847771986,0.0
15327,1.0,0.05,0.00011440944358668139,8.804288510500882,0.007335193709701489,0.14965686847771986,0.0
15328,1.0,0.05,0.00011440944358668139,8.804288510500882,0.007335193709701489,0.14965686847771986,0.0
15329,1.0,0.05,0.00011440944358668139,8.804288510500882,0.006760532573323166,0.14965686847771986,0.0
15330,1.0,0.05,0.00011440944358668139,8.804288510500882,0.008384778510976763,0.16234472326556756,0.0
15331,1.0,0.05,0.00011440944358668139,8.804288510500882,0.008384778510976763,0.16234472326556756,0.0
15332,1.0,0.05,0.00011440944358668139,8.804288510500882,0.008384778510976763,0.16234472326556756,0.0
15333,1.0,0.05,0.00011440944358668139,8.804288510500882,0.008384778510976763,0.22948196830572637,0.0
15334,1.0,0.05,0.00011440944358668139,8.804288510500882,0.008384778510976763,0.22948196830572637,0.0
15335,1.0,0.05,0.00011440944358668139,8.804288510500882,0.007259592702979454,0.23329399280970706,0.0
15336,1.0,0.05,0.00011440944358668139,8.804288510500882,0.007259592702979454,0.16883219546008574,0.0
15337,1.0,0.05,0.00011440944358668139,8.804288510500882,0.007259592702979454,0.16883219546008574,0.0
15338,1.0,0.05,0.00011440944358668139,8.804288510500882,0.00791023579792308,0.16883219546008574,0.0
15339,1.0,0.05,0.00011440944358668139,8.804288510500882,0.00791023579792308,0.16883219546008574,0.0
15340,1.0,0.05,0.00011440944358668139,8.804288510500882,0.00791023579792308,0.16883219546008574,0.0
15341,1.0,0.05,0.00011440944358668139,8.869780542816969,0.00791023579792308,0.16883219546008574,0.0
15342,1.0,0.05,0.00011440944358668139,8.869780542816969,0.007697788556739199,0.16883219546008574,0.0
15343,1.0,0.05,0.00011440944358668139,8.869780542816969,0.007697788556739199,0.16883219546008574,0.0
15344,1.0,0.05,0.00011440944358668139,8.869780542816969,0.007697788556739199,0.16883219546008574,0.0
15345,1.0,0.05,0.00011440944358668139,8.869780542816969,0.007697788556739199,0.16883219546008574,0.0
15346,1.0,0.05,0.00011440944358668139,8.869780542816969,0.007697788556739199,0.16883219546008574,0.0
15347,1.0,0.05,0.00011440944358668139,8.869780542816969,0.007697788556739199,0.16883219546008574,0.0
15348,1.0,0.05,0.00011440944358668139,9.589750535761794,0.007697788556739199,0.16883219546008574,0.0
15349,1.0,0.05,0.00011440944358668139,11.337730539377702,0.007697788556739199,0.18044262199805994,0.0
15350,1.0,0.05,0.00011440944358668139,11.337730539377702,0.007697788556739199,0.18044262199805994,0.0
15351,1.0,0.05,0.00011440944358668139,11.337730539377702,0.007697788556739199,0.18044262199805994,0.0
15352,1.0,0.05,0.00011440944358668139,7.978747844187083,0.007697788556739199,0.18044262199805994,0.0
15353,1.0,0.05,0.00011440944358668139,7.978747844187083,0.007697788556739199,0.18044262199805994,0.0
15354,1.0,0.05,0.00011440944358668139,7.978747844187083,0.007697788556739199,0.18044262199805994,0.0
15355,1.0,0.05,0.00011440944358668139,7.978747844187083,0.007697788556739199,0.18044262199805994,0.0
15356,1.0,0.05,0.00011440944358668139,7.978747844187083,0.007471801877406986,0.18044262199805994,0.0
15357,1.0,0.05,0.00011440944358668139,7.978747844187083,0.007471801877406986,0.18044262199805994,0.0
15358,1.0,0.05,0.00011440944358668139,7.978747844187083,0.007471801877406986,0.16289653153338135,0.0
15359,1.0,0.05,0.00011440944358668139,7.978747844187083,0.007471801877406986,0.16289653153338135,0.0
15360,1.0,0.05,0.00011440944358668139,7.978747844187083,0.007471801877406986,0.16289653153338135,0.0
15361,1.0,0.05,0.00011440944358668139,7.978747844187083,0.007471801877406986,0.16289653153338135,0.0
15362,1.0,0.05,0.00011440944358668139,7.2625462778298555,0.007414506988667896,0.16289653153338135,0.0
15363,1.0,0.05,0.00011440944358668139,7.2625462778298555,0.007414506988667896,0.16289653153338135,0.0
15364,1.0,0.05,0.00011440944358668139,7.2625462778298555,0.007414506988667896,0.16289653153338135,0.0
15365,1.0,0.05,0.00011440944358668139,7.2625462778298555,0.007414506988667896,0.16289653153338135,0.0
15366,1.0,0.05,0.00011440944358668139,7.2625462778298555,0.007414506988667896,0.16289653153338135,0.0
15367,1.0,0.05,0.00011440944358668139,7.2625462778298555,0.008041453692012136,0.16289653153338135,0.0
15368,1.0,0.05,0.00011440944358668139,7.2625462778298555,0.008084929725138672,0.16289653153338135,0.0
15369,1.0,0.05,0.00011440944358668139,7.2625462778298555,0.006524447256578701,0.16289653153338135,0.0
15370,1.0,0.05,0.00011440944358668139,7.2625462778298555,0.006524447256578701,0.16289653153338135,0.0
15371,1.0,0.05,0.00011440944358668139,7.2625462778298555,0.006524447256578701,0.16289653153338135,0.0
15372,1.0,0.05,0.00011440944358668139,12.665832916035043,0.007654001193635104,0.16289653153338135,0.0
15373,1.0,0.05,0.00011512563241015402,12.665832916035043,0.007654001193635104,0.17295875854672754,0.0
15374,1.0,0.05,0.00011512563241015402,12.665832916035043,0.007808803955853284,0.17295875854672754,0.0
15375,1.0,0.05,0.00011512563241015402,12.665832916035043,0.007808803955853284,0.17295875854672754,0.0
15376,1.0,0.05,0.00011512563241015402,12.665832916035043,0.007808803955853284,0.10793973402125553,0.0
15377,1.0,0.05,0.00011512563241015402,12.665832916035043,0.007808803955853284,0.10793973402125553,0.0
15378,1.0,0.05,0.00011512563241015402,12.665832916035043,0.007808803955853284,0.10793973402125553,0.0
15379,1.0,0.05,0.00011512563241015402,12.665832916035043,0.0071569316050758645,0.10793973402125553,0.0
15380,1.0,0.05,0.00011512563241015402,12.665832916035043,0.0071569316050758645,0.10793973402125553,0.0
15381,1.0,0.05,0.00011512563241015402,12.665832916035043,0.0071569316050758645,0.09607254641837452,0.0
15382,1.0,0.05,0.00011512563241015402,12.665832916035043,0.0071569316050758645,0.15481499629638534,0.0
15383,1.0,0.05,0.00011512563241015402,12.665832916035043,0.0071569316050758645,0.15481499629638534,0.0
15384,1.0,0.05,0.00011512563241015402,12.665832916035043,0.0071569316050758645,0.15481499629638534,0.0
15385,1.0,0.05,0.00011512563241015402,12.665832916035043,0.0071569316050758645,0.15481499629638534,0.0
15386,1.0,0.05,0.00011512563241015402,12.665832916035043,0.008354110419117574,0.15481499629638534,0.0
15387,1.0,0.05,0.00011512563241015402,12.665832916035043,0.008354110419117574,0.15481499629638534,0.0
15388,1.0,0.05,0.00011512563241015402,12.665832916035043,0.008354110419117574,0.15481499629638534,0.0
15389,1.0,0.05,0.00011512563241015402,12.665832916035043,0.008354110419117574,0.15481499629638534,0.0
15390,1.0,0.05,0.00011512563241015402,12.665832916035043,0.008354110419117574,0.15481499629638534,0.0
15391,1.0,0.05,0.00011512563241015402,12.665832916035043,0.008321617850142902,0.15481499629638534,0.0
15392,1.0,0.05,0.00011512563241015402,8.297343862580433,0.008321617850142902,0.15481499629638534,0.0
15393,1.0,0.05,0.00011512563241015402,8.297343862580433,0.008321617850142902,0.1928442076446825,0.0
15394,1.0,0.05,0.00011512563241015402,8.297343862580433,0.008321617850142902,0.1928442076446825,0.0
15395,1.0,0.05,0.00011244627327091492,8.297343862580433,0.008321617850142902,0.1928442076446825,0.0
15396,1.0,0.05,0.00011244627327091492,8.297343862580433,0.008075816369444074,0.1928442076446825,0.0
15397,1.0,0.05,0.00011244627327091492,8.297343862580433,0.008075816369444074,0.1928442076446825,0.0
15398,1.0,0.05,0.00011530492648198054,8.297343862580433,0.008075816369444074,0.1928442076446825,0.0
15399,1.0,0.05,0.00011530492648198054,8.297343862580433,0.008075816369444074,0.1928442076446825,0.0
15400,1.0,0.05,0.00011530492648198054,8.297343862580433,0.008075816369444074,0.1928442076446825,0.0
15401,1.0,0.05,0.00011530492648198054,8.297343862580433,0.008075816369444074,0.1577484215386654,0.0
15402,1.0,0.05,0.00011530492648198054,8.297343862580433,0.00717720932116441,0.1577484215386654,0.0
15403,1.0,0.05,0.00011530492648198054,8.297343862580433,0.00717720932116441,0.1470438359052194,0.0
15404,1.0,0.05,0.00011530492648198054,8.297343862580433,0.00717720932116441,0.1470438359052194,0.0
15405,1.0,0.05,0.00011530492648198054,8.297343862580433,0.006967759424435187,0.1470438359052194,0.0
15406,1.0,0.05,0.00011530492648198054,8.297343862580433,0.006967759424435187,0.137959130474751,0.0
15407,1.0,0.05,0.00011995591301383313,8.297343862580433,0.007188177355455474,0.137959130474751,0.0
15408,1.0,0.05,0.00011995591301383313,8.297343862580433,0.007188177355455474,0.137959130474751,0.0
15409,1.0,0.05,0.00011995591301383313,8.297343862580433,0.007534535329024296,0.19740087083357796,0.0
15410,1.0,0.05,0.00011995591301383313,8.297343862580433,0.007534535329024296,0.19740087083357796,0.0
15411,1.0,0.05,0.00011995591301383313,8.297343862580433,0.007534535329024296,0.19740087083357796,0.0
15412,1.0,0.05,0.00011236513957895396,8.297343862580433,0.007534535329024296,0.19740087083357796,0.0
15413,1.0,0.05,0.00011236513957895396,8.297343862580433,0.007534535329024296,0.19740087083357796,0.0
15414,1.0,0.05,0.00011236513957895396,8.297343862580433,0.007534535329024296,0.19740087083357796,0.0
15415,1.0,0.05,0.00011236513957895396,8.297343862580433,0.007534535329024296,0.19740087083357796,0.0
15416,1.0,0.05,0.00011595575039669221,8.297343862580433,0.007534535329024296,0.19740087083357796,0.0
15417,1.0,0.05,0.00011595575039669221,6.182712826298257,0.007534535329024296,0.19740087083357796,0.0
15418,1.0,0.05,0.00011595575039669221,6.182712826298257,0.007534535329024296,0.13827921142223704,0.0
15419,1.0,0.05,0.00011595575039669221,6.182712826298257,0.00645603342392429,0.13827921142223704,0.0
15420,1.0,0.05,0.00011595575039669221,6.182712826298257,0.00645603342392429,0.13827921142223704,0.0
15421,1.0,0.05,0.00011595575039669221,6.182712826298257,0.00645603342392429,0.13827921142223704,0.0
15422,1.0,0.05,0.00011595575039669221,10.873388370892073,0.00645603342392429,0.13827921142223704,0.0
15423,1.0,0.05,0.00011595575039669221,10.873388370892073,0.006568522487049023,0.13827921142223704,0.0
15424,1.0,0.05,0.00011595575039669221,10.873388370892073,0.006573450208575789,0.13827921142223704,0.0
15425,1.0,0.05,0.00011595575039669221,11.319120352896135,0.006573450208575789,0.13827921142223704,0.0
15426,1.0,0.05,0.00011595575039669221,11.319120352896135,0.006573450208575789,0.13827921142223704,0.0
15427,1.0,0.05,0.00011716755369439837,11.319120352896135,0.006573450208575789,0.13827921142223704,0.0
15428,1.0,0.05,0.00011716755369439837,11.319120352896135,0.006573450208575789,0.14147231251650014,0.0
15429,1.0,0.05,0.00011716755369439837,11.319120352896135,0.006573450208575789,0.14147231251650014,0.0
15430,1.0,0.05,0.00011716755369439837,11.319120352896135,0.006573450208575789,0.14147231251650014,0.0
15431,1.0,0.05,0.00011716755369439837,11.319120352896135,0.006573450208575789,0.14147231251650014,0.0
15432,1.0,0.05,0.00011716755369439837,11.375402213314771,0.006573450208575789,0.13578871445128182,0.0
15433,1.0,0.05,0.00011716755369439837,11.375402213314771,0.006573450208575789,0.13578871445128182,0.0
15434,1.0,0.05,0.0001253231980052016,10.039468254764628,0.006573450208575789,0.13578871445128182,0.0
15435,1.0,0.05,0.0001253231980052016,10.039468254764628,0.006573450208575789,0.13578871445128182,0.0
15436,1.0,0.05,0.0001253231980052016,10.6597145311123,0.006573450208575789,0.13578871445128182,0.0
15437,1.0,0.05,0.0001253231980052016,10.6597145311123,0.006573450208575789,0.13578871445128182,0.0
15438,1.0,0.05,0.0001174859191060511,10.176063388872095,0.006573450208575789,0.13578871445128182,0.0
15439,1.0,0.05,0.00011678919266056214,10.176063388872095,0.006573450208575789,0.13578871445128182,0.0
15440,1.0,0.05,0.00011678919266056214,10.176063388872095,0.006573450208575789,0.14501433119245866,0.0
15441,1.0,0.05,0.00011678919266056214,11.14271723849427,0.006573450208575789,0.14501433119245866,0.0
15442,1.0,0.05,0.00011678919266056214,11.14271723849427,0.006573450208575789,0.14501433119245866,0.0
15443,1.0,0.05,0.00011678919266056214,11.14271723849427,0.006573450208575789,0.15983036196395012,0.0
15444,1.0,0.05,0.00011678919266056214,11.14271723849427,0.006573450208575789,0.15983036196395012,0.0
15445,1.0,0.05,0.00011678919266056214,11.14271723849427,0.007658577694716799,0.15983036196395012,0.0
15446,1.0,0.05,0.00011678919266056214,11.14271723849427,0.007658577694716799,0.15983036196395012,0.0
15447,1.0,0.05,0.00011678919266056214,11.14271723849427,0.007658577694716799,0.15983036196395012,0.0
15448,1.0,0.05,0.00012130551777905308,11.14271723849427,0.006860843236432059,0.15983036196395012,0.0
15449,1.0,0.05,0.00012130551777905308,11.14271723849427,0.006860843236432059,0.15983036196395012,0.0
15450,1.0,0.05,0.00012130551777905308,11.14271723849427,0.006860843236432059,0.15983036196395012,0.0
15451,1.0,0.05,0.00012130551777905308,11.14271723849427,0.006860843236432059,0.08255822209402076,0.0
15452,1.0,0.05,0.00012252626225267717,11.14271723849427,0.006860843236432059,0.11027592082685068,0.0
15453,1.0,0.05,0.00012252626225267717,11.14271723849427,0.006860843236432059,0.11027592082685068,0.0
15454,1.0,0.05,0.00012252626225267717,11.14271723849427,0.006860843236432059,0.11027592082685068,0.0
15455,1.0,0.05,0.00012252626225267717,11.14271723849427,0.006860843236432059,0.12752911545470058,0.0
15456,1.0,0.05,0.00012252626225267717,11.14271723849427,0.0072364711754927934,0.12752911545470058,0.0
15457,1.0,0.05,0.00012252626225267717,11.14271723849427,0.006919053496321009,0.12752911545470058,0.0
15458,1.0,0.05,0.00012252626225267717,11.14271723849427,0.006919053496321009,0.12912057988318554,0.0
15459,1.0,0.05,0.0001225702279864759,11.14271723849427,0.006919053496321009,0.12912057988318554,0.0
15460,1.0,0.05,0.0001225702279864759,11.14271723849427,0.006919053496321009,0.12912057988318554,0.0
15461,1.0,0.05,0.0001225702279864759,11.14271723849427,0.006919053496321009,0.12912057988318554,0.0
15462,1.0,0.05,0.0001225702279864759,11.14271723849427,0.006919053496321009,0.12912057988318554,0.0
15463,1.0,0.05,0.0001225702279864759,11.14271723849427,0.006919053496321009,0.12912057988318554,0.0
15464,1.0,0.05,0.0001225702279864759,11.14271723849427,0.006919053496321009,0.12912057988318554,0.0
15465,1.0,0.05,0.0001225702279864759,11.14271723849427,0.006919053496321009,0.12912057988318554,0.0
15466,1.0,0.05,0.0001225702279864759,11.14271723849427,0.006725788549192109,0.12912057988318554,0.0
15467,1.0,0.05,0.0001225702279864759,12.530520601218086,0.006725788549192109,0.12912057988318554,0.0
15468,1.0,0.05,0.0001225702279864759,12.530520601218086,0.006725788549192109,0.12912057988318554,0.0
15469,1.0,0.05,0.0001225702279864759,12.530520601218086,0.006725788549192109,0.12912057988318554,0.0
15470,1.0,0.05,0.0001225702279864759,12.530520601218086,0.007172808427234476,0.12912057988318554,0.0
15471,1.0,0.05,0.00012347610120903353,12.530520601218086,0.007172808427234476,0.12912057988318554,0.0
15472,1.0,0.05,0.00011594242227671698,12.530520601218086,0.007172808427234476,0.12912057988318554,0.0
15473,1.0,0.05,0.00011594242227671698,12.530520601218086,0.007172808427234476,0.12912057988318554,0.0
15474,1.0,0.05,0.00011594242227671698,12.530520601218086,0.007172808427234476,0.12912057988318554,0.0
15475,1.0,0.05,0.00011594242227671698,13.719328212657373,0.007172808427234476,0.12912057988318554,0.0
15476,1.0,0.05,0.00011594242227671698,13.719328212657373,0.007172808427234476,0.12912057988318554,0.0
15477,1.0,0.05,0.00011594242227671698,13.719328212657373,0.007172808427234476,0.12912057988318554,0.0
15478,1.0,0.05,0.00011594242227671698,13.719328212657373,0.007172808427234476,0.12912057988318554,0.0
15479,1.0,0.05,0.00011594242227671698,13.719328212657373,0.007172808427234476,0.12912057988318554,0.0
15480,1.0,0.05,0.00011594242227671698,13.719328212657373,0.007172808427234476,0.12912057988318554,0.0
15481,1.0,0.05,0.00011594242227671698,13.719328212657373,0.007172808427234476,0.13227883056297507,0.0
15482,1.0,0.05,0.00011594242227671698,13.719328212657373,0.007172808427234476,0.12188199484750285,0.0
15483,1.0,0.05,0.00011594242227671698,13.719328212657373,0.007172808427234476,0.12188199484750285,0.0
15484,1.0,0.05,0.00012129849288453569,13.719328212657373,0.0077100465011362635,0.12188199484750285,0.0
15485,1.0,0.05,0.00012129849288453569,13.719328212657373,0.0077100465011362635,0.12188199484750285,0.0
15486,1.0,0.05,0.00012129849288453569,13.719328212657373,0.007709120707495709,0.12188199484750285,0.0
15487,1.0,0.05,0.00012129849288453569,14.520749702245283,0.006346631495404823,0.10270138321425895,0.0
15488,1.0,0.05,0.00011213721313028896,14.520749702245283,0.007470230806544344,0.10270138321425895,0.0
15489,1.0,0.05,0.00011213721313028896,21.540375787408877,0.007470230806544344,0.10270138321425895,0.0
15490,1.0,0.05,0.00011213721313028896,21.540375787408877,0.008047276806681939,0.10270138321425895,0.0
15491,1.0,0.05,0.00011213721313028896,21.540375787408877,0.008047276806681939,0.10270138321425895,0.0
15492,1.0,0.05,0.00011213721313028896,21.540375787408877,0.008126998354049944,0.10270138321425895,0.0
15493,1.0,0.05,0.00011213721313028896,17.168692163519665,0.008126998354049944,0.10270138321425895,0.0
15494,1.0,0.05,0.00011213721313028896,17.168692163519665,0.008126998354049944,0.1441678742836712,0.0
15495,1.0,0.05,0.00011213721313028896,9.76730233865149,0.008193069380358896,0.1441678742836712,0.0
15496,1.0,0.05,0.00011213721313028896,9.76730233865149,0.008193069380358896,0.1441678742836712,0.0
15497,1.0,0.05,0.00011213721313028896,9.76730233865149,0.008193069380358896,0.1441678742836712,0.0
15498,1.0,0.05,0.00011213721313028896,9.76730233865149,0.008193069380358896,0.20513914103756437,0.0
15499,1.0,0.05,0.00011213721313028896,9.76730233865149,0.008164221876304707,0.20513914103756437,0.0
15500,1.0,0.05,0.00011213721313028896,7.460343684533143,0.00887798527820325,0.20513914103756437,0.0
15501,1.0,0.05,0.00011213721313028896,7.460343684533143,0.00887798527820325,0.20513914103756437,0.0
15502,1.0,0.05,0.00011213721313028896,7.460343684533143,0.007045514926096248,0.19113468301604844,0.0
15503,1.0,0.05,0.00011213721313028896,7.460343684533143,0.007045514926096248,0.19113468301604844,0.0
15504,1.0,0.05,0.00011213721313028896,7.460343684533143,0.007045514926096248,0.19113468301604844,0.0
15505,1.0,0.05,0.00011213721313028896,7.460343684533143,0.007045514926096248,0.19113468301604844,0.0
15506,1.0,0.05,0.00011213721313028896,7.460343684533143,0.007045514926096248,0.19113468301604844,0.0
15507,1.0,0.05,0.00011213721313028896,7.460343684533143,0.007045514926096248,0.19113468301604844,0.0
15508,1.0,0.05,0.00011213721313028896,7.460343684533143,0.007045514926096248,0.19113468301604844,0.0
15509,1.0,0.05,0.00011213721313028896,7.460343684533143,0.007045514926096248,0.19113468301604844,0.0
15510,1.0,0.05,0.00011995475419660892,7.460343684533143,0.007045514926096248,0.14954845706201414,0.0
15511,1.0,0.05,0.00011873554093916862,7.460343684533143,0.007045514926096248,0.14954845706201414,0.0
15512,1.0,0.05,0.00011873554093916862,7.460343684533143,0.007045514926096248,0.14954845706201414,0.0
15513,1.0,0.05,0.00011873554093916862,8.119831775682584,0.007409354188870326,0.14954845706201414,0.0
15514,1.0,0.05,0.00011873554093916862,8.119831775682584,0.006838152147667165,0.14954845706201414,0.0
15515,1.0,0.05,0.00011873554093916862,8.119831775682584,0.006838152147667165,0.14954845706201414,0.0
15516,1.0,0.05,0.00011873554093916862,8.119831775682584,0.006723198441651279,0.14954845706201414,0.0
15517,1.0,0.05,0.00011873554093916862,8.969904899731887,0.006723198441651279,0.15017300839483774,0.0
15518,1.0,0.05,0.00011873554093916862,8.298069683697378,0.006723198441651279,0.15017300839483774,0.0
15519,1.0,0.05,0.00011435004999770057,8.298069683697378,0.006723198441651279,0.15316359488378975,0.0
15520,1.0,0.05,0.00011435004999770057,8.298069683697378,0.006723198441651279,0.1399010955131173,0.0
15521,1.0,0.05,0.00011435004999770057,8.699559097074513,0.006723198441651279,0.1399010955131173,0.0
15522,1.0,0.05,0.00011435004999770057,8.699559097074513,0.006723198441651279,0.1399010955131173,0.0
15523,1.0,0.05,0.00011736445153768209,8.699559097074513,0.006723198441651279,0.1399010955131173,0.0
15524,1.0,0.05,0.00011736445153768209,8.699559097074513,0.006723198441651279,0.1399010955131173,0.0
15525,1.0,0.05,0.00011736445153768209,8.699559097074513,0.006723198441651279,0.1399010955131173,0.0
15526,1.0,0.05,0.00011736445153768209,8.699559097074513,0.007813308457900174,0.1399010955131173,0.0
15527,1.0,0.05,0.00011736445153768209,8.699559097074513,0.007813308457900174,0.1399010955131173,0.0
15528,1.0,0.05,0.00011736445153768209,8.699559097074513,0.007813308457900174,0.1399010955131173,0.0
15529,1.0,0.05,0.00011736445153768209,8.699559097074513,0.007453784041830548,0.1399010955131173,0.0
15530,1.0,0.05,0.00011471578486889289,13.266099301985747,0.007453784041830548,0.1399010955131173,0.0
15531,1.0,0.05,0.00011471578486889289,13.266099301985747,0.007453784041830548,0.1399010955131173,0.0
15532,1.0,0.05,0.00011471578486889289,13.266099301985747,0.007453784041830548,0.1399010955131173,0.0
15533,1.0,0.05,0.00011471578486889289,13.266099301985747,0.007453784041830548,0.1399010955131173,0.0
15534,1.0,0.05,0.00011471578486889289,13.266099301985747,0.007453784041830548,0.1399010955131173,0.0
15535,1.0,0.05,0.00011471578486889289,13.266099301985747,0.007453784041830548,0.1399010955131173,0.0
15536,1.0,0.05,0.00011978001345253224,13.07669056868663,0.007385398583037734,0.1399010955131173,0.0
15537,1.0,0.05,0.00011978001345253224,13.07669056868663,0.007385398583037734,0.1399010955131173,0.0
15538,1.0,0.05,0.00011978001345253224,13.07669056868663,0.007013949348518464,0.1399010955131173,0.0
15539,1.0,0.05,0.00011978001345253224,5.863802451373985,0.007013949348518464,0.1399010955131173,0.0
15540,1.0,0.05,0.00011978001345253224,5.863802451373985,0.007013949348518464,0.1399010955131173,0.0
15541,1.0,0.05,0.00011978001345253224,5.863802451373985,0.007493096241796518,0.20087980554745466,0.0
15542,1.0,0.05,0.00011978001345253224,5.863802451373985,0.007493096241796518,0.20087980554745466,0.0
15543,1.0,0.05,0.00011978001345253224,5.863802451373985,0.007493096241796518,0.20087980554745466,0.0
15544,1.0,0.05,0.00011978001345253224,5.863802451373985,0.007493096241796518,0.15790031436441976,0.0
15545,1.0,0.05,0.00011978001345253224,5.863802451373985,0.006349235160003398,0.15790031436441976,0.0
15546,1.0,0.05,0.00011978001345253224,5.863802451373985,0.00623964445316657,0.15790031436441976,0.0
15547,1.0,0.05,0.00011978001345253224,5.863802451373985,0.00623964445316657,0.15790031436441976,0.0
15548,1.0,0.05,0.00012042100679764631,6.268927187111245,0.00623964445316657,0.15790031436441976,0.0
15549,1.0,0.05,0.00012042100679764631,6.268927187111245,0.00623964445316657,0.15790031436441976,0.0
15550,1.0,0.05,0.00012042100679764631,6.268927187111245,0.00623964445316657,0.15790031436441976,0.0
15551,1.0,0.05,0.00012042100679764631,6.268927187111245,0.00623964445316657,0.15790031436441976,0.0
15552,1.0,0.05,0.00012042100679764631,6.268927187111245,0.007300407479445206,0.15790031436441976,0.0
15553,1.0,0.05,0.00012042100679764631,6.268927187111245,0.00660536726477683,0.15790031436441976,0.0
15554,1.0,0.05,0.00012042100679764631,6.268927187111245,0.00660536726477683,0.1669901522874278,0.0
15555,1.0,0.05,0.00012042100679764631,6.268927187111245,0.00750579144036321,0.1669901522874278,0.0
15556,1.0,0.05,0.00012042100679764631,6.268927187111245,0.00750579144036321,0.1669901522874278,0.0
15557,1.0,0.05,0.00012042100679764631,6.268927187111245,0.00750579144036321,0.1669901522874278,0.0
15558,1.0,0.05,0.00012042100679764631,6.268927187111245,0.00750579144036321,0.1669901522874278,0.0
15559,1.0,0.05,0.00012042100679764631,6.268927187111245,0.00750579144036321,0.1669901522874278,0.0
15560,1.0,0.05,0.00012042100679764631,6.268927187111245,0.00750579144036321,0.17553450896692444,0.0
15561,1.0,0.05,0.00012042100679764631,6.268927187111245,0.00750579144036321,0.1610450715090124,0.0
15562,1.0,0.05,0.00012042100679764631,6.268927187111245,0.006873939919938876,0.1610450715090124,0.0
15563,1.0,0.05,0.00012042100679764631,6.268927187111245,0.006873939919938876,0.1610450715090124,0.0
15564,1.0,0.05,0.00012042100679764631,12.885620270842011,0.00754850176739645,0.14545960010349304,0.0
15565,1.0,0.05,0.00012042100679764631,12.885620270842011,0.00754850176739645,0.1298946734560117,0.0
15566,1.0,0.05,0.00012042100679764631,12.885620270842011,0.00754850176739645,0.1298946734560117,0.0
15567,1.0,0.05,0.00012042100679764631,12.885620270842011,0.00754850176739645,0.1298946734560117,0.0
15568,1.0,0.05,0.00012042100679764631,12.885620270842011,0.00754850176739645,0.1298946734560117,0.0
15569,1.0,0.05,0.00012009516078762934,12.885620270842011,0.00754850176739645,0.1298946734560117,0.0
15570,1.0,0.05,0.00012009516078762934,12.885620270842011,0.00754850176739645,0.1298946734560117,0.0
15571,1.0,0.05,0.00012009516078762934,12.885620270842011,0.00754850176739645,0.1298946734560117,0.0
15572,1.0,0.05,0.00012009516078762934,12.885620270842011,0.00754850176739645,0.1298946734560117,0.0
15573,1.0,0.05,0.00012009516078762934,12.885620270842011,0.00754850176739645,0.1298946734560117,0.0
15574,1.0,0.05,0.00012009516078762934,12.885620270842011,0.00754850176739645,0.1298946734560117,0.0
15575,1.0,0.05,0.00012009516078762934,12.885620270842011,0.00754850176739645,0.1298946734560117,0.0
15576,1.0,0.05,0.00012122584791446369,12.885620270842011,0.00754850176739645,0.1298946734560117,0.0
15577,1.0,0.05,0.00012122584791446369,10.15331586551747,0.00754850176739645,0.1298946734560117,0.0
15578,1.0,0.05,0.00012122584791446369,10.15331586551747,0.00754850176739645,0.1298946734560117,0.0
15579,1.0,0.05,0.00012122584791446369,10.15331586551747,0.006567282639571942,0.1298946734560117,0.0
15580,1.0,0.05,0.00012122584791446369,10.15331586551747,0.006685187181001831,0.1298946734560117,0.0
15581,1.0,0.05,0.00012122584791446369,10.137990366131717,0.006430089180538499,0.1298946734560117,0.0
15582,1.0,0.05,0.00012122584791446369,12.446235712469942,0.006430089180538499,0.1298946734560117,0.0
15583,1.0,0.05,0.00012122584791446369,12.446235712469942,0.007237270638417547,0.1298946734560117,0.0
15584,1.0,0.05,0.00012122584791446369,12.194292167694414,0.007600661603796028,0.1298946734560117,0.0
15585,1.0,0.05,0.00012122584791446369,8.863113896213747,0.006998170476280364,0.1298946734560117,0.0
15586,1.0,0.05,0.00012122584791446369,8.863113896213747,0.006998170476280364,0.1298946734560117,0.0
15587,1.0,0.05,0.00012122584791446369,8.863113896213747,0.007191936795131367,0.1298946734560117,0.0
15588,1.0,0.05,0.00012122584791446369,8.863113896213747,0.007191936795131367,0.1298946734560117,0.0
15589,1.0,0.05,0.00012122584791446369,8.863113896213747,0.007191936795131367,0.1298946734560117,0.0
15590,1.0,0.05,0.00012122584791446369,8.863113896213747,0.007191936795131367,0.1298946734560117,0.0
15591,1.0,0.05,0.00012122584791446369,8.863113896213747,0.006363825264327137,0.1298946734560117,0.0
15592,1.0,0.05,0.00012122584791446369,8.863113896213747,0.006363825264327137,0.1298946734560117,0.0
15593,1.0,0.05,0.00012520376645324443,8.863113896213747,0.006363825264327137,0.1361315407512919,0.0
15594,1.0,0.05,0.00012520376645324443,8.863113896213747,0.006363825264327137,0.10821299545631478,0.0
15595,1.0,0.05,0.00012520376645324443,7.806380190691797,0.006363825264327137,0.10821299545631478,0.0
15596,1.0,0.05,0.00012520376645324443,10.763740703395072,0.006363825264327137,0.10821299545631478,0.0
15597,1.0,0.05,0.0001240372673054263,10.763740703395072,0.006363825264327137,0.10821299545631478,0.0
15598,1.0,0.05,0.0001240372673054263,12.330961619646459,0.006363825264327137,0.12084685615465626,0.0
15599,1.0,0.05,0.0001240372673054263,10.599651914491233,0.006363825264327137,0.12084685615465626,0.0
15600,1.0,0.05,0.0001240372673054263,10.599651914491233,0.006363825264327137,0.12084685615465626,0.0
15601,1.0,0.05,0.0001240372673054263,5.920336414188981,0.006363825264327137,0.12084685615465626,0.0
15602,1.0,0.05,0.0001240372673054263,6.8672599615146765,0.006363825264327137,0.11939974730421904,0.0
15603,1.0,0.05,0.00013441622216422267,6.8672599615146765,0.005847799619654938,0.11939974730421904,0.0
15604,1.0,0.05,0.00013441622216422267,6.8672599615146765,0.005847799619654938,0.11939974730421904,0.0
15605,1.0,0.05,0.00012374304506276612,6.8672599615146765,0.005847799619654938,0.11939974730421904,0.0
15606,1.0,0.05,0.00012374304506276612,6.8672599615146765,0.005847799619654938,0.11939974730421904,0.0
15607,1.0,0.05,0.00012374304506276612,6.8672599615146765,0.005847799619654938,0.11939974730421904,0.0
15608,1.0,0.05,0.00012374304506276612,6.8672599615146765,0.005847799619654938,0.11939974730421904,0.0
15609,1.0,0.05,0.00012374304506276612,6.8672599615146765,0.005847799619654938,0.11939974730421904,0.0
15610,1.0,0.05,0.00012374304506276612,6.8672599615146765,0.007360484979325985,0.11939974730421904,0.0
15611,1.0,0.05,0.00012374304506276612,6.8672599615146765,0.007360484979325985,0.11939974730421904,0.0
15612,1.0,0.05,0.00012374304506276612,6.8672599615146765,0.007360484979325985,0.11939974730421904,0.0
15613,1.0,0.05,0.00011788276312682664,6.8672599615146765,0.007360484979325985,0.11939974730421904,0.0
15614,1.0,0.05,0.00011788276312682664,6.8672599615146765,0.007360484979325985,0.11939974730421904,0.0
15615,1.0,0.05,0.00011788276312682664,8.349228571441671,0.006739560592057725,0.11939974730421904,0.0
15616,1.0,0.05,0.00011788276312682664,13.096164490094964,0.006739560592057725,0.11939974730421904,0.0
15617,1.0,0.05,0.00011788276312682664,13.096164490094964,0.007630730673619491,0.11939974730421904,0.0
15618,1.0,0.05,0.00011788276312682664,13.096164490094964,0.007630730673619491,0.11939974730421904,0.0
15619,1.0,0.05,0.00011788276312682664,13.096164490094964,0.007630730673619491,0.11939974730421904,0.0
15620,1.0,0.05,0.00011788276312682664,10.479069184936776,0.007630730673619491,0.11939974730421904,0.0
15621,1.0,0.05,0.00011788276312682664,10.479069184936776,0.007630730673619491,0.11939974730421904,0.0
15622,1.0,0.05,0.00011788276312682664,10.479069184936776,0.007539987650599484,0.11939974730421904,0.0
15623,1.0,0.05,0.00011788276312682664,10.479069184936776,0.007259031948968844,0.11939974730421904,0.0
15624,1.0,0.05,0.00011788276312682664,10.479069184936776,0.007259031948968844,0.11939974730421904,0.0
15625,1.0,0.05,0.00011788276312682664,10.479069184936776,0.007259031948968844,0.11939974730421904,0.0
15626,1.0,0.05,0.00011788276312682664,10.479069184936776,0.007259031948968844,0.11939974730421904,0.0
15627,1.0,0.05,0.00011788276312682664,10.479069184936776,0.007259031948968844,0.11939974730421904,0.0
15628,1.0,0.05,0.00011884100660521195,10.479069184936776,0.007259031948968844,0.11939974730421904,0.0
15629,1.0,0.05,0.00011884100660521195,9.70909698849745,0.007259031948968844,0.11939974730421904,0.0
15630,1.0,0.05,0.00011884100660521195,9.70909698849745,0.0072770145412887205,0.14588106975208448,0.0
15631,1.0,0.05,0.00011884100660521195,9.70909698849745,0.0072770145412887205,0.14588106975208448,0.0
15632,1.0,0.05,0.00011884100660521195,9.70909698849745,0.0072770145412887205,0.14588106975208448,0.0
15633,1.0,0.05,0.00011884100660521195,9.70909698849745,0.0072770145412887205,0.14588106975208448,0.0
15634,1.0,0.05,0.00011884100660521195,9.70909698849745,0.0072770145412887205,0.14588106975208448,0.0
15635,1.0,0.05,0.00011884100660521195,9.70909698849745,0.0072770145412887205,0.1490190396207815,0.0
15636,1.0,0.05,0.00011778594719863218,9.70909698849745,0.0072770145412887205,0.1490190396207815,0.0
15637,1.0,0.05,0.00011726074529440972,9.70909698849745,0.0072770145412887205,0.16446629469652252,0.0
15638,1.0,0.05,0.00011726074529440972,9.70909698849745,0.0072770145412887205,0.16446629469652252,0.0
15639,1.0,0.05,0.00011726074529440972,9.70909698849745,0.0072770145412887205,0.16446629469652252,0.0
15640,1.0,0.05,0.00011726074529440972,9.70909698849745,0.0072770145412887205,0.16446629469652252,0.0
15641,1.0,0.05,0.00011726074529440972,9.70909698849745,0.0072770145412887205,0.16446629469652252,0.0
15642,1.0,0.05,0.00011726074529440972,9.70909698849745,0.0072770145412887205,0.1310366257465008,0.0
15643,1.0,0.05,0.00011726074529440972,9.70909698849745,0.0072770145412887205,0.1310366257465008,0.0
15644,1.0,0.05,0.00012317891795428853,9.70909698849745,0.0072770145412887205,0.1310366257465008,0.0
15645,1.0,0.05,0.00012317891795428853,9.70909698849745,0.0072770145412887205,0.1310366257465008,0.0
15646,1.0,0.05,0.00012298354206753502,9.70909698849745,0.0072770145412887205,0.1310366257465008,0.0
15647,1.0,0.05,0.00012298354206753502,9.70909698849745,0.006594304877947844,0.1310366257465008,0.0
15648,1.0,0.05,0.00012298354206753502,9.70909698849745,0.006594304877947844,0.1310366257465008,0.0
15649,1.0,0.05,0.00012298354206753502,9.70909698849745,0.006594304877947844,0.13767628775129664,0.0
15650,1.0,0.05,0.00012298354206753502,9.70909698849745,0.006594304877947844,0.13767628775129664,0.0
15651,1.0,0.05,0.00012298354206753502,9.70909698849745,0.006594304877947844,0.13767628775129664,0.0
15652,1.0,0.05,0.00012298354206753502,9.70909698849745,0.006594304877947844,0.13767628775129664,0.0
15653,1.0,0.05,0.00012062443555967626,9.70909698849745,0.006594304877947844,0.13767628775129664,0.0
15654,1.0,0.05,0.00012062443555967626,9.70909698849745,0.006594304877947844,0.13767628775129664,0.0
15655,1.0,0.05,0.00012062443555967626,9.70909698849745,0.006594304877947844,0.13767628775129664,0.0
15656,1.0,0.05,0.00012062443555967626,9.70909698849745,0.006594304877947844,0.13767628775129664,0.0
15657,1.0,0.05,0.00012062443555967626,9.70909698849745,0.006594304877947844,0.13767628775129664,0.0
15658,1.0,0.05,0.00012062443555967626,9.70909698849745,0.006594304877947844,0.14941379142136293,0.0
15659,1.0,0.05,0.00012062443555967626,9.70909698849745,0.006594304877947844,0.13782571505353286,0.0
15660,1.0,0.05,0.00012062443555967626,8.735827254827328,0.006594304877947844,0.13782571505353286,0.0
15661,1.0,0.05,0.00012062443555967626,8.735827254827328,0.007636341095339778,0.13782571505353286,0.0
15662,1.0,0.05,0.00012062443555967626,8.735827254827328,0.007636341095339778,0.13782571505353286,0.0
15663,1.0,0.05,0.00012062443555967626,6.486498234846877,0.007636341095339778,0.13782571505353286,0.0
15664,1.0,0.05,0.00012062443555967626,5.754668560879011,0.007636341095339778,0.13782571505353286,0.0
15665,1.0,0.05,0.00011884039047789844,5.754668560879011,0.007636341095339778,0.13782571505353286,0.0
15666,1.0,0.05,0.00011884039047789844,5.754668560879011,0.007636341095339778,0.13782571505353286,0.0
15667,1.0,0.05,0.00012701448121092335,5.754668560879011,0.007636341095339778,0.13782571505353286,0.0
15668,1.0,0.05,0.00012701448121092335,5.754668560879011,0.007636341095339778,0.10789601349793655,0.0
15669,1.0,0.05,0.00012701448121092335,5.754668560879011,0.007636341095339778,0.10909279761631505,0.0
15670,1.0,0.05,0.00012701448121092335,5.754668560879011,0.007636341095339778,0.18403721498424533,0.0
15671,1.0,0.05,0.00012701448121092335,5.754668560879011,0.007636341095339778,0.18403721498424533,0.0
15672,1.0,0.05,0.00012701448121092335,5.754668560879011,0.007636341095339778,0.18403721498424533,0.0
15673,1.0,0.05,0.00012701448121092335,3.9315756685156913,0.007636341095339778,0.18403721498424533,0.0
15674,1.0,0.05,0.00011305084972685338,3.9315756685156913,0.007636341095339778,0.18403721498424533,0.0
15675,1.0,0.05,0.00011305084972685338,3.9315756685156913,0.007636341095339778,0.1801341172115463,0.0
15676,1.0,0.05,0.00011395197355211559,3.9315756685156913,0.007636341095339778,0.1801341172115463,0.0
15677,1.0,0.05,0.00012165221233651478,3.9315756685156913,0.008051872523781827,0.18161157332682304,0.0
15678,1.0,0.05,0.00012165221233651478,3.9315756685156913,0.008051872523781827,0.19899156998734718,0.0
15679,1.0,0.05,0.00012165221233651478,7.477317766283733,0.008051872523781827,0.19899156998734718,0.0
15680,1.0,0.05,0.00012165221233651478,8.733827538437055,0.006974640782949682,0.20700974038318484,0.0
15681,1.0,0.05,0.00012165221233651478,8.733827538437055,0.006974640782949682,0.08321853713907401,0.0
15682,1.0,0.05,0.00012165221233651478,8.733827538437055,0.006974640782949682,0.08321853713907401,0.0
15683,1.0,0.05,0.00012165221233651478,23.802904760374503,0.006974640782949682,0.08321853713907401,0.0
15684,1.0,0.05,0.00012165221233651478,23.802904760374503,0.006974640782949682,0.08321853713907401,0.0
15685,1.0,0.05,0.00012165221233651478,13.976836691237637,0.006974640782949682,0.08321853713907401,0.0
15686,1.0,0.05,0.00012165221233651478,13.976836691237637,0.006565649988305541,0.08321853713907401,0.0
15687,1.0,0.05,0.00012165221233651478,16.49316743051226,0.006565649988305541,0.08321853713907401,0.0
15688,1.0,0.05,0.00012953644141064537,12.24103260632468,0.006565649988305541,0.08321853713907401,0.0
15689,1.0,0.05,0.00012953644141064537,12.24103260632468,0.006565649988305541,0.08321853713907401,0.0
15690,1.0,0.05,0.00012953644141064537,12.24103260632468,0.006565649988305541,0.08321853713907401,0.0
15691,1.0,0.05,0.00012953644141064537,12.24103260632468,0.006565649988305541,0.08321853713907401,0.0
15692,1.0,0.05,0.00012953644141064537,12.24103260632468,0.00548101391268974,0.08321853713907401,0.0
15693,1.0,0.05,0.00012953644141064537,12.24103260632468,0.00548101391268974,0.09098163363814496,0.0
15694,1.0,0.05,0.00012953644141064537,12.24103260632468,0.00548101391268974,0.09098163363814496,0.0
15695,1.0,0.05,0.00012953644141064537,12.24103260632468,0.0052162604527611995,0.09098163363814496,0.0
15696,1.0,0.05,0.00012953644141064537,12.24103260632468,0.0052162604527611995,0.09098163363814496,0.0
15697,1.0,0.05,0.00012953644141064537,12.24103260632468,0.0052162604527611995,0.09098163363814496,0.0
15698,1.0,0.05,0.00012953644141064537,12.24103260632468,0.005708263283781137,0.09098163363814496,0.0
15699,1.0,0.05,0.00012953644141064537,12.24103260632468,0.005708263283781137,0.07670986840783116,0.0
15700,1.0,0.05,0.00012953644141064537,12.24103260632468,0.005708263283781137,0.07670986840783116,0.0
15701,1.0,0.05,0.00012953644141064537,12.24103260632468,0.005708263283781137,0.07670986840783116,0.0
15702,1.0,0.05,0.00012953644141064537,12.24103260632468,0.005708263283781137,0.07670986840783116,0.0
15703,1.0,0.05,0.00012953644141064537,12.24103260632468,0.005708263283781137,0.07670986840783116,0.0
15704,1.0,0.05,0.00012953644141064537,15.388350187835243,0.005708263283781137,0.07670986840783116,0.0
15705,1.0,0.05,0.00012953644141064537,15.798864407853202,0.005708263283781137,0.07670986840783116,0.0
15706,1.0,0.05,0.00012953644141064537,15.798864407853202,0.005708263283781137,0.07670986840783116,0.0
15707,1.0,0.05,0.00012953644141064537,15.798864407853202,0.006009205518389391,0.07670986840783116,0.0
15708,1.0,0.05,0.00012953644141064537,15.798864407853202,0.006009205518389391,0.07670986840783116,0.0
15709,1.0,0.05,0.00012953644141064537,15.798864407853202,0.006009205518389391,0.07670986840783116,0.0
15710,1.0,0.05,0.00012953644141064537,15.798864407853202,0.006009205518389391,0.07670986840783116,0.0
15711,1.0,0.05,0.00012953644141064537,15.798864407853202,0.006009205518389391,0.07670986840783116,0.0
15712,1.0,0.05,0.00012953644141064537,15.798864407853202,0.006009205518389391,0.06943670316575543,0.0
15713,1.0,0.05,0.00012953644141064537,15.798864407853202,0.006634885166091942,0.06943670316575543,0.0
15714,1.0,0.05,0.00012953644141064537,15.798864407853202,0.006634885166091942,0.06943670316575543,0.0
15715,1.0,0.05,0.00012953644141064537,14.504955938771118,0.0065034126729835795,0.06943670316575543,0.0
15716,1.0,0.05,0.00012953644141064537,14.504955938771118,0.0065034126729835795,0.06943670316575543,0.0
15717,1.0,0.05,0.00012953644141064537,14.504955938771118,0.0065034126729835795,0.06943670316575543,0.0
15718,1.0,0.05,0.00012953644141064537,14.504955938771118,0.0065034126729835795,0.06943670316575543,0.0
15719,1.0,0.05,0.00012953644141064537,15.400689017127561,0.0065034126729835795,0.0928614409519072,0.0
15720,1.0,0.05,0.00012953644141064537,15.400689017127561,0.0065034126729835795,0.0928614409519072,0.0
15721,1.0,0.05,0.00012953644141064537,15.635641820927248,0.0065034126729835795,0.09434903245060228,0.0
15722,1.0,0.05,0.00012953644141064537,13.588228873592172,0.0065034126729835795,0.09434903245060228,0.0
15723,1.0,0.05,0.00012953644141064537,13.588228873592172,0.0065034126729835795,0.09434903245060228,0.0
15724,1.0,0.05,0.00012953644141064537,13.588228873592172,0.0065034126729835795,0.09434903245060228,0.0
15725,1.0,0.05,0.00012953644141064537,13.588228873592172,0.006157431340143203,0.09434903245060228,0.0
15726,1.0,0.05,0.00012953644141064537,13.588228873592172,0.006157431340143203,0.09434903245060228,0.0
15727,1.0,0.05,0.00012953644141064537,13.588228873592172,0.006157431340143203,0.09434903245060228,0.0
15728,1.0,0.05,0.00012974432942280083,13.588228873592172,0.006157431340143203,0.09434903245060228,0.0
15729,1.0,0.05,0.000125199650246247,13.588228873592172,0.006157431340143203,0.09434903245060228,0.0
15730,1.0,0.05,0.00012920977464058917,13.588228873592172,0.006157431340143203,0.09434903245060228,0.0
15731,1.0,0.05,0.00012920977464058917,13.588228873592172,0.005884123950602983,0.09434903245060228,0.0
15732,1.0,0.05,0.00012920977464058917,13.588228873592172,0.005884123950602983,0.07551081986927947,0.0
15733,1.0,0.05,0.00012920977464058917,13.588228873592172,0.005884123950602983,0.06518970015974386,0.0
15734,1.0,0.05,0.00012920977464058917,13.588228873592172,0.005884123950602983,0.06518970015974386,0.0
15735,1.0,0.05,0.00012920977464058917,13.588228873592172,0.005884123950602983,0.06518970015974386,0.0
15736,1.0,0.05,0.00012920977464058917,13.588228873592172,0.005884123950602983,0.06518970015974386,0.0
15737,1.0,0.05,0.00012920977464058917,13.588228873592172,0.005884123950602983,0.06518970015974386,0.0
15738,1.0,0.05,0.00012920977464058917,13.588228873592172,0.005884123950602983,0.06518970015974386,0.0
15739,1.0,0.05,0.00012920977464058917,12.564040416694695,0.005884123950602983,0.10794194199530191,0.0
15740,1.0,0.05,0.00012920977464058917,12.564040416694695,0.005884123950602983,0.08903931233478626,0.0
15741,1.0,0.05,0.00012920977464058917,12.564040416694695,0.005884123950602983,0.08903931233478626,0.0
15742,1.0,0.05,0.00012920977464058917,12.564040416694695,0.005884123950602983,0.08903931233478626,0.0
15743,1.0,0.05,0.00012920977464058917,12.564040416694695,0.005884123950602983,0.08903931233478626,0.0
15744,1.0,0.05,0.00012920977464058917,12.564040416694695,0.005884123950602983,0.08903931233478626,0.0
15745,1.0,0.05,0.00012920977464058917,12.564040416694695,0.005884123950602983,0.08903931233478626,0.0
15746,1.0,0.05,0.00012920977464058917,12.564040416694695,0.005884123950602983,0.08903931233478626,0.0
15747,1.0,0.05,0.00012920977464058917,11.189948205486473,0.005884123950602983,0.08903931233478626,0.0
15748,1.0,0.05,0.00013283995988269508,11.189948205486473,0.005884123950602983,0.08602203661039233,0.0
15749,1.0,0.05,0.00013283995988269508,11.307137745430353,0.005884123950602983,0.08602203661039233,0.0
15750,1.0,0.05,0.00013283995988269508,11.307137745430353,0.005884123950602983,0.08602203661039233,0.0
15751,1.0,0.05,0.00013283995988269508,11.307137745430353,0.005884123950602983,0.08602203661039233,0.0
15752,1.0,0.05,0.00013283995988269508,11.307137745430353,0.005884123950602983,0.08602203661039233,0.0
15753,1.0,0.05,0.00013283995988269508,8.723476138228278,0.005884123950602983,0.08602203661039233,0.0
15754,1.0,0.05,0.00013283995988269508,8.723476138228278,0.005884123950602983,0.08602203661039233,0.0
15755,1.0,0.05,0.00013167745348916426,8.723476138228278,0.005884123950602983,0.08941831027585898,0.0
15756,1.0,0.05,0.00013167745348916426,8.723476138228278,0.005884123950602983,0.08941831027585898,0.0
15757,1.0,0.05,0.00013167745348916426,7.298568787306124,0.005884123950602983,0.08941831027585898,0.0
15758,1.0,0.05,0.00013167745348916426,7.298568787306124,0.005884123950602983,0.08941831027585898,0.0
15759,1.0,0.05,0.00013167745348916426,7.298568787306124,0.005884123950602983,0.08941831027585898,0.0
15760,1.0,0.05,0.00013167745348916426,7.298568787306124,0.005884123950602983,0.0912438708414928,0.0
15761,1.0,0.05,0.00013167745348916426,7.298568787306124,0.005884123950602983,0.1348163226197856,0.0
15762,1.0,0.05,0.00013167745348916426,7.298568787306124,0.005884123950602983,0.1348163226197856,0.0
15763,1.0,0.05,0.00013167745348916426,7.298568787306124,0.005884123950602983,0.1348163226197856,0.0
15764,1.0,0.05,0.00013167745348916426,7.298568787306124,0.005884123950602983,0.1348163226197856,0.0
15765,1.0,0.05,0.00013167745348916426,7.298568787306124,0.005884123950602983,0.1348163226197856,0.0
15766,1.0,0.05,0.00013167745348916426,7.298568787306124,0.005884123950602983,0.1348163226197856,0.0
15767,1.0,0.05,0.00013167745348916426,7.298568787306124,0.005884123950602983,0.1348163226197856,0.0
15768,1.0,0.05,0.00013167745348916426,7.298568787306124,0.005884123950602983,0.1348163226197856,0.0
15769,1.0,0.05,0.00013167745348916426,7.298568787306124,0.005884123950602983,0.1348163226197856,0.0
15770,1.0,0.05,0.00013167745348916426,6.222300765773966,0.005884123950602983,0.1348163226197856,0.0
15771,1.0,0.05,0.00013167745348916426,6.222300765773966,0.005884123950602983,0.1348163226197856,0.0
15772,1.0,0.05,0.00013167745348916426,6.222300765773966,0.005884123950602983,0.1348163226197856,0.0
15773,1.0,0.05,0.0001300274692522682,6.222300765773966,0.005884123950602983,0.11226381575417124,0.0
15774,1.0,0.05,0.0001300274692522682,6.222300765773966,0.005884123950602983,0.11226381575417124,0.0
15775,1.0,0.05,0.0001300274692522682,8.760177096456118,0.005884123950602983,0.11226381575417124,0.0
15776,1.0,0.05,0.0001300274692522682,8.760177096456118,0.005884123950602983,0.11226381575417124,0.0
15777,1.0,0.05,0.0001300274692522682,8.760177096456118,0.005884123950602983,0.11937399644880431,0.0
15778,1.0,0.05,0.0001300274692522682,8.760177096456118,0.005884123950602983,0.11937399644880431,0.0
15779,1.0,0.05,0.0001300274692522682,8.760177096456118,0.005884123950602983,0.11937399644880431,0.0
15780,1.0,0.05,0.0001300274692522682,8.760177096456118,0.005884123950602983,0.11937399644880431,0.0
15781,1.0,0.05,0.0001300274692522682,8.760177096456118,0.005884123950602983,0.10555050470371918,0.0
15782,1.0,0.05,0.0001300274692522682,8.760177096456118,0.005884123950602983,0.10555050470371918,0.0
15783,1.0,0.05,0.0001300274692522682,8.760177096456118,0.006341391478055172,0.10555050470371918,0.0
15784,1.0,0.05,0.0001300274692522682,8.760177096456118,0.006341391478055172,0.10555050470371918,0.0
15785,1.0,0.05,0.0001300274692522682,7.292040546199743,0.006341391478055172,0.10555050470371918,0.0
15786,1.0,0.05,0.0001300274692522682,7.292040546199743,0.006341391478055172,0.10555050470371918,0.0
15787,1.0,0.05,0.0001300274692522682,7.292040546199743,0.006341391478055172,0.10555050470371918,0.0
15788,1.0,0.05,0.0001300274692522682,7.292040546199743,0.006341391478055172,0.10555050470371918,0.0
15789,1.0,0.05,0.0001300274692522682,7.292040546199743,0.006464757361924762,0.10555050470371918,0.0
15790,1.0,0.05,0.0001300274692522682,9.996704871595824,0.006464757361924762,0.10555050470371918,0.0
15791,1.0,0.05,0.0001300274692522682,9.996704871595824,0.006464757361924762,0.10555050470371918,0.0
15792,1.0,0.05,0.0001300274692522682,9.996704871595824,0.006464757361924762,0.10555050470371918,0.0
15793,1.0,0.05,0.0001300274692522682,9.996704871595824,0.006464757361924762,0.10555050470371918,0.0
15794,1.0,0.05,0.0001300274692522682,9.996704871595824,0.006464757361924762,0.10555050470371918,0.0
15795,1.0,0.05,0.0001300274692522682,9.996704871595824,0.006464757361924762,0.10555050470371918,0.0
15796,1.0,0.05,0.00013278841524886915,9.996704871595824,0.006464757361924762,0.10555050470371918,0.0
15797,1.0,0.05,0.00013278841524886915,9.996704871595824,0.006464757361924762,0.10555050470371918,0.0
15798,1.0,0.05,0.00013278841524886915,9.996704871595824,0.006464757361924762,0.10555050470371918,0.0
15799,1.0,0.05,0.00013278841524886915,9.996704871595824,0.006464757361924762,0.10555050470371918,0.0
15800,1.0,0.05,0.00013278841524886915,9.996704871595824,0.006611114577128094,0.10555050470371918,0.0
15801,1.0,0.05,0.00013278841524886915,9.996704871595824,0.0073445669549365225,0.10555050470371918,0.0
15802,1.0,0.05,0.00013278841524886915,9.996704871595824,0.005737713911245359,0.10555050470371918,0.0
15803,1.0,0.05,0.00013278841524886915,9.996704871595824,0.005737713911245359,0.10555050470371918,0.0
15804,1.0,0.05,0.00013278841524886915,9.996704871595824,0.005737713911245359,0.10555050470371918,0.0
15805,1.0,0.05,0.00013278841524886915,9.996704871595824,0.005737713911245359,0.10555050470371918,0.0
15806,1.0,0.05,0.00013278841524886915,9.996704871595824,0.005737713911245359,0.09051520709288995,0.0
15807,1.0,0.05,0.00013278841524886915,9.996704871595824,0.005737713911245359,0.09051520709288995,0.0
15808,1.0,0.05,0.00013278841524886915,9.996704871595824,0.005737713911245359,0.09051520709288995,0.0
15809,1.0,0.05,0.00013278841524886915,9.996704871595824,0.005737713911245359,0.09051520709288995,0.0
15810,1.0,0.05,0.00013278841524886915,9.996704871595824,0.005737713911245359,0.09051520709288995,0.0
15811,1.0,0.05,0.00013278841524886915,9.996704871595824,0.005737713911245359,0.09051520709288995,0.0
15812,1.0,0.05,0.00013278841524886915,9.996704871595824,0.005737713911245359,0.09051520709288995,0.0
15813,1.0,0.05,0.00013278841524886915,10.001984202997022,0.005737713911245359,0.09051520709288995,0.0
15814,1.0,0.05,0.00013278841524886915,10.001984202997022,0.005737713911245359,0.09051520709288995,0.0
15815,1.0,0.05,0.00013278841524886915,10.001984202997022,0.005737713911245359,0.09051520709288995,0.0
15816,1.0,0.05,0.00013278841524886915,10.001984202997022,0.005737713911245359,0.09051520709288995,0.0
15817,1.0,0.05,0.00013278841524886915,10.001984202997022,0.005737713911245359,0.09051520709288995,0.0
15818,1.0,0.05,0.00013278841524886915,10.001984202997022,0.005737713911245359,0.09051520709288995,0.0
15819,1.0,0.05,0.00013278841524886915,10.001984202997022,0.005737713911245359,0.09051520709288995,0.0
15820,1.0,0.05,0.00013278841524886915,10.001984202997022,0.005737713911245359,0.09051520709288995,0.0
15821,1.0,0.05,0.00013278841524886915,10.001984202997022,0.005737713911245359,0.09381071726638329,0.0
15822,1.0,0.05,0.00013278841524886915,10.001984202997022,0.005737713911245359,0.09381071726638329,0.0
15823,1.0,0.05,0.00013278841524886915,10.001984202997022,0.005737713911245359,0.09381071726638329,0.0
15824,1.0,0.05,0.00013278841524886915,10.001984202997022,0.005737713911245359,0.09381071726638329,0.0
15825,1.0,0.05,0.00013278841524886915,10.001984202997022,0.005737713911245359,0.09381071726638329,0.0
15826,1.0,0.05,0.00013278841524886915,10.001984202997022,0.005831231398594836,0.07799782846805671,0.0
15827,1.0,0.05,0.00013278841524886915,10.001984202997022,0.005831231398594836,0.07799782846805671,0.0
15828,1.0,0.05,0.00013278841524886915,10.001984202997022,0.005831231398594836,0.11188993444713241,0.0
15829,1.0,0.05,0.00013278841524886915,10.001984202997022,0.005831231398594836,0.11188993444713241,0.0
15830,1.0,0.05,0.0001322187961907815,10.001984202997022,0.0060128838096855965,0.0968205715300765,0.0
15831,1.0,0.05,0.0001322187961907815,1.8406207895938849,0.005998241666125763,0.1284760779044657,0.0
15832,1.0,0.05,0.0001322187961907815,1.8406207895938849,0.005998241666125763,0.11901605845162933,0.0
15833,1.0,0.05,0.0001322187961907815,9.954295598661858,0.005998241666125763,0.11901605845162933,0.0
15834,1.0,0.05,0.0001322187961907815,9.954295598661858,0.005998241666125763,0.11901605845162933,0.0
15835,1.0,0.05,0.0001322187961907815,9.954295598661858,0.005998241666125763,0.11901605845162933,0.0
15836,1.0,0.05,0.0001322187961907815,9.954295598661858,0.005998241666125763,0.11901605845162933,0.0
15837,1.0,0.05,0.00012490204693334697,9.954295598661858,0.005998241666125763,0.11901605845162933,0.0
15838,1.0,0.05,0.00012490204693334697,9.954295598661858,0.006104589108409225,0.11901605845162933,0.0
15839,1.0,0.05,0.00012490204693334697,9.954295598661858,0.006104589108409225,0.11901605845162933,0.0
15840,1.0,0.05,0.00012490204693334697,9.954295598661858,0.006104589108409225,0.11901605845162933,0.0
15841,1.0,0.05,0.00012490204693334697,9.954295598661858,0.006104589108409225,0.11901605845162933,0.0
15842,1.0,0.05,0.00012490204693334697,9.954295598661858,0.006104589108409225,0.11901605845162933,0.0
15843,1.0,0.05,0.00012490204693334697,9.954295598661858,0.006104589108409225,0.11901605845162933,0.0
15844,1.0,0.05,0.00012490204693334697,9.954295598661858,0.006104589108409225,0.11901605845162933,0.0
15845,1.0,0.05,0.00012490204693334697,9.954295598661858,0.006104589108409225,0.11901605845162933,0.0
15846,1.0,0.05,0.00012490204693334697,9.954295598661858,0.006903136329119899,0.1160007414839126,0.0
15847,1.0,0.05,0.00012490204693334697,9.954295598661858,0.0071849196793421916,0.1160007414839126,0.0
15848,1.0,0.05,0.0001246919971349044,9.954295598661858,0.0071849196793421916,0.1160007414839126,0.0
15849,1.0,0.05,0.0001246919971349044,9.954295598661858,0.0071849196793421916,0.1160007414839126,0.0
15850,1.0,0.05,0.0001246919971349044,8.48121118838425,0.0071849196793421916,0.1160007414839126,0.0
15851,1.0,0.05,0.0001246919971349044,8.48121118838425,0.0071849196793421916,0.11127522046294541,0.0
15852,1.0,0.05,0.0001246919971349044,10.735190300585316,0.0071849196793421916,0.11127522046294541,0.0
15853,1.0,0.05,0.0001246919971349044,9.088029203107823,0.0071849196793421916,0.11127522046294541,0.0
15854,1.0,0.05,0.0001246919971349044,9.088029203107823,0.006278446142187136,0.11127522046294541,0.0
15855,1.0,0.05,0.0001246919971349044,9.088029203107823,0.006278446142187136,0.12628489938689638,0.0
15856,1.0,0.05,0.0001246919971349044,9.088029203107823,0.006278446142187136,0.12628489938689638,0.0
15857,1.0,0.05,0.0001246919971349044,9.088029203107823,0.007187354835437584,0.12628489938689638,0.0
15858,1.0,0.05,0.0001246919971349044,9.088029203107823,0.007187354835437584,0.15585798393401581,0.0
15859,1.0,0.05,0.0001246919971349044,9.088029203107823,0.007187354835437584,0.1294738196337066,0.0
15860,1.0,0.05,0.0001246919971349044,9.088029203107823,0.007187354835437584,0.1294738196337066,0.0
15861,1.0,0.05,0.0001246919971349044,9.088029203107823,0.007187354835437584,0.1294738196337066,0.0
15862,1.0,0.05,0.0001246919971349044,9.088029203107823,0.007187354835437584,0.1294738196337066,0.0
15863,1.0,0.05,0.0001246919971349044,9.088029203107823,0.007187354835437584,0.1294738196337066,0.0
15864,1.0,0.05,0.0001246919971349044,9.088029203107823,0.007187354835437584,0.14643694461214857,0.0
15865,1.0,0.05,0.0001246919971349044,9.088029203107823,0.006717687405596752,0.14981668294765788,0.0
15866,1.0,0.05,0.0001246919971349044,9.088029203107823,0.006717687405596752,0.14981668294765788,0.0
15867,1.0,0.05,0.0001246919971349044,9.088029203107823,0.006717687405596752,0.14981668294765788,0.0
15868,1.0,0.05,0.0001246919971349044,9.088029203107823,0.006717687405596752,0.14981668294765788,0.0
15869,1.0,0.05,0.0001246919971349044,9.088029203107823,0.0060440197736442635,0.0998394658942984,0.0
15870,1.0,0.05,0.000124722974372891,9.088029203107823,0.005919514300478593,0.0998394658942984,0.0
15871,1.0,0.05,0.000124722974372891,9.088029203107823,0.005942992294250687,0.0998394658942984,0.0
15872,1.0,0.05,0.000124722974372891,9.088029203107823,0.005942992294250687,0.0998394658942984,0.0
15873,1.0,0.05,0.000124722974372891,9.088029203107823,0.006638972539862199,0.0998394658942984,0.0
15874,1.0,0.05,0.000124722974372891,9.088029203107823,0.006638972539862199,0.0998394658942984,0.0
15875,1.0,0.05,0.000124722974372891,9.088029203107823,0.006638972539862199,0.0998394658942984,0.0
15876,1.0,0.05,0.000124722974372891,9.088029203107823,0.006638972539862199,0.0998394658942984,0.0
15877,1.0,0.05,0.000124722974372891,9.088029203107823,0.006638972539862199,0.0998394658942984,0.0
15878,1.0,0.05,0.000124722974372891,9.088029203107823,0.006638972539862199,0.0998394658942984,0.0
15879,1.0,0.05,0.000124722974372891,9.088029203107823,0.006638972539862199,0.0998394658942984,0.0
15880,1.0,0.05,0.000124722974372891,9.088029203107823,0.006638972539862199,0.0998394658942984,0.0
15881,1.0,0.05,0.00012491934152612888,9.088029203107823,0.006638972539862199,0.13019830756757392,0.0
15882,1.0,0.05,0.00012491934152612888,9.088029203107823,0.006638972539862199,0.1331082831150615,0.0
15883,1.0,0.05,0.00012491934152612888,9.088029203107823,0.007304270775221454,0.1349900577067007,0.0
15884,1.0,0.05,0.00011745717096164015,9.088029203107823,0.007304270775221454,0.1349900577067007,0.0
15885,1.0,0.05,0.00011745717096164015,9.088029203107823,0.007304270775221454,0.14524257912148167,0.0
15886,1.0,0.05,0.00011745717096164015,9.088029203107823,0.007304270775221454,0.14524257912148167,0.0
15887,1.0,0.05,0.00011745717096164015,5.371666967155846,0.007304270775221454,0.17977513104433077,0.0
15888,1.0,0.05,0.00011745717096164015,5.371666967155846,0.007304270775221454,0.17977513104433077,0.0
15889,1.0,0.05,0.00011745717096164015,5.371666967155846,0.007304270775221454,0.17977513104433077,0.0
15890,1.0,0.05,0.00011745717096164015,5.371666967155846,0.007304270775221454,0.17977513104433077,0.0
15891,1.0,0.05,0.00011745717096164015,5.835928914328022,0.007304270775221454,0.17977513104433077,0.0
15892,1.0,0.05,0.00011745717096164015,5.835928914328022,0.007304270775221454,0.1709059832451905,0.0
15893,1.0,0.05,0.00011745717096164015,5.835928914328022,0.006700760198997682,0.1709059832451905,0.0
15894,1.0,0.05,0.00011745717096164015,5.835928914328022,0.006700760198997682,0.1709059832451905,0.0
15895,1.0,0.05,0.00011745717096164015,5.835928914328022,0.006700760198997682,0.1709059832451905,0.0
15896,1.0,0.05,0.00011745717096164015,5.835928914328022,0.006700760198997682,0.1709059832451905,0.0
15897,1.0,0.05,0.00011745717096164015,8.845678290106719,0.006700760198997682,0.1709059832451905,0.0
15898,1.0,0.05,0.00011745717096164015,8.845678290106719,0.0074878255066657415,0.1709059832451905,0.0
15899,1.0,0.05,0.00011745717096164015,8.845678290106719,0.0074878255066657415,0.1709059832451905,0.0
15900,1.0,0.05,0.00011745717096164015,8.845678290106719,0.0074878255066657415,0.1709059832451905,0.0
15901,1.0,0.05,0.00011745717096164015,8.845678290106719,0.0076781939260388826,0.1709059832451905,0.0
15902,1.0,0.05,0.00011745717096164015,8.845678290106719,0.0076781939260388826,0.1709059832451905,0.0
15903,1.0,0.05,0.00011745717096164015,8.845678290106719,0.0076781939260388826,0.1709059832451905,0.0
15904,1.0,0.05,0.00011642010877093219,8.845678290106719,0.0076781939260388826,0.1709059832451905,0.0
15905,1.0,0.05,0.00011642010877093219,8.845678290106719,0.0076781939260388826,0.1631458601909035,0.0
15906,1.0,0.05,0.00011642010877093219,8.845678290106719,0.0076781939260388826,0.1631458601909035,0.0
15907,1.0,0.05,0.00011642010877093219,8.845678290106719,0.0076781939260388826,0.13728247258149637,0.0
15908,1.0,0.05,0.00011642010877093219,8.845678290106719,0.0060373833913104835,0.13728247258149637,0.0
15909,1.0,0.05,0.00011642010877093219,9.423825256504898,0.006862081045629994,0.13728247258149637,0.0
15910,1.0,0.05,0.00011642010877093219,9.423825256504898,0.006862081045629994,0.13728247258149637,0.0
15911,1.0,0.05,0.00011642010877093219,9.423825256504898,0.006862081045629994,0.13728247258149637,0.0
15912,1.0,0.05,0.00012383475166069952,9.423825256504898,0.00678631520160487,0.13728247258149637,0.0
15913,1.0,0.05,0.00012383475166069952,9.423825256504898,0.00678631520160487,0.13728247258149637,0.0
15914,1.0,0.05,0.00012383475166069952,9.423825256504898,0.007437356448131616,0.13728247258149637,0.0
15915,1.0,0.05,0.00012383475166069952,9.423825256504898,0.007202577164431172,0.1315856231157127,0.0
15916,1.0,0.05,0.00012383475166069952,9.423825256504898,0.007202577164431172,0.1315856231157127,0.0
15917,1.0,0.05,0.00012383475166069952,9.423825256504898,0.006572607042158928,0.11919669427179658,0.0
15918,1.0,0.05,0.00012680640020152316,9.423825256504898,0.006572607042158928,0.11919669427179658,0.0
15919,1.0,0.05,0.00012680640020152316,9.423825256504898,0.006572607042158928,0.11919669427179658,0.0
15920,1.0,0.05,0.00012680640020152316,9.423825256504898,0.006572607042158928,0.11919669427179658,0.0
15921,1.0,0.05,0.00012680640020152316,9.423825256504898,0.007047582243468248,0.11919669427179658,0.0
15922,1.0,0.05,0.00012680640020152316,9.423825256504898,0.007047582243468248,0.11919669427179658,0.0
15923,1.0,0.05,0.00012680640020152316,9.423825256504898,0.007047582243468248,0.09370323587727587,0.0
15924,1.0,0.05,0.00012225269087866834,9.423825256504898,0.006663783023286978,0.10474486370799493,0.0
15925,1.0,0.05,0.00012225269087866834,9.423825256504898,0.006663783023286978,0.13433184410961135,0.0
15926,1.0,0.05,0.00012225269087866834,9.423825256504898,0.006663783023286978,0.1588320520832184,0.0
15927,1.0,0.05,0.00012225269087866834,9.423825256504898,0.006385893648068149,0.13251726968665467,0.0
15928,1.0,0.05,0.00012145411018067656,10.01668799187918,0.006385893648068149,0.13251726968665467,0.0
15929,1.0,0.05,0.00012145411018067656,10.01668799187918,0.006385893648068149,0.13251726968665467,0.0
15930,1.0,0.05,0.00012145411018067656,10.01668799187918,0.006385893648068149,0.1239470533235359,0.0
15931,1.0,0.05,0.00012145411018067656,10.01668799187918,0.006385893648068149,0.1239470533235359,0.0
15932,1.0,0.05,0.00012658090198708474,10.01668799187918,0.006385893648068149,0.11840806986140857,0.0
15933,1.0,0.05,0.00012658090198708474,10.01668799187918,0.006385893648068149,0.11840806986140857,0.0
15934,1.0,0.05,0.00012658090198708474,10.01668799187918,0.006031162658657782,0.11840806986140857,0.0
15935,1.0,0.05,0.00012658090198708474,10.01668799187918,0.006031162658657782,0.11840806986140857,0.0
15936,1.0,0.05,0.00012658090198708474,9.516667998863724,0.006031162658657782,0.11840806986140857,0.0
15937,1.0,0.05,0.00012658090198708474,6.854637479347275,0.006031162658657782,0.11840806986140857,0.0
15938,1.0,0.05,0.00012658090198708474,6.854637479347275,0.00646812156796765,0.11840806986140857,0.0
15939,1.0,0.05,0.00012658090198708474,6.854637479347275,0.005639449254608476,0.11840806986140857,0.0
15940,1.0,0.05,0.00012658090198708474,6.153249548260106,0.005639449254608476,0.11840806986140857,0.0
15941,1.0,0.05,0.00012658090198708474,6.153249548260106,0.006066262321702493,0.11840806986140857,0.0
15942,1.0,0.05,0.00012658090198708474,6.153249548260106,0.006066262321702493,0.13594478865359794,0.0
15943,1.0,0.05,0.00012658090198708474,6.153249548260106,0.006066262321702493,0.13594478865359794,0.0
15944,1.0,0.05,0.00012658090198708474,6.153249548260106,0.006066262321702493,0.13401667160209632,0.0
15945,1.0,0.05,0.00012658090198708474,6.153249548260106,0.006066262321702493,0.13401667160209632,0.0
15946,1.0,0.05,0.00012658090198708474,6.153249548260106,0.006066262321702493,0.13401667160209632,0.0
15947,1.0,0.05,0.00012658090198708474,6.153249548260106,0.006066262321702493,0.13401667160209632,0.0
15948,1.0,0.05,0.00012658090198708474,6.153249548260106,0.006066262321702493,0.13401667160209632,0.0
15949,1.0,0.05,0.00012658090198708474,6.153249548260106,0.006066262321702493,0.13401667160209632,0.0
15950,1.0,0.05,0.00012658090198708474,6.153249548260106,0.006066262321702493,0.13401667160209632,0.0
15951,1.0,0.05,0.00012658090198708474,7.043409525701634,0.006066262321702493,0.13401667160209632,0.0
15952,1.0,0.05,0.00012658090198708474,7.043409525701634,0.006202815681126251,0.14370837479487453,0.0
15953,1.0,0.05,0.00012658090198708474,7.043409525701634,0.006202815681126251,0.13234210435873936,0.0
15954,1.0,0.05,0.00012658090198708474,9.54110467769776,0.006202815681126251,0.13234210435873936,0.0
15955,1.0,0.05,0.00012658090198708474,9.54110467769776,0.006202815681126251,0.13200766361346244,0.0
15956,1.0,0.05,0.00012658090198708474,9.54110467769776,0.006202815681126251,0.13200766361346244,0.0
15957,1.0,0.05,0.00012658090198708474,9.54110467769776,0.006202815681126251,0.13200766361346244,0.0
15958,1.0,0.05,0.00012658090198708474,9.54110467769776,0.006202815681126251,0.13200766361346244,0.0
15959,1.0,0.05,0.00012658090198708474,3.9351633178102503,0.005936296786720578,0.13200766361346244,0.0
15960,1.0,0.05,0.00012658090198708474,3.9351633178102503,0.005936296786720578,0.13200766361346244,0.0
15961,1.0,0.05,0.00013132826631671204,4.2379991271967725,0.005936296786720578,0.13200766361346244,0.0
15962,1.0,0.05,0.00013132826631671204,4.2379991271967725,0.005936296786720578,0.13200766361346244,0.0
15963,1.0,0.05,0.00013132826631671204,4.2379991271967725,0.005936296786720578,0.13200766361346244,0.0
15964,1.0,0.05,0.00013132826631671204,4.2379991271967725,0.005936296786720578,0.13200766361346244,0.0
15965,1.0,0.05,0.00013132826631671204,4.2379991271967725,0.005936296786720578,0.13200766361346244,0.0
15966,1.0,0.05,0.00013132826631671204,4.2379991271967725,0.005936296786720578,0.13200766361346244,0.0
15967,1.0,0.05,0.00013132826631671204,4.2379991271967725,0.005708756006524419,0.13200766361346244,0.0
15968,1.0,0.05,0.00013132826631671204,4.2379991271967725,0.005708756006524419,0.13200766361346244,0.0
15969,1.0,0.05,0.00013132826631671204,4.2379991271967725,0.005708756006524419,0.13200766361346244,0.0
15970,1.0,0.05,0.00013132826631671204,4.2379991271967725,0.005708756006524419,0.13200766361346244,0.0
15971,1.0,0.05,0.00013132826631671204,4.2379991271967725,0.005708756006524419,0.13200766361346244,0.0
15972,1.0,0.05,0.00013132826631671204,4.2379991271967725,0.005708756006524419,0.13200766361346244,0.0
15973,1.0,0.05,0.00013132826631671204,4.2379991271967725,0.005708756006524419,0.13200766361346244,0.0
15974,1.0,0.05,0.00013132826631671204,4.2379991271967725,0.005708756006524419,0.13200766361346244,0.0
15975,1.0,0.05,0.00013132826631671204,4.2379991271967725,0.005708756006524419,0.13200766361346244,0.0
15976,1.0,0.05,0.00013132826631671204,4.2379991271967725,0.005708756006524419,0.13200766361346244,0.0
15977,1.0,0.05,0.00013132826631671204,4.2379991271967725,0.005708756006524419,0.13200766361346244,0.0
15978,1.0,0.05,0.00013132826631671204,4.2379991271967725,0.0056113476436022046,0.11932481250726308,0.0
15979,1.0,0.05,0.00013132826631671204,4.2379991271967725,0.0056113476436022046,0.11932481250726308,0.0
15980,1.0,0.05,0.00013132826631671204,4.2379991271967725,0.0056113476436022046,0.11932481250726308,0.0
15981,1.0,0.05,0.00013132826631671204,4.2379991271967725,0.005884580038202672,0.11540036922519512,0.0
15982,1.0,0.05,0.00013132826631671204,4.2379991271967725,0.005884580038202672,0.11540036922519512,0.0
15983,1.0,0.05,0.00013132826631671204,4.2379991271967725,0.005884580038202672,0.11540036922519512,0.0
15984,1.0,0.05,0.00013132826631671204,4.2379991271967725,0.005884580038202672,0.11540036922519512,0.0
15985,1.0,0.05,0.00013132826631671204,4.2379991271967725,0.005884580038202672,0.11540036922519512,0.0
15986,1.0,0.05,0.00013132826631671204,4.2379991271967725,0.005884580038202672,0.13410221598068797,0.0
15987,1.0,0.05,0.00013132826631671204,4.2379991271967725,0.005884580038202672,0.13410221598068797,0.0
15988,1.0,0.05,0.00013132826631671204,4.2379991271967725,0.005884580038202672,0.13410221598068797,0.0
15989,1.0,0.05,0.00013132826631671204,4.2379991271967725,0.005884580038202672,0.13410221598068797,0.0
15990,1.0,0.05,0.00013132826631671204,4.2379991271967725,0.005884580038202672,0.13410221598068797,0.0
15991,1.0,0.05,0.00013132826631671204,4.2379991271967725,0.005884580038202672,0.13410221598068797,0.0
15992,1.0,0.05,0.00013132826631671204,4.2379991271967725,0.005884580038202672,0.13410221598068797,0.0
15993,1.0,0.05,0.00013132826631671204,4.2379991271967725,0.005884580038202672,0.13410221598068797,0.0
15994,1.0,0.05,0.00013132826631671204,4.2379991271967725,0.005884580038202672,0.13410221598068797,0.0
15995,1.0,0.05,0.00013132826631671204,4.2379991271967725,0.005884580038202672,0.13410221598068797,0.0
15996,1.0,0.05,0.00013132826631671204,4.2379991271967725,0.005884580038202672,0.13410221598068797,0.0
15997,1.0,0.05,0.00013132826631671204,14.486473535078787,0.005884580038202672,0.08558102178073407,0.0
15998,1.0,0.05,0.00013132826631671204,14.486473535078787,0.005884580038202672,0.08558102178073407,0.0
15999,1.0,0.05,0.00013132826631671204,13.745932856408686,0.005884580038202672,0.08558102178073407,0.0
16000,1.0,0.05,0.00013132826631671204,13.745932856408686,0.005884580038202672,0.08558102178073407,0.0
16001,1.0,0.05,0.00013132826631671204,13.745932856408686,0.005884580038202672,0.08214413096037657,0.0
16002,1.0,0.05,0.00013132826631671204,13.745932856408686,0.005884580038202672,0.08214413096037657,0.0
16003,1.0,0.05,0.00013132826631671204,13.745932856408686,0.005930855012503204,0.08214413096037657,0.0
16004,1.0,0.05,0.00013132826631671204,13.745932856408686,0.005930855012503204,0.08214413096037657,0.0
16005,1.0,0.05,0.0001316276739612482,11.095424130254415,0.005930855012503204,0.08214413096037657,0.0
16006,1.0,0.05,0.0001316276739612482,11.095424130254415,0.005930855012503204,0.07250181743028573,0.0
16007,1.0,0.05,0.0001316276739612482,11.095424130254415,0.005930855012503204,0.12006297685935241,0.0
16008,1.0,0.05,0.0001316276739612482,11.095424130254415,0.005930855012503204,0.12006297685935241,0.0
16009,1.0,0.05,0.00012483167635240222,11.095424130254415,0.005930855012503204,0.09576222937411166,0.0
16010,1.0,0.05,0.00012483167635240222,11.095424130254415,0.005930855012503204,0.09576222937411166,0.0
16011,1.0,0.05,0.00012483167635240222,11.095424130254415,0.005930855012503204,0.09576222937411166,0.0
16012,1.0,0.05,0.00012483167635240222,11.095424130254415,0.005930855012503204,0.09576222937411166,0.0
16013,1.0,0.05,0.00012483167635240222,11.095424130254415,0.005930855012503204,0.09576222937411166,0.0
16014,1.0,0.05,0.00012483167635240222,11.095424130254415,0.005930855012503204,0.09576222937411166,0.0
16015,1.0,0.05,0.00012483167635240222,11.095424130254415,0.005930855012503204,0.09576222937411166,0.0
16016,1.0,0.05,0.00012483167635240222,11.095424130254415,0.005930855012503204,0.10087961973016063,0.0
16017,1.0,0.05,0.00012483167635240222,11.095424130254415,0.005951942925317791,0.10087961973016063,0.0
16018,1.0,0.05,0.00012483167635240222,11.095424130254415,0.0069651694597527855,0.10087961973016063,0.0
16019,1.0,0.05,0.00012483167635240222,11.095424130254415,0.0069651694597527855,0.10087961973016063,0.0
16020,1.0,0.05,0.00012483167635240222,11.095424130254415,0.0069651694597527855,0.10087961973016063,0.0
16021,1.0,0.05,0.00012483167635240222,11.59775088286446,0.0069651694597527855,0.10087961973016063,0.0
16022,1.0,0.05,0.00012581030132396485,11.59775088286446,0.0069651694597527855,0.10087961973016063,0.0
16023,1.0,0.05,0.00012581030132396485,11.59775088286446,0.0069651694597527855,0.10087961973016063,0.0
16024,1.0,0.05,0.00012581030132396485,11.59775088286446,0.0069651694597527855,0.10087961973016063,0.0
16025,1.0,0.05,0.00012581030132396485,11.59775088286446,0.0069651694597527855,0.10087961973016063,0.0
16026,1.0,0.05,0.00012581030132396485,11.59775088286446,0.0069651694597527855,0.10087961973016063,0.0
16027,1.0,0.05,0.00012581030132396485,11.59775088286446,0.0069651694597527855,0.08429536988241346,0.0
16028,1.0,0.05,0.00012581030132396485,11.59775088286446,0.0069651694597527855,0.08429536988241346,0.0
16029,1.0,0.05,0.00012581030132396485,11.59775088286446,0.0069651694597527855,0.105445535775087,0.0
16030,1.0,0.05,0.00012581030132396485,11.59775088286446,0.006453760346721358,0.105445535775087,0.0
16031,1.0,0.05,0.00012581030132396485,13.154863215688238,0.006453760346721358,0.105445535775087,0.0
16032,1.0,0.05,0.00012581030132396485,13.154863215688238,0.006562580753680485,0.105445535775087,0.0
16033,1.0,0.05,0.00012581030132396485,13.154863215688238,0.006562580753680485,0.105445535775087,0.0
16034,1.0,0.05,0.00012581030132396485,13.154863215688238,0.006562580753680485,0.09871377887818544,0.0
16035,1.0,0.05,0.00012581030132396485,13.154863215688238,0.006562580753680485,0.09871377887818544,0.0
16036,1.0,0.05,0.00012581030132396485,13.154863215688238,0.006562580753680485,0.09871377887818544,0.0
16037,1.0,0.05,0.00012581030132396485,8.94130853403567,0.006562580753680485,0.09871377887818544,0.0
16038,1.0,0.05,0.00012581030132396485,8.94130853403567,0.006562580753680485,0.15464246562580616,0.0
16039,1.0,0.05,0.00012581030132396485,8.94130853403567,0.006785549848741867,0.10811993499781608,0.0
16040,1.0,0.05,0.00012581030132396485,8.94130853403567,0.006286722873511477,0.10811993499781608,0.0
16041,1.0,0.05,0.00012581030132396485,8.94130853403567,0.006286722873511477,0.10811993499781608,0.0
16042,1.0,0.05,0.00012581030132396485,9.087826299655859,0.006286722873511477,0.13781518171908858,0.0
16043,1.0,0.05,0.00012581030132396485,9.087826299655859,0.006286722873511477,0.13781518171908858,0.0
16044,1.0,0.05,0.00012581030132396485,9.087826299655859,0.006286722873511477,0.13781518171908858,0.0
16045,1.0,0.05,0.00012581030132396485,9.087826299655859,0.006286722873511477,0.13781518171908858,0.0
16046,1.0,0.05,0.00012581030132396485,9.087826299655859,0.006286722873511477,0.13781518171908858,0.0
16047,1.0,0.05,0.00012581030132396485,9.087826299655859,0.006286722873511477,0.13781518171908858,0.0
16048,1.0,0.05,0.00012581030132396485,9.087826299655859,0.006286722873511477,0.13781518171908858,0.0
16049,1.0,0.05,0.00012581030132396485,9.087826299655859,0.006286722873511477,0.10609448622191443,0.0
16050,1.0,0.05,0.00012289543912809067,9.087826299655859,0.006286722873511477,0.10609448622191443,0.0
16051,1.0,0.05,0.00012289543912809067,9.087826299655859,0.006286722873511477,0.13858326960920714,0.0
16052,1.0,0.05,0.0001223845970490782,9.087826299655859,0.006286722873511477,0.13858326960920714,0.0
16053,1.0,0.05,0.0001223845970490782,9.087826299655859,0.006286722873511477,0.13858326960920714,0.0
16054,1.0,0.05,0.0001223845970490782,9.087826299655859,0.006286722873511477,0.13858326960920714,0.0
16055,1.0,0.05,0.0001223845970490782,9.087826299655859,0.006286722873511477,0.13858326960920714,0.0
16056,1.0,0.05,0.0001223845970490782,9.087826299655859,0.006286722873511477,0.13858326960920714,0.0
16057,1.0,0.05,0.0001223845970490782,9.087826299655859,0.006286722873511477,0.13858326960920714,0.0
16058,1.0,0.05,0.0001223845970490782,9.087826299655859,0.006286722873511477,0.1293111076211862,0.0
16059,1.0,0.05,0.0001223845970490782,9.087826299655859,0.006286722873511477,0.1293111076211862,0.0
16060,1.0,0.05,0.0001162554049203429,9.087826299655859,0.006286722873511477,0.1293111076211862,0.0
16061,1.0,0.05,0.0001162554049203429,9.087826299655859,0.006286722873511477,0.1293111076211862,0.0
16062,1.0,0.05,0.0001162554049203429,9.087826299655859,0.006286722873511477,0.1293111076211862,0.0
16063,1.0,0.05,0.00011097451053157395,9.087826299655859,0.007707669973601761,0.1293111076211862,0.0
16064,1.0,0.05,0.00010973131400385547,9.087826299655859,0.007707669973601761,0.1293111076211862,0.0
16065,1.0,0.05,0.00010973131400385547,9.087826299655859,0.007707669973601761,0.2644176086125196,0.0
16066,1.0,0.05,0.00010973131400385547,9.087826299655859,0.008705104069939153,0.2644176086125196,0.0
16067,1.0,0.05,0.00010973131400385547,9.087826299655859,0.008705104069939153,0.2644176086125196,0.0
16068,1.0,0.05,0.00010973131400385547,9.087826299655859,0.007828876757649877,0.14855345479504958,0.0
16069,1.0,0.05,0.00010973131400385547,9.087826299655859,0.00859975905232475,0.14855345479504958,0.0
16070,1.0,0.05,0.00010973131400385547,9.315507851765531,0.00846884143547779,0.15419925569686063,0.0
16071,1.0,0.05,0.00010973131400385547,9.315507851765531,0.00846884143547779,0.18266971715850885,0.0
16072,1.0,0.05,0.00010973131400385547,9.315507851765531,0.00846884143547779,0.18266971715850885,0.0
16073,1.0,0.05,0.00010973131400385547,9.315507851765531,0.00846884143547779,0.18266971715850885,0.0
16074,1.0,0.05,0.00010973131400385547,9.315507851765531,0.00846884143547779,0.18266971715850885,0.0
16075,1.0,0.05,0.00010973131400385547,8.312150981713344,0.007515033713287348,0.18266971715850885,0.0
16076,1.0,0.05,0.00010973131400385547,13.349796874254082,0.008524849066687039,0.18266971715850885,0.0
16077,1.0,0.05,0.00010973131400385547,13.349796874254082,0.008524849066687039,0.18266971715850885,0.0
16078,1.0,0.05,0.00010973131400385547,13.349796874254082,0.008524849066687039,0.18266971715850885,0.0
16079,1.0,0.05,0.00011233160312808773,13.349796874254082,0.007887519943427719,0.18266971715850885,0.0
16080,1.0,0.05,0.00011233160312808773,13.349796874254082,0.007887519943427719,0.18266971715850885,0.0
16081,1.0,0.05,0.00011233160312808773,13.349796874254082,0.007535621280831756,0.18266971715850885,0.0
16082,1.0,0.05,0.00011233160312808773,13.349796874254082,0.007535621280831756,0.1800913830888845,0.0
16083,1.0,0.05,0.00011233160312808773,9.179051708691645,0.007535621280831756,0.1800913830888845,0.0
16084,1.0,0.05,0.00011233160312808773,9.179051708691645,0.007535621280831756,0.1800913830888845,0.0
16085,1.0,0.05,0.00011233160312808773,9.179051708691645,0.007535621280831756,0.1800913830888845,0.0
16086,1.0,0.05,0.00011233160312808773,9.179051708691645,0.007535621280831756,0.1800913830888845,0.0
16087,1.0,0.05,0.00011233160312808773,8.650060254036163,0.007535621280831756,0.16662007216848884,0.0
16088,1.0,0.05,0.00011233160312808773,12.155193499259283,0.007535621280831756,0.16662007216848884,0.0
16089,1.0,0.05,0.00011233160312808773,12.155193499259283,0.007535621280831756,0.16662007216848884,0.0
16090,1.0,0.05,0.00011233160312808773,12.155193499259283,0.007535621280831756,0.14738996367612553,0.0
16091,1.0,0.05,0.00011233160312808773,12.155193499259283,0.007535621280831756,0.14738996367612553,0.0
16092,1.0,0.05,0.00011233160312808773,12.155193499259283,0.007535621280831756,0.14738996367612553,0.0
16093,1.0,0.05,0.00011233160312808773,12.155193499259283,0.007535621280831756,0.14738996367612553,0.0
16094,1.0,0.05,0.00011233160312808773,12.155193499259283,0.007535621280831756,0.1415747984796641,0.0
16095,1.0,0.05,0.00011233160312808773,12.155193499259283,0.007535621280831756,0.1415747984796641,0.0
16096,1.0,0.05,0.00011233160312808773,12.625303966013576,0.007535621280831756,0.1415747984796641,0.0
16097,1.0,0.05,0.00011233160312808773,12.625303966013576,0.007535621280831756,0.1415747984796641,0.0
16098,1.0,0.05,0.00011233160312808773,12.625303966013576,0.007410743320565878,0.1415747984796641,0.0
16099,1.0,0.05,0.00011233160312808773,12.625303966013576,0.007116996504714998,0.1415747984796641,0.0
16100,1.0,0.05,0.00011233160312808773,12.625303966013576,0.007722886424028622,0.1415747984796641,0.0
16101,1.0,0.05,0.00011233160312808773,12.625303966013576,0.007722886424028622,0.1415747984796641,0.0
16102,1.0,0.05,0.00011233160312808773,12.625303966013576,0.007722886424028622,0.1415747984796641,0.0
16103,1.0,0.05,0.00011233160312808773,16.04018205690518,0.007722886424028622,0.1415747984796641,0.0
16104,1.0,0.05,0.00011233160312808773,16.04018205690518,0.008432496770284067,0.1415747984796641,0.0
16105,1.0,0.05,0.00011233160312808773,16.04018205690518,0.008432496770284067,0.1415747984796641,0.0
16106,1.0,0.05,0.00011233160312808773,16.04018205690518,0.008432496770284067,0.1415747984796641,0.0
16107,1.0,0.05,0.00011233160312808773,16.04018205690518,0.008432496770284067,0.1415747984796641,0.0
16108,1.0,0.05,0.00011233160312808773,16.04018205690518,0.008432496770284067,0.1539968001010232,0.0
16109,1.0,0.05,0.00011233160312808773,16.04018205690518,0.008432496770284067,0.1539968001010232,0.0
16110,1.0,0.05,0.00011233160312808773,6.844248521715812,0.007599410103649371,0.1539968001010232,0.0
16111,1.0,0.05,0.00011233160312808773,6.844248521715812,0.0076518830176564925,0.1539968001010232,0.0
16112,1.0,0.05,0.00011233160312808773,6.844248521715812,0.0076518830176564925,0.1539968001010232,0.0
16113,1.0,0.05,0.00012357859766143827,6.844248521715812,0.0076518830176564925,0.1539968001010232,0.0
16114,1.0,0.05,0.00012357859766143827,6.844248521715812,0.0076518830176564925,0.1539968001010232,0.0
16115,1.0,0.05,0.00012357859766143827,6.844248521715812,0.0076518830176564925,0.15534544668236938,0.0
16116,1.0,0.05,0.00012357859766143827,6.844248521715812,0.0076518830176564925,0.15534544668236938,0.0
16117,1.0,0.05,0.00012357859766143827,6.844248521715812,0.0076518830176564925,0.15534544668236938,0.0
16118,1.0,0.05,0.00011455503311098713,6.844248521715812,0.0076518830176564925,0.15534544668236938,0.0
16119,1.0,0.05,0.00011455503311098713,6.844248521715812,0.0076518830176564925,0.15534544668236938,0.0
16120,1.0,0.05,0.00011455503311098713,6.844248521715812,0.0076518830176564925,0.15534544668236938,0.0
16121,1.0,0.05,0.00012222719368166717,6.844248521715812,0.0076518830176564925,0.15534544668236938,0.0
16122,1.0,0.05,0.00012222719368166717,6.844248521715812,0.0076518830176564925,0.15534544668236938,0.0
16123,1.0,0.05,0.00012222719368166717,6.844248521715812,0.006733881228619387,0.15534544668236938,0.0
16124,1.0,0.05,0.00012222719368166717,6.844248521715812,0.006733881228619387,0.15534544668236938,0.0
16125,1.0,0.05,0.00012222719368166717,6.844248521715812,0.006631018747497658,0.15534544668236938,0.0
16126,1.0,0.05,0.00012222719368166717,6.844248521715812,0.006631018747497658,0.1565035578377441,0.0
16127,1.0,0.05,0.00012222719368166717,6.844248521715812,0.006631018747497658,0.1565035578377441,0.0
16128,1.0,0.05,0.00012222719368166717,6.844248521715812,0.007585713829973809,0.1565035578377441,0.0
16129,1.0,0.05,0.00012222719368166717,6.844248521715812,0.007585713829973809,0.1565035578377441,0.0
16130,1.0,0.05,0.00012222719368166717,6.844248521715812,0.007900300211013149,0.1565035578377441,0.0
16131,1.0,0.05,0.00011819878231853455,6.844248521715812,0.007900300211013149,0.1565035578377441,0.0
16132,1.0,0.05,0.00011819878231853455,6.844248521715812,0.007900300211013149,0.1565035578377441,0.0
16133,1.0,0.05,0.00011863332234235135,10.137059985256556,0.007900300211013149,0.1565035578377441,0.0
16134,1.0,0.05,0.00011863332234235135,10.137059985256556,0.007900300211013149,0.1565035578377441,0.0
16135,1.0,0.05,0.00011863332234235135,10.137059985256556,0.007900300211013149,0.1565035578377441,0.0
16136,1.0,0.05,0.00010735593042706228,10.137059985256556,0.007900300211013149,0.1565035578377441,0.0
16137,1.0,0.05,0.00010735593042706228,12.176233464789377,0.007900300211013149,0.1565035578377441,0.0
16138,1.0,0.05,0.00010988929604134235,13.622567325340086,0.007900300211013149,0.1565035578377441,0.0
16139,1.0,0.05,0.00010988929604134235,13.622567325340086,0.007900300211013149,0.1565035578377441,0.0
16140,1.0,0.05,0.00010988929604134235,13.622567325340086,0.007900300211013149,0.1565035578377441,0.0
16141,1.0,0.05,0.00010988929604134235,13.622567325340086,0.006889807417157915,0.1565035578377441,0.0
16142,1.0,0.05,0.00010988929604134235,13.622567325340086,0.006889807417157915,0.1565035578377441,0.0
16143,1.0,0.05,0.00010988929604134235,13.622567325340086,0.006889807417157915,0.1565035578377441,0.0
16144,1.0,0.05,0.00010988929604134235,13.622567325340086,0.006889807417157915,0.1565035578377441,0.0
16145,1.0,0.05,0.00010988929604134235,13.622567325340086,0.006889807417157915,0.1565035578377441,0.0
16146,1.0,0.05,0.00010988929604134235,13.622567325340086,0.006889807417157915,0.1299093812685928,0.0
16147,1.0,0.05,0.00010988929604134235,13.622567325340086,0.006864579042646625,0.1299093812685928,0.0
16148,1.0,0.05,0.00010988929604134235,13.622567325340086,0.006864579042646625,0.1299093812685928,0.0
16149,1.0,0.05,0.00010988929604134235,17.021152437130254,0.006864579042646625,0.14688644888113359,0.0
16150,1.0,0.05,0.00010988929604134235,17.021152437130254,0.006864579042646625,0.11234248181637667,0.0
16151,1.0,0.05,0.00010988929604134235,16.303790313537945,0.006864579042646625,0.11234248181637667,0.0
16152,1.0,0.05,0.00010988929604134235,16.303790313537945,0.006864579042646625,0.11234248181637667,0.0
16153,1.0,0.05,0.00010988929604134235,16.303790313537945,0.006864579042646625,0.11234248181637667,0.0
16154,1.0,0.05,0.00010988929604134235,14.050818867420986,0.006864579042646625,0.11234248181637667,0.0
16155,1.0,0.05,0.0001219800499734325,14.050818867420986,0.006864579042646625,0.11234248181637667,0.0
16156,1.0,0.05,0.0001219800499734325,14.050818867420986,0.0059752271836339115,0.11234248181637667,0.0
16157,1.0,0.05,0.0001219800499734325,14.050818867420986,0.006461480780867166,0.10693409623654136,0.0
16158,1.0,0.05,0.0001219800499734325,14.050818867420986,0.006461480780867166,0.10693409623654136,0.0
16159,1.0,0.05,0.00012358147913939192,14.050818867420986,0.006461480780867166,0.10693409623654136,0.0
16160,1.0,0.05,0.0001239059521157722,14.050818867420986,0.006920114961337216,0.10693409623654136,0.0
16161,1.0,0.05,0.0001239059521157722,14.050818867420986,0.0072630328120063805,0.10693409623654136,0.0
16162,1.0,0.05,0.0001239059521157722,14.050818867420986,0.0072630328120063805,0.10693409623654136,0.0
16163,1.0,0.05,0.0001239059521157722,14.050818867420986,0.0072630328120063805,0.10693409623654136,0.0
16164,1.0,0.05,0.0001239059521157722,14.050818867420986,0.0072630328120063805,0.1073604718248161,0.0
16165,1.0,0.05,0.0001239059521157722,14.050818867420986,0.0072630328120063805,0.1073604718248161,0.0
16166,1.0,0.05,0.00011974467740345817,14.050818867420986,0.0072630328120063805,0.1073604718248161,0.0
16167,1.0,0.05,0.00011974467740345817,14.050818867420986,0.0072630328120063805,0.1073604718248161,0.0
16168,1.0,0.05,0.00011974467740345817,14.050818867420986,0.0072630328120063805,0.1073604718248161,0.0
16169,1.0,0.05,0.00011974467740345817,12.759311127735785,0.0072630328120063805,0.12919468875541854,0.0
16170,1.0,0.05,0.00011974467740345817,12.759311127735785,0.0072630328120063805,0.11919449719663647,0.0
16171,1.0,0.05,0.00011974467740345817,12.759311127735785,0.0072630328120063805,0.11919449719663647,0.0
16172,1.0,0.05,0.00011974467740345817,12.759311127735785,0.0072630328120063805,0.11919449719663647,0.0
16173,1.0,0.05,0.00011974467740345817,12.438694990335591,0.0072630328120063805,0.11919449719663647,0.0
16174,1.0,0.05,0.00011974467740345817,12.438694990335591,0.0072630328120063805,0.11919449719663647,0.0
16175,1.0,0.05,0.00011974467740345817,12.438694990335591,0.0072630328120063805,0.11919449719663647,0.0
16176,1.0,0.05,0.00011974467740345817,12.438694990335591,0.0072630328120063805,0.11919449719663647,0.0
16177,1.0,0.05,0.00011974467740345817,12.438694990335591,0.0072630328120063805,0.11919449719663647,0.0
16178,1.0,0.05,0.00011974467740345817,12.438694990335591,0.0072630328120063805,0.11919449719663647,0.0
16179,1.0,0.05,0.00011974467740345817,12.438694990335591,0.0072630328120063805,0.10167062373475272,0.0
16180,1.0,0.05,0.00011974467740345817,12.438694990335591,0.0072630328120063805,0.10167062373475272,0.0
16181,1.0,0.05,0.00011974467740345817,12.438694990335591,0.0072630328120063805,0.10167062373475272,0.0
16182,1.0,0.05,0.00011974467740345817,12.438694990335591,0.0072630328120063805,0.10167062373475272,0.0
16183,1.0,0.05,0.00011974467740345817,12.438694990335591,0.0072630328120063805,0.10167062373475272,0.0
16184,1.0,0.05,0.00011974467740345817,12.438694990335591,0.0072630328120063805,0.10167062373475272,0.0
16185,1.0,0.05,0.00011974467740345817,12.438694990335591,0.0072630328120063805,0.10167062373475272,0.0
16186,1.0,0.05,0.00011974467740345817,12.438694990335591,0.0072630328120063805,0.10167062373475272,0.0
16187,1.0,0.05,0.00011974467740345817,12.438694990335591,0.0072630328120063805,0.10167062373475272,0.0
16188,1.0,0.05,0.00011974467740345817,17.598634860422607,0.0072630328120063805,0.10167062373475272,0.0
16189,1.0,0.05,0.00011974467740345817,17.598634860422607,0.0071927026527589515,0.10167062373475272,0.0
16190,1.0,0.05,0.00011974467740345817,17.598634860422607,0.0071927026527589515,0.10332057120561056,0.0
16191,1.0,0.05,0.00011974467740345817,17.598634860422607,0.0071927026527589515,0.10332057120561056,0.0
16192,1.0,0.05,0.00011974467740345817,16.94983057507598,0.0071927026527589515,0.10332057120561056,0.0
16193,1.0,0.05,0.00011974467740345817,15.897258909723263,0.0071927026527589515,0.10332057120561056,0.0
16194,1.0,0.05,0.00011974467740345817,15.897258909723263,0.0071927026527589515,0.10332057120561056,0.0
16195,1.0,0.05,0.00011974467740345817,15.897258909723263,0.0071927026527589515,0.10332057120561056,0.0
16196,1.0,0.05,0.00011974467740345817,15.897258909723263,0.0071927026527589515,0.10332057120561056,0.0
16197,1.0,0.05,0.00011974467740345817,15.897258909723263,0.0071927026527589515,0.10332057120561056,0.0
16198,1.0,0.05,0.00011974467740345817,15.897258909723263,0.0071927026527589515,0.08663404186308213,0.0
16199,1.0,0.05,0.00011974467740345817,13.440099945756813,0.006688442883009913,0.10538511097019276,0.0
16200,1.0,0.05,0.00011974467740345817,13.440099945756813,0.006688442883009913,0.10538511097019276,0.0
16201,1.0,0.05,0.00011974467740345817,13.440099945756813,0.006688442883009913,0.10538511097019276,0.0
16202,1.0,0.05,0.00011974467740345817,17.20800508926621,0.00790529564937039,0.10538511097019276,0.0
16203,1.0,0.05,0.00011924073931133832,17.20800508926621,0.00790529564937039,0.10538511097019276,0.0
16204,1.0,0.05,0.00011924073931133832,9.091750625733908,0.00790529564937039,0.10538511097019276,0.0
16205,1.0,0.05,0.00011924073931133832,10.139072315128956,0.00790529564937039,0.10538511097019276,0.0
16206,1.0,0.05,0.00011924073931133832,10.139072315128956,0.00790529564937039,0.10538511097019276,0.0
16207,1.0,0.05,0.00013137756212351927,10.139072315128956,0.006105543234383591,0.10538511097019276,0.0
16208,1.0,0.05,0.00013137756212351927,10.139072315128956,0.006105543234383591,0.10538511097019276,0.0
16209,1.0,0.05,0.00013137756212351927,10.139072315128956,0.006105543234383591,0.10538511097019276,0.0
16210,1.0,0.05,0.00013137756212351927,10.139072315128956,0.006105543234383591,0.10538511097019276,0.0
16211,1.0,0.05,0.00013137756212351927,10.139072315128956,0.006105543234383591,0.10538511097019276,0.0
16212,1.0,0.05,0.00012281362926245675,10.139072315128956,0.006105543234383591,0.10538511097019276,0.0
16213,1.0,0.05,0.00012281362926245675,10.139072315128956,0.006105543234383591,0.11368283958528203,0.0
16214,1.0,0.05,0.00012281362926245675,10.139072315128956,0.006105543234383591,0.1343667604406833,0.0
16215,1.0,0.05,0.00012281362926245675,10.139072315128956,0.006105543234383591,0.1343667604406833,0.0
16216,1.0,0.05,0.00012281362926245675,10.139072315128956,0.006105543234383591,0.09821639115422029,0.0
16217,1.0,0.05,0.00012281362926245675,10.139072315128956,0.007180165104810476,0.09821639115422029,0.0
16218,1.0,0.05,0.00012281362926245675,10.139072315128956,0.0057812955267689215,0.09821639115422029,0.0
16219,1.0,0.05,0.00012281362926245675,14.394955316707694,0.0057812955267689215,0.09821639115422029,0.0
16220,1.0,0.05,0.00012281362926245675,14.394955316707694,0.0062656566336558245,0.09896358799041241,0.0
16221,1.0,0.05,0.00012281362926245675,14.394955316707694,0.0062656566336558245,0.09896358799041241,0.0
16222,1.0,0.05,0.00012281362926245675,14.394955316707694,0.0062656566336558245,0.09896358799041241,0.0
16223,1.0,0.05,0.00012281362926245675,14.464920206575215,0.007678564777596943,0.09896358799041241,0.0
16224,1.0,0.05,0.00012281362926245675,14.464920206575215,0.006774581616946761,0.09896358799041241,0.0
16225,1.0,0.05,0.00012281362926245675,14.464920206575215,0.006774581616946761,0.09896358799041241,0.0
16226,1.0,0.05,0.00012281362926245675,10.54299906403189,0.006774581616946761,0.09896358799041241,0.0
16227,1.0,0.05,0.00012281362926245675,10.54299906403189,0.006774581616946761,0.09896358799041241,0.0
16228,1.0,0.05,0.00012281362926245675,10.54299906403189,0.006774581616946761,0.09896358799041241,0.0
16229,1.0,0.05,0.00012281362926245675,10.54299906403189,0.006774581616946761,0.10411360043925275,0.0
16230,1.0,0.05,0.00012281362926245675,10.54299906403189,0.007600170632515486,0.10411360043925275,0.0
16231,1.0,0.05,0.00012281362926245675,10.54299906403189,0.007600170632515486,0.10613055132567639,0.0
16232,1.0,0.05,0.0001182770926436599,10.54299906403189,0.007600170632515486,0.10613055132567639,0.0
16233,1.0,0.05,0.0001182770926436599,10.54299906403189,0.007600170632515486,0.10613055132567639,0.0
16234,1.0,0.05,0.0001182770926436599,10.54299906403189,0.007600170632515486,0.10613055132567639,0.0
16235,1.0,0.05,0.0001182770926436599,10.54299906403189,0.007600170632515486,0.10613055132567639,0.0
16236,1.0,0.05,0.0001182770926436599,18.367880156335133,0.007600170632515486,0.10613055132567639,0.0
16237,1.0,0.05,0.0001182770926436599,18.367880156335133,0.007600170632515486,0.10613055132567639,0.0
16238,1.0,0.05,0.0001182770926436599,18.367880156335133,0.007600170632515486,0.10613055132567639,0.0
16239,1.0,0.05,0.0001182770926436599,18.367880156335133,0.007600170632515486,0.10613055132567639,0.0
16240,1.0,0.05,0.0001182770926436599,18.367880156335133,0.006974397294961785,0.10613055132567639,0.0
16241,1.0,0.05,0.0001182770926436599,18.367880156335133,0.006974397294961785,0.10613055132567639,0.0
16242,1.0,0.05,0.0001182770926436599,18.367880156335133,0.007584027755549388,0.10613055132567639,0.0
16243,1.0,0.05,0.0001182770926436599,18.367880156335133,0.007584027755549388,0.10613055132567639,0.0
16244,1.0,0.05,0.0001182770926436599,18.367880156335133,0.007584027755549388,0.10613055132567639,0.0
16245,1.0,0.05,0.0001182770926436599,17.089514375770094,0.007110930934909628,0.10613055132567639,0.0
16246,1.0,0.05,0.0001182770926436599,17.089514375770094,0.007110930934909628,0.11425299475025692,0.0
16247,1.0,0.05,0.0001182770926436599,17.089514375770094,0.007110930934909628,0.11425299475025692,0.0
16248,1.0,0.05,0.0001182770926436599,17.089514375770094,0.0065072881205009755,0.11425299475025692,0.0
16249,1.0,0.05,0.0001182770926436599,9.213822408400674,0.0065072881205009755,0.11425299475025692,0.0
16250,1.0,0.05,0.0001182770926436599,9.213822408400674,0.0065072881205009755,0.11425299475025692,0.0
16251,1.0,0.05,0.0001182770926436599,9.213822408400674,0.0065072881205009755,0.11425299475025692,0.0
16252,1.0,0.05,0.0001182770926436599,9.213822408400674,0.0065072881205009755,0.11425299475025692,0.0
16253,1.0,0.05,0.0001182770926436599,13.422405283190699,0.0065072881205009755,0.11425299475025692,0.0
16254,1.0,0.05,0.0001182770926436599,12.506176768968075,0.0065072881205009755,0.11425299475025692,0.0
16255,1.0,0.05,0.00012098570289777961,12.506176768968075,0.0065072881205009755,0.11425299475025692,0.0
16256,1.0,0.05,0.00012098570289777961,12.506176768968075,0.00598655155553353,0.11425299475025692,0.0
16257,1.0,0.05,0.00012098570289777961,12.506176768968075,0.00598655155553353,0.11425299475025692,0.0
16258,1.0,0.05,0.00012098570289777961,14.1085927611458,0.0063369940131345415,0.11425299475025692,0.0
16259,1.0,0.05,0.00012098570289777961,11.937095755997376,0.0063369940131345415,0.11425299475025692,0.0
16260,1.0,0.05,0.00012098570289777961,11.937095755997376,0.0063369940131345415,0.11425299475025692,0.0
16261,1.0,0.05,0.00012098570289777961,11.937095755997376,0.0063369940131345415,0.11425299475025692,0.0
16262,1.0,0.05,0.0001301018756699044,10.124821705350584,0.0063369940131345415,0.11425299475025692,0.0
16263,1.0,0.05,0.0001301018756699044,10.124821705350584,0.0063369940131345415,0.11425299475025692,0.0
16264,1.0,0.05,0.0001301018756699044,10.124821705350584,0.0063369940131345415,0.11425299475025692,0.0
16265,1.0,0.05,0.0001301018756699044,10.124821705350584,0.0063369940131345415,0.11425299475025692,0.0
16266,1.0,0.05,0.0001301018756699044,10.124821705350584,0.0063369940131345415,0.11425299475025692,0.0
16267,1.0,0.05,0.0001301018756699044,10.124821705350584,0.0063369940131345415,0.11425299475025692,0.0
16268,1.0,0.05,0.0001301018756699044,10.124821705350584,0.0063369940131345415,0.11425299475025692,0.0
16269,1.0,0.05,0.0001301018756699044,10.124821705350584,0.0063369940131345415,0.10231339452549443,0.0
16270,1.0,0.05,0.0001301018756699044,10.124821705350584,0.0063369940131345415,0.10231339452549443,0.0
16271,1.0,0.05,0.00012830767925338973,10.124821705350584,0.0063369940131345415,0.10231339452549443,0.0
16272,1.0,0.05,0.00012830767925338973,10.124821705350584,0.0063369940131345415,0.10231339452549443,0.0
16273,1.0,0.05,0.00012830767925338973,10.124821705350584,0.0063369940131345415,0.10231339452549443,0.0
16274,1.0,0.05,0.00012830767925338973,10.124821705350584,0.005962503885048401,0.10231339452549443,0.0
16275,1.0,0.05,0.00012830767925338973,8.773380918017935,0.005962503885048401,0.10231339452549443,0.0
16276,1.0,0.05,0.00012830767925338973,8.773380918017935,0.005962503885048401,0.10363751445136328,0.0
16277,1.0,0.05,0.00012830767925338973,8.773380918017935,0.005962503885048401,0.10363751445136328,0.0
16278,1.0,0.05,0.00012830767925338973,8.773380918017935,0.005962503885048401,0.10363751445136328,0.0
16279,1.0,0.05,0.00012830767925338973,8.773380918017935,0.005962503885048401,0.10363751445136328,0.0
16280,1.0,0.05,0.00012830767925338973,8.773380918017935,0.005962503885048401,0.10363751445136328,0.0
16281,1.0,0.05,0.00012830767925338973,8.773380918017935,0.005962503885048401,0.10363751445136328,0.0
16282,1.0,0.05,0.00012830767925338973,8.773380918017935,0.005962503885048401,0.10363751445136328,0.0
16283,1.0,0.05,0.00012830767925338973,8.773380918017935,0.006193488340184025,0.10363751445136328,0.0
16284,1.0,0.05,0.00012830767925338973,8.773380918017935,0.005717147858425001,0.10363751445136328,0.0
16285,1.0,0.05,0.00012830767925338973,8.773380918017935,0.005717147858425001,0.10363751445136328,0.0
16286,1.0,0.05,0.00012830767925338973,5.744958940423089,0.005717147858425001,0.10363751445136328,0.0
16287,1.0,0.05,0.00012830767925338973,5.744958940423089,0.005717147858425001,0.10363751445136328,0.0
16288,1.0,0.05,0.00012830767925338973,5.744958940423089,0.005717147858425001,0.14273828887941303,0.0
16289,1.0,0.05,0.00012830767925338973,7.267654317824125,0.005717147858425001,0.1261880351468268,0.0
16290,1.0,0.05,0.00012830767925338973,7.267654317824125,0.005717147858425001,0.1261880351468268,0.0
16291,1.0,0.05,0.00013198679770806533,7.267654317824125,0.005717147858425001,0.1261880351468268,0.0
16292,1.0,0.05,0.00013198679770806533,7.267654317824125,0.005717147858425001,0.1387151920673527,0.0
16293,1.0,0.05,0.00013198679770806533,7.267654317824125,0.005717147858425001,0.09240075023816888,0.0
16294,1.0,0.05,0.00013198679770806533,7.267654317824125,0.005717147858425001,0.09240075023816888,0.0
16295,1.0,0.05,0.00013198679770806533,7.267654317824125,0.005717147858425001,0.09240075023816888,0.0
16296,1.0,0.05,0.00013198679770806533,7.267654317824125,0.005717147858425001,0.09240075023816888,0.0
16297,1.0,0.05,0.00013198679770806533,8.111033477361246,0.005717147858425001,0.09240075023816888,0.0
16298,1.0,0.05,0.00013198679770806533,8.111033477361246,0.005717147858425001,0.09240075023816888,0.0
16299,1.0,0.05,0.00013198679770806533,8.111033477361246,0.006321193799494492,0.10420436894401129,0.0
16300,1.0,0.05,0.00013198679770806533,8.111033477361246,0.006321193799494492,0.10420436894401129,0.0
16301,1.0,0.05,0.00013198679770806533,8.111033477361246,0.006321193799494492,0.10420436894401129,0.0
16302,1.0,0.05,0.00013198679770806533,8.111033477361246,0.006321193799494492,0.10420436894401129,0.0
16303,1.0,0.05,0.00013198679770806533,8.111033477361246,0.006321193799494492,0.10420436894401129,0.0
16304,1.0,0.05,0.00013198679770806533,10.530883743887372,0.006321193799494492,0.09863199276378472,0.0
16305,1.0,0.05,0.00013198679770806533,10.530883743887372,0.006321193799494492,0.09863199276378472,0.0
16306,1.0,0.05,0.00013198679770806533,10.530883743887372,0.006321193799494492,0.09863199276378472,0.0
16307,1.0,0.05,0.00013198679770806533,10.530883743887372,0.006321193799494492,0.09863199276378472,0.0
16308,1.0,0.05,0.00013198679770806533,8.632474966692854,0.006321193799494492,0.09863199276378472,0.0
16309,1.0,0.05,0.00013198679770806533,8.632474966692854,0.006321193799494492,0.09863199276378472,0.0
16310,1.0,0.05,0.00013198679770806533,8.632474966692854,0.006321193799494492,0.09863199276378472,0.0
16311,1.0,0.05,0.00013198679770806533,8.632474966692854,0.006321193799494492,0.09541682080003269,0.0
16312,1.0,0.05,0.00013198679770806533,8.632474966692854,0.006321193799494492,0.09541682080003269,0.0
16313,1.0,0.05,0.00013198679770806533,8.632474966692854,0.006321193799494492,0.11954380748242893,0.0
16314,1.0,0.05,0.00013198679770806533,8.632474966692854,0.006030771233031313,0.11954380748242893,0.0
16315,1.0,0.05,0.00013198679770806533,8.632474966692854,0.006190189408596659,0.11954380748242893,0.0
16316,1.0,0.05,0.00013198679770806533,8.632474966692854,0.006190189408596659,0.11954380748242893,0.0
16317,1.0,0.05,0.00013198679770806533,8.632474966692854,0.0062620389335749545,0.11954380748242893,0.0
16318,1.0,0.05,0.00012195811315353124,8.632474966692854,0.0062620389335749545,0.11954380748242893,0.0
16319,1.0,0.05,0.00012195811315353124,8.632474966692854,0.0072827779492767334,0.11954380748242893,0.0
16320,1.0,0.05,0.00012195811315353124,8.632474966692854,0.0072827779492767334,0.11954380748242893,0.0
16321,1.0,0.05,0.00012195811315353124,8.632474966692854,0.007290192184571692,0.1458653710020581,0.0
16322,1.0,0.05,0.00012195811315353124,8.632474966692854,0.007290192184571692,0.1458653710020581,0.0
16323,1.0,0.05,0.00012195811315353124,7.74099645070558,0.007095399280799735,0.1458653710020581,0.0
16324,1.0,0.05,0.00012195811315353124,7.74099645070558,0.007095399280799735,0.1763878060383511,0.0
16325,1.0,0.05,0.00012195811315353124,7.74099645070558,0.007095399280799735,0.15291481355992906,0.0
16326,1.0,0.05,0.00012195811315353124,7.74099645070558,0.007095399280799735,0.15291481355992906,0.0
16327,1.0,0.05,0.00012195811315353124,7.74099645070558,0.007095399280799735,0.15291481355992906,0.0
16328,1.0,0.05,0.00012195811315353124,7.74099645070558,0.007095399280799735,0.1401366137387594,0.0
16329,1.0,0.05,0.00012195811315353124,7.74099645070558,0.007095399280799735,0.1401366137387594,0.0
16330,1.0,0.05,0.00012195811315353124,7.74099645070558,0.007316095030940894,0.1401366137387594,0.0
16331,1.0,0.05,0.00012195811315353124,7.74099645070558,0.007316095030940894,0.1401366137387594,0.0
16332,1.0,0.05,0.00012195811315353124,7.74099645070558,0.007316095030940894,0.1401366137387594,0.0
16333,1.0,0.05,0.00012195811315353124,7.74099645070558,0.007316095030940894,0.1401366137387594,0.0
16334,1.0,0.05,0.00012195811315353124,7.74099645070558,0.006918412582838553,0.1401366137387594,0.0
16335,1.0,0.05,0.00012195811315353124,7.74099645070558,0.006918412582838553,0.1401366137387594,0.0
16336,1.0,0.05,0.00012195811315353124,7.74099645070558,0.007363317600935778,0.1401366137387594,0.0
16337,1.0,0.05,0.00012195811315353124,7.74099645070558,0.007363317600935778,0.1401366137387594,0.0
16338,1.0,0.05,0.00012195811315353124,7.74099645070558,0.007363317600935778,0.1401366137387594,0.0
16339,1.0,0.05,0.00012195811315353124,7.74099645070558,0.00621425696611304,0.1401366137387594,0.0
16340,1.0,0.05,0.00012195811315353124,7.74099645070558,0.00621425696611304,0.1401366137387594,0.0
16341,1.0,0.05,0.00012195811315353124,7.74099645070558,0.00621425696611304,0.1401366137387594,0.0
16342,1.0,0.05,0.00012195811315353124,7.74099645070558,0.00621425696611304,0.1401366137387594,0.0
16343,1.0,0.05,0.00012195811315353124,7.74099645070558,0.00621425696611304,0.1401366137387594,0.0
16344,1.0,0.05,0.0001287694966439484,7.74099645070558,0.006162950300561762,0.1401366137387594,0.0
16345,1.0,0.05,0.0001287694966439484,7.74099645070558,0.006162950300561762,0.1401366137387594,0.0
16346,1.0,0.05,0.0001287694966439484,7.74099645070558,0.006162950300561762,0.1401366137387594,0.0
16347,1.0,0.05,0.0001287694966439484,7.74099645070558,0.006162950300561762,0.1401366137387594,0.0
16348,1.0,0.05,0.0001287694966439484,7.74099645070558,0.006162950300561762,0.1401366137387594,0.0
16349,1.0,0.05,0.00012529301220515738,7.74099645070558,0.006162950300561762,0.1401366137387594,0.0
16350,1.0,0.05,0.00012529301220515738,7.74099645070558,0.006162950300561762,0.1401366137387594,0.0
16351,1.0,0.05,0.00012529301220515738,7.74099645070558,0.006162950300561762,0.1401366137387594,0.0
16352,1.0,0.05,0.00012529301220515738,7.74099645070558,0.006162950300561762,0.1401366137387594,0.0
16353,1.0,0.05,0.00012529301220515738,7.74099645070558,0.006162950300561762,0.1401366137387594,0.0
16354,1.0,0.05,0.00012529301220515738,7.74099645070558,0.006162950300561762,0.1401366137387594,0.0
16355,1.0,0.05,0.00012529301220515738,7.74099645070558,0.006162950300561762,0.12538157045535753,0.0
16356,1.0,0.05,0.00012529301220515738,12.26104723306129,0.006162950300561762,0.12538157045535753,0.0
16357,1.0,0.05,0.00012005738355732637,10.179795244258386,0.006162950300561762,0.12538157045535753,0.0
16358,1.0,0.05,0.00012005738355732637,10.179795244258386,0.006265603436688373,0.12538157045535753,0.0
16359,1.0,0.05,0.00012005738355732637,10.179795244258386,0.006265603436688373,0.12538157045535753,0.0
16360,1.0,0.05,0.00012005738355732637,10.179795244258386,0.006265603436688373,0.12538157045535753,0.0
16361,1.0,0.05,0.00012005738355732637,10.179795244258386,0.006265603436688373,0.12538157045535753,0.0
16362,1.0,0.05,0.00012005738355732637,10.179795244258386,0.006265603436688373,0.12538157045535753,0.0
16363,1.0,0.05,0.00012005738355732637,10.179795244258386,0.006265603436688373,0.12538157045535753,0.0
16364,1.0,0.05,0.00012005738355732637,10.179795244258386,0.006265603436688373,0.12538157045535753,0.0
16365,1.0,0.05,0.00012005738355732637,12.38809165721537,0.006215479496301542,0.12538157045535753,0.0
16366,1.0,0.05,0.00012005738355732637,12.38809165721537,0.006215479496301542,0.12538157045535753,0.0
16367,1.0,0.05,0.00012005738355732637,12.38809165721537,0.00616194853665085,0.12538157045535753,0.0
16368,1.0,0.05,0.00012005738355732637,12.38809165721537,0.00616194853665085,0.10919074896474537,0.0
16369,1.0,0.05,0.00012005738355732637,12.38809165721537,0.007070655638851263,0.10919074896474537,0.0
16370,1.0,0.05,0.00012005738355732637,12.38809165721537,0.007070655638851263,0.10919074896474537,0.0
16371,1.0,0.05,0.00012005738355732637,12.38809165721537,0.007070655638851263,0.10919074896474537,0.0
16372,1.0,0.05,0.00012005738355732637,12.38809165721537,0.007070655638851263,0.10919074896474537,0.0
16373,1.0,0.05,0.00012005738355732637,12.38809165721537,0.007070655638851263,0.10919074896474537,0.0
16374,1.0,0.05,0.00012005738355732637,12.38809165721537,0.007070655638851263,0.10919074896474537,0.0
16375,1.0,0.05,0.00012005738355732637,12.38809165721537,0.007070655638851263,0.10919074896474537,0.0
16376,1.0,0.05,0.00012005738355732637,12.38809165721537,0.007070655638851263,0.10919074896474537,0.0
16377,1.0,0.05,0.00011472801693122283,12.38809165721537,0.007250250487578034,0.10919074896474537,0.0
16378,1.0,0.05,0.00011472801693122283,12.38809165721537,0.007250250487578034,0.10919074896474537,0.0
16379,1.0,0.05,0.0001305711967183225,12.38809165721537,0.007250250487578034,0.10919074896474537,0.0
16380,1.0,0.05,0.00012408236187288178,13.096187295243467,0.007250250487578034,0.0816186910175076,0.0
16381,1.0,0.05,0.00012408236187288178,13.096187295243467,0.007250250487578034,0.0816186910175076,0.0
16382,1.0,0.05,0.00012408236187288178,13.096187295243467,0.005777642396425447,0.0816186910175076,0.0
16383,1.0,0.05,0.00012408236187288178,13.096187295243467,0.005777642396425447,0.0816186910175076,0.0
16384,1.0,0.05,0.00012408236187288178,13.096187295243467,0.005777642396425447,0.0816186910175076,0.0
16385,1.0,0.05,0.00012408236187288178,13.096187295243467,0.005777642396425447,0.0816186910175076,0.0
16386,1.0,0.05,0.00012408236187288178,12.332042071800814,0.005777642396425447,0.0816186910175076,0.0
16387,1.0,0.05,0.00012408236187288178,12.332042071800814,0.005777642396425447,0.0816186910175076,0.0
16388,1.0,0.05,0.00012408236187288178,5.970926401848956,0.005777642396425447,0.12170029711094235,0.0
16389,1.0,0.05,0.00012408236187288178,5.970926401848956,0.005777642396425447,0.12170029711094235,0.0
16390,1.0,0.05,0.00012408236187288178,5.970926401848956,0.005777642396425447,0.12170029711094235,0.0
16391,1.0,0.05,0.00013256566280455147,5.970926401848956,0.005777642396425447,0.12170029711094235,0.0
16392,1.0,0.05,0.00013256566280455147,5.970926401848956,0.005777642396425447,0.12170029711094235,0.0
16393,1.0,0.05,0.00013256566280455147,5.970926401848956,0.005777642396425447,0.12170029711094235,0.0
16394,1.0,0.05,0.00013256566280455147,8.044509104207151,0.005777642396425447,0.10161876265415429,0.0
16395,1.0,0.05,0.00013256566280455147,8.044509104207151,0.005777642396425447,0.10161876265415429,0.0
16396,1.0,0.05,0.00013256566280455147,8.044509104207151,0.005968626978200672,0.10161876265415429,0.0
16397,1.0,0.05,0.00013256566280455147,8.044509104207151,0.005968626978200672,0.10161876265415429,0.0
16398,1.0,0.05,0.00013256566280455147,8.044509104207151,0.005968626978200672,0.10161876265415429,0.0
16399,1.0,0.05,0.00013256566280455147,8.044509104207151,0.005968626978200672,0.10161876265415429,0.0
16400,1.0,0.05,0.00013256566280455147,8.044509104207151,0.005968626978200672,0.10161876265415429,0.0
16401,1.0,0.05,0.00013256566280455147,8.044509104207151,0.005968626978200672,0.10161876265415429,0.0
16402,1.0,0.05,0.00013003106200673892,8.044509104207151,0.005968626978200672,0.10161876265415429,0.0
16403,1.0,0.05,0.00013003106200673892,8.044509104207151,0.005968626978200672,0.10090429890580352,0.0
16404,1.0,0.05,0.00013003106200673892,8.044509104207151,0.005968626978200672,0.10090429890580352,0.0
16405,1.0,0.05,0.00013003106200673892,8.044509104207151,0.005968626978200672,0.10090429890580352,0.0
16406,1.0,0.05,0.00012564811232760315,8.044509104207151,0.005587905225860078,0.10090429890580352,0.0
16407,1.0,0.05,0.00012564811232760315,8.044509104207151,0.005587905225860078,0.10090429890580352,0.0
16408,1.0,0.05,0.00012564811232760315,8.044509104207151,0.005587905225860078,0.10090429890580352,0.0
16409,1.0,0.05,0.00012564811232760315,8.044509104207151,0.005587905225860078,0.10090429890580352,0.0
16410,1.0,0.05,0.00012564811232760315,8.044509104207151,0.006091320214473278,0.10090429890580352,0.0
16411,1.0,0.05,0.00012564811232760315,8.999063231886169,0.006990703558814013,0.10090429890580352,0.0
16412,1.0,0.05,0.00012564811232760315,8.999063231886169,0.006990703558814013,0.10090429890580352,0.0
16413,1.0,0.05,0.00012564811232760315,8.999063231886169,0.00689038297935939,0.09506817827302172,0.0
16414,1.0,0.05,0.00012564811232760315,8.999063231886169,0.00689038297935939,0.09506817827302172,0.0
16415,1.0,0.05,0.00012564811232760315,9.392116093215463,0.00689038297935939,0.09506817827302172,0.0
16416,1.0,0.05,0.00012564811232760315,9.392116093215463,0.0070444311998795524,0.09506817827302172,0.0
16417,1.0,0.05,0.00012481787687938992,16.48510077942369,0.0070444311998795524,0.09506817827302172,0.0
16418,1.0,0.05,0.00012481787687938992,16.48510077942369,0.0070444311998795524,0.09506817827302172,0.0
16419,1.0,0.05,0.00012481787687938992,16.48510077942369,0.0070444311998795524,0.09506817827302172,0.0
16420,1.0,0.05,0.00012481787687938992,16.48510077942369,0.0070444311998795524,0.09506817827302172,0.0
16421,1.0,0.05,0.00012481787687938992,16.48510077942369,0.0070444311998795524,0.09506817827302172,0.0
16422,1.0,0.05,0.00012481787687938992,16.48510077942369,0.0070444311998795524,0.10517855555097459,0.0
16423,1.0,0.05,0.00012481787687938992,16.48510077942369,0.0070444311998795524,0.10517855555097459,0.0
16424,1.0,0.05,0.00012481787687938992,16.48510077942369,0.0070444311998795524,0.10517855555097459,0.0
16425,1.0,0.05,0.00012481787687938992,16.48510077942369,0.0070444311998795524,0.10517855555097459,0.0
16426,1.0,0.05,0.00012481787687938992,16.48510077942369,0.0070444311998795524,0.10517855555097459,0.0
16427,1.0,0.05,0.00012481787687938992,9.48743255081284,0.0070444311998795524,0.10517855555097459,0.0
16428,1.0,0.05,0.00012481787687938992,9.48743255081284,0.005718778389615153,0.10517855555097459,0.0
16429,1.0,0.05,0.00012433792981820239,9.48743255081284,0.005718778389615153,0.10517855555097459,0.0
16430,1.0,0.05,0.00012433792981820239,9.48743255081284,0.005718778389615153,0.10517855555097459,0.0
16431,1.0,0.05,0.00012433792981820239,9.48743255081284,0.005718778389615153,0.10517855555097459,0.0
16432,1.0,0.05,0.00012433792981820239,9.48743255081284,0.005718778389615153,0.10517855555097459,0.0
16433,1.0,0.05,0.00012433792981820239,9.48743255081284,0.005718778389615153,0.10517855555097459,0.0
16434,1.0,0.05,0.00012433792981820239,9.48743255081284,0.005718778389615153,0.11456554575902228,0.0
16435,1.0,0.05,0.00012433792981820239,9.48743255081284,0.005718778389615153,0.1095662660278131,0.0
16436,1.0,0.05,0.00012433792981820239,9.48743255081284,0.005718778389615153,0.09098174302184082,0.0
16437,1.0,0.05,0.00013480497112440098,9.48743255081284,0.005718778389615153,0.09098174302184082,0.0
16438,1.0,0.05,0.00013621662573437058,9.48743255081284,0.005718778389615153,0.09098174302184082,0.0
16439,1.0,0.05,0.00013621662573437058,9.48743255081284,0.005718778389615153,0.09098174302184082,0.0
16440,1.0,0.05,0.00013621662573437058,9.48743255081284,0.005718778389615153,0.09098174302184082,0.0
16441,1.0,0.05,0.00013621662573437058,9.48743255081284,0.005718778389615153,0.09098174302184082,0.0
16442,1.0,0.05,0.00013621662573437058,9.48743255081284,0.005718778389615153,0.09098174302184082,0.0
16443,1.0,0.05,0.00013621662573437058,9.48743255081284,0.005718778389615153,0.09098174302184082,0.0
16444,1.0,0.05,0.00013621662573437058,9.48743255081284,0.005718778389615153,0.09098174302184082,0.0
16445,1.0,0.05,0.00013007457848671175,7.7158908666131225,0.005718778389615153,0.09098174302184082,0.0
16446,1.0,0.05,0.00013007457848671175,7.7158908666131225,0.005718778389615153,0.09098174302184082,0.0
16447,1.0,0.05,0.00013007457848671175,7.7158908666131225,0.005718778389615153,0.09098174302184082,0.0
16448,1.0,0.05,0.00013007457848671175,7.7158908666131225,0.005718778389615153,0.09098174302184082,0.0
16449,1.0,0.05,0.00013007457848671175,7.7158908666131225,0.005718778389615153,0.09098174302184082,0.0
16450,1.0,0.05,0.00013007457848671175,7.7158908666131225,0.005718778389615153,0.10472325223768983,0.0
16451,1.0,0.05,0.00013007457848671175,7.7158908666131225,0.005718778389615153,0.10472325223768983,0.0
16452,1.0,0.05,0.00013007457848671175,7.7158908666131225,0.005718778389615153,0.10472325223768983,0.0
16453,1.0,0.05,0.00013007457848671175,7.7158908666131225,0.0061032423159949915,0.10472325223768983,0.0
16454,1.0,0.05,0.00013007457848671175,7.7158908666131225,0.0061032423159949915,0.10472325223768983,0.0
16455,1.0,0.05,0.00013007457848671175,7.7158908666131225,0.0061032423159949915,0.10472325223768983,0.0
16456,1.0,0.05,0.00013007457848671175,7.7158908666131225,0.0061032423159949915,0.10472325223768983,0.0
16457,1.0,0.05,0.00013007457848671175,7.7158908666131225,0.006573718535665002,0.10472325223768983,0.0
16458,1.0,0.05,0.00013007457848671175,7.7158908666131225,0.006573718535665002,0.10472325223768983,0.0
16459,1.0,0.05,0.00013007457848671175,9.61053545582935,0.006573718535665002,0.10472325223768983,0.0
16460,1.0,0.05,0.00013007457848671175,9.61053545582935,0.006573718535665002,0.10472325223768983,0.0
16461,1.0,0.05,0.00013007457848671175,9.61053545582935,0.006573718535665002,0.10472325223768983,0.0
16462,1.0,0.05,0.00013007457848671175,9.61053545582935,0.006573718535665002,0.10164885996779631,0.0
16463,1.0,0.05,0.00013007457848671175,9.61053545582935,0.006573718535665002,0.10164885996779631,0.0
16464,1.0,0.05,0.00012615534980061106,9.61053545582935,0.006573718535665002,0.11592902198755389,0.0
16465,1.0,0.05,0.00012615534980061106,9.61053545582935,0.006573718535665002,0.11592902198755389,0.0
16466,1.0,0.05,0.00012615534980061106,9.61053545582935,0.006573718535665002,0.11592902198755389,0.0
16467,1.0,0.05,0.00012615534980061106,9.61053545582935,0.006123637838998761,0.11592902198755389,0.0
16468,1.0,0.05,0.00012615534980061106,9.61053545582935,0.006123637838998761,0.11592902198755389,0.0
16469,1.0,0.05,0.00012615534980061106,9.61053545582935,0.0060407657153090065,0.11592902198755389,0.0
16470,1.0,0.05,0.00012615534980061106,9.61053545582935,0.0060407657153090065,0.11592902198755389,0.0
16471,1.0,0.05,0.00012615534980061106,9.61053545582935,0.0060407657153090065,0.11592902198755389,0.0
16472,1.0,0.05,0.0001306032314260065,9.61053545582935,0.006150344449476956,0.11592902198755389,0.0
16473,1.0,0.05,0.0001306032314260065,9.61053545582935,0.005761913941870991,0.11592902198755389,0.0
16474,1.0,0.05,0.0001306032314260065,9.61053545582935,0.005761913941870991,0.1220444360761789,0.0
16475,1.0,0.05,0.0001306032314260065,9.61053545582935,0.005761913941870991,0.09859073684831235,0.0
16476,1.0,0.05,0.0001306032314260065,9.61053545582935,0.005761913941870991,0.09859073684831235,0.0
16477,1.0,0.05,0.0001306032314260065,9.61053545582935,0.005795746911797902,0.11119416054915221,0.0
16478,1.0,0.05,0.0001306032314260065,9.61053545582935,0.005795746911797902,0.11119416054915221,0.0
16479,1.0,0.05,0.0001306032314260065,9.61053545582935,0.005795746911797902,0.11119416054915221,0.0
16480,1.0,0.05,0.0001306032314260065,9.61053545582935,0.005795746911797902,0.11119416054915221,0.0
16481,1.0,0.05,0.0001306032314260065,9.61053545582935,0.005795746911797902,0.09249050754080598,0.0
16482,1.0,0.05,0.0001306032314260065,9.61053545582935,0.005863132691221463,0.09249050754080598,0.0
16483,1.0,0.05,0.0001306032314260065,9.61053545582935,0.005863132691221463,0.09249050754080598,0.0
16484,1.0,0.05,0.0001306032314260065,9.61053545582935,0.005863132691221463,0.09778544561837119,0.0
16485,1.0,0.05,0.0001306032314260065,9.61053545582935,0.005863132691221463,0.11212986570413022,0.0
16486,1.0,0.05,0.00012836962393910172,9.61053545582935,0.005863132691221463,0.11212986570413022,0.0
16487,1.0,0.05,0.00012836962393910172,9.61053545582935,0.005863132691221463,0.09987855611553305,0.0
16488,1.0,0.05,0.00013453086315307622,9.61053545582935,0.005863132691221463,0.09987855611553305,0.0
16489,1.0,0.05,0.00013453086315307622,9.61053545582935,0.005863132691221463,0.1009787302197872,0.0
16490,1.0,0.05,0.00013453086315307622,9.61053545582935,0.005863132691221463,0.1009787302197872,0.0
16491,1.0,0.05,0.00013453086315307622,9.61053545582935,0.005863132691221463,0.1009787302197872,0.0
16492,1.0,0.05,0.00013453086315307622,9.61053545582935,0.005863132691221463,0.1009787302197872,0.0
16493,1.0,0.05,0.00013453086315307622,9.61053545582935,0.005863132691221463,0.1009787302197872,0.0
16494,1.0,0.05,0.00013453086315307622,9.61053545582935,0.005863132691221463,0.1009787302197872,0.0
16495,1.0,0.05,0.00013453086315307622,9.61053545582935,0.005863132691221463,0.1009787302197872,0.0
16496,1.0,0.05,0.00013643863673117192,7.419907962438984,0.005863132691221463,0.1009787302197872,0.0
16497,1.0,0.05,0.00013643863673117192,7.419907962438984,0.005863132691221463,0.1009787302197872,0.0
16498,1.0,0.05,0.00013643863673117192,7.419907962438984,0.005863132691221463,0.1009787302197872,0.0
16499,1.0,0.05,0.00013643863673117192,7.419907962438984,0.005863132691221463,0.1009787302197872,0.0
16500,1.0,0.05,0.00013643863673117192,7.419907962438984,0.005863132691221463,0.1009787302197872,0.0
16501,1.0,0.05,0.00013580881158639687,7.419907962438984,0.005863132691221463,0.1009787302197872,0.0
16502,1.0,0.05,0.00013580881158639687,7.419907962438984,0.005863132691221463,0.1009787302197872,0.0
16503,1.0,0.05,0.00013580881158639687,7.419907962438984,0.005863132691221463,0.1009787302197872,0.0
16504,1.0,0.05,0.00013580881158639687,7.419907962438984,0.005863132691221463,0.1009787302197872,0.0
16505,1.0,0.05,0.00013580881158639687,7.419907962438984,0.005863132691221463,0.1009787302197872,0.0
16506,1.0,0.05,0.00013580881158639687,7.419907962438984,0.005863132691221463,0.1009787302197872,0.0
16507,1.0,0.05,0.00013580881158639687,7.419907962438984,0.005863132691221463,0.1009787302197872,0.0
16508,1.0,0.05,0.00013580881158639687,7.949952001118149,0.005863132691221463,0.1009787302197872,0.0
16509,1.0,0.05,0.00013580881158639687,7.949952001118149,0.005863132691221463,0.1009787302197872,0.0
16510,1.0,0.05,0.00013580881158639687,7.949952001118149,0.005863132691221463,0.1009787302197872,0.0
16511,1.0,0.05,0.00013580881158639687,7.949952001118149,0.005863132691221463,0.09319930127164289,0.0
16512,1.0,0.05,0.00013580881158639687,8.612454109556396,0.005863132691221463,0.09319930127164289,0.0
16513,1.0,0.05,0.00013580881158639687,8.612454109556396,0.005863132691221463,0.09319930127164289,0.0
16514,1.0,0.05,0.00013580881158639687,8.612454109556396,0.005863132691221463,0.09319930127164289,0.0
16515,1.0,0.05,0.00013580881158639687,8.612454109556396,0.005863132691221463,0.09319930127164289,0.0
16516,1.0,0.05,0.00013580881158639687,8.612454109556396,0.005923740123216906,0.09319930127164289,0.0
16517,1.0,0.05,0.00013580881158639687,8.87965696372757,0.005923740123216906,0.09319930127164289,0.0
16518,1.0,0.05,0.00013580881158639687,8.87965696372757,0.005923740123216906,0.09319930127164289,0.0
16519,1.0,0.05,0.00013580881158639687,8.87965696372757,0.005923740123216906,0.09319930127164289,0.0
16520,1.0,0.05,0.00012785714489787768,8.87965696372757,0.00600912657886682,0.09319930127164289,0.0
16521,1.0,0.05,0.00012785714489787768,8.87965696372757,0.00600912657886682,0.12086305689998486,0.0
16522,1.0,0.05,0.00012785714489787768,9.982864191838445,0.00600912657886682,0.12892040175773745,0.0
16523,1.0,0.05,0.00012785714489787768,9.982864191838445,0.00600912657886682,0.12892040175773745,0.0
16524,1.0,0.05,0.00012785714489787768,9.982864191838445,0.00600912657886682,0.12892040175773745,0.0
16525,1.0,0.05,0.00012785714489787768,7.1261642053437555,0.00600912657886682,0.12892040175773745,0.0
16526,1.0,0.05,0.00012785714489787768,7.1261642053437555,0.00600912657886682,0.12892040175773745,0.0
16527,1.0,0.05,0.00012504949113246975,7.1261642053437555,0.00600912657886682,0.12892040175773745,0.0
16528,1.0,0.05,0.00012504949113246975,7.1261642053437555,0.00600912657886682,0.12892040175773745,0.0
16529,1.0,0.05,0.00012504949113246975,7.1261642053437555,0.0060145172731880005,0.12892040175773745,0.0
16530,1.0,0.05,0.00012504949113246975,7.1261642053437555,0.0063959838409840195,0.12892040175773745,0.0
16531,1.0,0.05,0.0001238513816015373,7.1261642053437555,0.0063959838409840195,0.12562742234315924,0.0
16532,1.0,0.05,0.0001238513816015373,7.1261642053437555,0.0063959838409840195,0.12562742234315924,0.0
16533,1.0,0.05,0.0001238513816015373,7.1261642053437555,0.0063959838409840195,0.12562742234315924,0.0
16534,1.0,0.05,0.0001238513816015373,11.178234119292824,0.0063959838409840195,0.12562742234315924,0.0
16535,1.0,0.05,0.0001238513816015373,11.178234119292824,0.0063959838409840195,0.12562742234315924,0.0
16536,1.0,0.05,0.0001238513816015373,8.7893751483967,0.0063959838409840195,0.12562742234315924,0.0
16537,1.0,0.05,0.0001238513816015373,8.7893751483967,0.0063959838409840195,0.12562742234315924,0.0
16538,1.0,0.05,0.0001238513816015373,8.7893751483967,0.0063959838409840195,0.12562742234315924,0.0
16539,1.0,0.05,0.0001238513816015373,8.7893751483967,0.0063959838409840195,0.14839161753403632,0.0
16540,1.0,0.05,0.0001238513816015373,8.7893751483967,0.007309702465768128,0.14839161753403632,0.0
16541,1.0,0.05,0.00012034107064301386,8.7893751483967,0.006686476207029774,0.1544508548670836,0.0
16542,1.0,0.05,0.00012034107064301386,8.7893751483967,0.006686476207029774,0.1544508548670836,0.0
16543,1.0,0.05,0.00012034107064301386,8.7893751483967,0.006686476207029774,0.12244760274231842,0.0
16544,1.0,0.05,0.000122088407700576,8.7893751483967,0.006686476207029774,0.12673349296054942,0.0
16545,1.0,0.05,0.000122088407700576,8.7893751483967,0.007177217154131091,0.12673349296054942,0.0
16546,1.0,0.05,0.000122088407700576,8.7893751483967,0.007177217154131091,0.12673349296054942,0.0
16547,1.0,0.05,0.000122088407700576,8.7893751483967,0.007177217154131091,0.12673349296054942,0.0
16548,1.0,0.05,0.000122088407700576,11.490936555182031,0.007515516782474776,0.12673349296054942,0.0
16549,1.0,0.05,0.000122088407700576,11.490936555182031,0.007515516782474776,0.1487156623009203,0.0
16550,1.0,0.05,0.00011447920539226274,11.490936555182031,0.006928007344650243,0.1487156623009203,0.0
16551,1.0,0.05,0.00011447920539226274,11.490936555182031,0.006928007344650243,0.1487156623009203,0.0
16552,1.0,0.05,0.00011447920539226274,11.490936555182031,0.006578784463638266,0.1487156623009203,0.0
16553,1.0,0.05,0.00011602188570111943,11.575463566473758,0.006578784463638266,0.157003723801547,0.0
16554,1.0,0.05,0.00011602188570111943,11.575463566473758,0.006578784463638266,0.157003723801547,0.0
16555,1.0,0.05,0.00011602188570111943,11.575463566473758,0.006578784463638266,0.11241026635904736,0.0
16556,1.0,0.05,0.00011602188570111943,11.575463566473758,0.006578784463638266,0.11241026635904736,0.0
16557,1.0,0.05,0.00011602188570111943,11.575463566473758,0.006578784463638266,0.11241026635904736,0.0
16558,1.0,0.05,0.00011602188570111943,10.426333549669636,0.006578784463638266,0.11241026635904736,0.0
16559,1.0,0.05,0.00011602188570111943,10.426333549669636,0.00764124418359584,0.11241026635904736,0.0
16560,1.0,0.05,0.00011602188570111943,10.426333549669636,0.00764124418359584,0.14638723014860766,0.0
16561,1.0,0.05,0.00011602188570111943,10.426333549669636,0.00764124418359584,0.14638723014860766,0.0
16562,1.0,0.05,0.00011602188570111943,12.97981474055294,0.00764124418359584,0.14638723014860766,0.0
16563,1.0,0.05,0.00011602188570111943,12.97981474055294,0.00764124418359584,0.14638723014860766,0.0
16564,1.0,0.05,0.00011602188570111943,12.97981474055294,0.00764124418359584,0.14638723014860766,0.0
16565,1.0,0.05,0.00011602188570111943,12.97981474055294,0.00764124418359584,0.14638723014860766,0.0
16566,1.0,0.05,0.00011602188570111943,12.97981474055294,0.00764124418359584,0.14638723014860766,0.0
16567,1.0,0.05,0.00011602188570111943,12.97981474055294,0.00764124418359584,0.14638723014860766,0.0
16568,1.0,0.05,0.00011602188570111943,12.97981474055294,0.00764124418359584,0.14754694843686236,0.0
16569,1.0,0.05,0.00011854071329739158,12.97981474055294,0.00764124418359584,0.14754694843686236,0.0
16570,1.0,0.05,0.00011854071329739158,12.97981474055294,0.00764124418359584,0.13050675989341007,0.0
16571,1.0,0.05,0.00011854071329739158,12.97981474055294,0.00764124418359584,0.13050675989341007,0.0
16572,1.0,0.05,0.00011854071329739158,12.97981474055294,0.00764124418359584,0.13050675989341007,0.0
16573,1.0,0.05,0.00012143981461950208,12.97981474055294,0.007320320816541872,0.13050675989341007,0.0
16574,1.0,0.05,0.00012143981461950208,12.97981474055294,0.007320320816541872,0.13050675989341007,0.0
16575,1.0,0.05,0.00012143981461950208,8.389208462615755,0.007320320816541872,0.13050675989341007,0.0
16576,1.0,0.05,0.00012143981461950208,8.389208462615755,0.007320320816541872,0.1389677962079212,0.0
16577,1.0,0.05,0.00012143981461950208,8.389208462615755,0.007320320816541872,0.1389677962079212,0.0
16578,1.0,0.05,0.00012143981461950208,8.389208462615755,0.007320320816541872,0.1389677962079212,0.0
16579,1.0,0.05,0.00012143981461950208,10.896917469244855,0.007320320816541872,0.1389677962079212,0.0
16580,1.0,0.05,0.00012143981461950208,10.896917469244855,0.007320320816541872,0.1389677962079212,0.0
16581,1.0,0.05,0.00012143981461950208,10.896917469244855,0.007320320816541872,0.12352953716209829,0.0
16582,1.0,0.05,0.00012143981461950208,10.896917469244855,0.007320320816541872,0.09746556367328388,0.0
16583,1.0,0.05,0.00012143981461950208,10.896917469244855,0.007320320816541872,0.09746556367328388,0.0
16584,1.0,0.05,0.0001213225967257521,10.896917469244855,0.007320320816541872,0.09746556367328388,0.0
16585,1.0,0.05,0.0001213225967257521,10.896917469244855,0.007320320816541872,0.09368407130546919,0.0
16586,1.0,0.05,0.0001213225967257521,8.715521734173777,0.007320320816541872,0.09368407130546919,0.0
16587,1.0,0.05,0.0001213225967257521,17.246188925589692,0.007320320816541872,0.09368407130546919,0.0
16588,1.0,0.05,0.0001213225967257521,17.246188925589692,0.007320320816541872,0.09368407130546919,0.0
16589,1.0,0.05,0.0001213225967257521,17.246188925589692,0.007320320816541872,0.11209434627460207,0.0
16590,1.0,0.05,0.0001160689701767811,17.246188925589692,0.007320320816541872,0.108987257083965,0.0
16591,1.0,0.05,0.0001160689701767811,13.377887776910697,0.007320320816541872,0.108987257083965,0.0
16592,1.0,0.05,0.0001160689701767811,13.377887776910697,0.007320320816541872,0.108987257083965,0.0
16593,1.0,0.05,0.0001160689701767811,13.377887776910697,0.007320320816541872,0.108987257083965,0.0
16594,1.0,0.05,0.0001160689701767811,13.377887776910697,0.007320320816541872,0.108987257083965,0.0
16595,1.0,0.05,0.0001160689701767811,13.377887776910697,0.007320320816541872,0.108987257083965,0.0
16596,1.0,0.05,0.0001160689701767811,13.377887776910697,0.007320320816541872,0.108987257083965,0.0
16597,1.0,0.05,0.00012165866392760764,13.377887776910697,0.007320320816541872,0.09090323235299419,0.0
16598,1.0,0.05,0.00012165866392760764,15.108289609732296,0.007320320816541872,0.09090323235299419,0.0
16599,1.0,0.05,0.00012165866392760764,15.108289609732296,0.007320320816541872,0.09090323235299419,0.0
16600,1.0,0.05,0.00012165866392760764,15.108289609732296,0.006814855198773641,0.09090323235299419,0.0
16601,1.0,0.05,0.00012165866392760764,15.108289609732296,0.006814855198773641,0.09090323235299419,0.0
16602,1.0,0.05,0.00012165866392760764,15.108289609732296,0.007291655310570081,0.09090323235299419,0.0
16603,1.0,0.05,0.00012404874435599208,11.730207024171293,0.007291655310570081,0.09090323235299419,0.0
16604,1.0,0.05,0.00012404874435599208,11.730207024171293,0.006457272123644884,0.09090323235299419,0.0
16605,1.0,0.05,0.00012317534391928115,11.730207024171293,0.006457272123644884,0.09090323235299419,0.0
16606,1.0,0.05,0.00012317534391928115,11.730207024171293,0.006457272123644884,0.09090323235299419,0.0
16607,1.0,0.05,0.00012317534391928115,11.730207024171293,0.005976202293151177,0.09090323235299419,0.0
16608,1.0,0.05,0.00012317534391928115,11.730207024171293,0.0067954288536710445,0.09090323235299419,0.0
16609,1.0,0.05,0.00012317534391928115,11.730207024171293,0.0067954288536710445,0.0808115696191875,0.0
16610,1.0,0.05,0.00012317534391928115,11.730207024171293,0.0067954288536710445,0.0808115696191875,0.0
16611,1.0,0.05,0.00012317534391928115,11.730207024171293,0.005694817179872882,0.0808115696191875,0.0
16612,1.0,0.05,0.00012317534391928115,11.730207024171293,0.005694817179872882,0.0808115696191875,0.0
16613,1.0,0.05,0.00012317534391928115,13.244693143973322,0.005694817179872882,0.0808115696191875,0.0
16614,1.0,0.05,0.00012317534391928115,13.244693143973322,0.005694817179872882,0.0808115696191875,0.0
16615,1.0,0.05,0.00012317534391928115,13.244693143973322,0.005694817179872882,0.10572394988336958,0.0
16616,1.0,0.05,0.00012317534391928115,13.244693143973322,0.006799001839414923,0.10572394988336958,0.0
16617,1.0,0.05,0.00012317534391928115,13.244693143973322,0.006604000902823427,0.10572394988336958,0.0
16618,1.0,0.05,0.00012317534391928115,13.244693143973322,0.007352164402626121,0.10572394988336958,0.0
16619,1.0,0.05,0.00012317534391928115,13.244693143973322,0.007352164402626121,0.10572394988336958,0.0
16620,1.0,0.05,0.00012317534391928115,13.244693143973322,0.007352164402626121,0.10572394988336958,0.0
16621,1.0,0.05,0.00012317534391928115,13.244693143973322,0.007352164402626121,0.10572394988336958,0.0
16622,1.0,0.05,0.00012578664158328324,13.244693143973322,0.007352164402626121,0.10572394988336958,0.0
16623,1.0,0.05,0.00012578664158328324,13.244693143973322,0.007352164402626121,0.10572394988336958,0.0
16624,1.0,0.05,0.00012578664158328324,13.244693143973322,0.007352164402626121,0.10572394988336958,0.0
16625,1.0,0.05,0.00012578664158328324,13.244693143973322,0.007352164402626121,0.10572394988336958,0.0
16626,1.0,0.05,0.00012578664158328324,13.244693143973322,0.007352164402626121,0.10572394988336958,0.0
16627,1.0,0.05,0.00012578664158328324,13.244693143973322,0.007352164402626121,0.10572394988336958,0.0
16628,1.0,0.05,0.00012578664158328324,13.244693143973322,0.007352164402626121,0.10572394988336958,0.0
16629,1.0,0.05,0.00012578664158328324,13.244693143973322,0.007352164402626121,0.10572394988336958,0.0
16630,1.0,0.05,0.00012578664158328324,13.244693143973322,0.007352164402626121,0.09487109821158815,0.0
16631,1.0,0.05,0.00012578664158328324,12.460000621265806,0.007352164402626121,0.09487109821158815,0.0
16632,1.0,0.05,0.00012578664158328324,11.932139310032682,0.0062136259082317645,0.12817832908099247,0.0
16633,1.0,0.05,0.00012578664158328324,11.932139310032682,0.0062136259082317645,0.12817832908099247,0.0
16634,1.0,0.05,0.00012578664158328324,11.932139310032682,0.0062136259082317645,0.12817832908099247,0.0
16635,1.0,0.05,0.00012578664158328324,11.932139310032682,0.0062136259082317645,0.12817832908099247,0.0
16636,1.0,0.05,0.00012578664158328324,11.932139310032682,0.0062136259082317645,0.12817832908099247,0.0
16637,1.0,0.05,0.00012578664158328324,11.932139310032682,0.0062136259082317645,0.12817832908099247,0.0
16638,1.0,0.05,0.00012578664158328324,6.43209526387632,0.0062136259082317645,0.12817832908099247,0.0
16639,1.0,0.05,0.00012578664158328324,6.43209526387632,0.0062136259082317645,0.12817832908099247,0.0
16640,1.0,0.05,0.00012578664158328324,6.43209526387632,0.0062136259082317645,0.12817832908099247,0.0
16641,1.0,0.05,0.00012578664158328324,6.43209526387632,0.0062136259082317645,0.12817832908099247,0.0
16642,1.0,0.05,0.00012578664158328324,6.43209526387632,0.0062136259082317645,0.12817832908099247,0.0
16643,1.0,0.05,0.00012578664158328324,6.43209526387632,0.0062136259082317645,0.12817832908099247,0.0
16644,1.0,0.05,0.00012578664158328324,6.43209526387632,0.0062136259082317645,0.12817832908099247,0.0
16645,1.0,0.05,0.00012578664158328324,6.43209526387632,0.0062136259082317645,0.12817832908099247,0.0
16646,1.0,0.05,0.00012578664158328324,6.43209526387632,0.0058727676022214455,0.12817832908099247,0.0
16647,1.0,0.05,0.00012578664158328324,6.43209526387632,0.0058727676022214455,0.1248010856494098,0.0
16648,1.0,0.05,0.00012578664158328324,6.43209526387632,0.0058727676022214455,0.1248010856494098,0.0
16649,1.0,0.05,0.00012578664158328324,6.43209526387632,0.00692429077947894,0.1248010856494098,0.0
16650,1.0,0.05,0.00012578664158328324,6.5261575763488935,0.007432234398076651,0.17602527852228486,0.0
16651,1.0,0.05,0.00012578664158328324,6.5261575763488935,0.007432234398076651,0.17298369538859876,0.0
16652,1.0,0.05,0.00012578664158328324,6.5261575763488935,0.007432234398076651,0.14369164769893178,0.0
16653,1.0,0.05,0.00012578664158328324,6.5261575763488935,0.007432234398076651,0.14369164769893178,0.0
16654,1.0,0.05,0.00012578664158328324,6.5261575763488935,0.007432234398076651,0.14369164769893178,0.0
16655,1.0,0.05,0.00012138368028714813,6.5261575763488935,0.007432234398076651,0.14369164769893178,0.0
16656,1.0,0.05,0.00012138368028714813,8.828852685349545,0.007465135943412639,0.14369164769893178,0.0
16657,1.0,0.05,0.00012138368028714813,8.828852685349545,0.007465135943412639,0.14369164769893178,0.0
16658,1.0,0.05,0.00012138368028714813,8.828852685349545,0.007465135943412639,0.14369164769893178,0.0
16659,1.0,0.05,0.00012138368028714813,8.828852685349545,0.007616245909765699,0.14369164769893178,0.0
16660,1.0,0.05,0.00012138368028714813,8.828852685349545,0.007616245909765699,0.14369164769893178,0.0
16661,1.0,0.05,0.00011476780193722585,8.828852685349545,0.007616245909765699,0.14369164769893178,0.0
16662,1.0,0.05,0.00011476780193722585,8.828852685349545,0.007616245909765699,0.14369164769893178,0.0
16663,1.0,0.05,0.00011476780193722585,8.828852685349545,0.007616245909765699,0.14369164769893178,0.0
16664,1.0,0.05,0.00011476780193722585,8.828852685349545,0.007616245909765699,0.14369164769893178,0.0
16665,1.0,0.05,0.00011476780193722585,8.828852685349545,0.007616245909765699,0.14369164769893178,0.0
16666,1.0,0.05,0.00011476780193722585,8.828852685349545,0.007616245909765699,0.1690029301078868,0.0
16667,1.0,0.05,0.00011476780193722585,8.828852685349545,0.007616245909765699,0.1690029301078868,0.0
16668,1.0,0.05,0.00011476780193722585,9.038397549082532,0.007616245909765699,0.1690029301078868,0.0
16669,1.0,0.05,0.00011476780193722585,9.038397549082532,0.007616245909765699,0.1690029301078868,0.0
16670,1.0,0.05,0.00011476780193722585,9.038397549082532,0.007616245909765699,0.1690029301078868,0.0
16671,1.0,0.05,0.00011476780193722585,8.360969807601862,0.007616245909765699,0.1690029301078868,0.0
16672,1.0,0.05,0.00011476780193722585,8.360969807601862,0.007616245909765699,0.1690029301078868,0.0
16673,1.0,0.05,0.00011476780193722585,8.360969807601862,0.007616245909765699,0.17832157657335362,0.0
16674,1.0,0.05,0.00011476780193722585,8.360969807601862,0.007616245909765699,0.17832157657335362,0.0
16675,1.0,0.05,0.00011476780193722585,8.360969807601862,0.007616245909765699,0.13833134510543996,0.0
16676,1.0,0.05,0.00011476780193722585,8.360969807601862,0.007616245909765699,0.18389647016719138,0.0
16677,1.0,0.05,0.00011476780193722585,8.360969807601862,0.007616245909765699,0.18389647016719138,0.0
16678,1.0,0.05,0.00011476780193722585,8.360969807601862,0.007616245909765699,0.18389647016719138,0.0
16679,1.0,0.05,0.00011476780193722585,8.360969807601862,0.007616245909765699,0.18389647016719138,0.0
16680,1.0,0.05,0.00011476780193722585,8.360969807601862,0.007616245909765699,0.15465288568183075,0.0
16681,1.0,0.05,0.00011476780193722585,8.360969807601862,0.007616245909765699,0.15465288568183075,0.0
16682,1.0,0.05,0.00011476780193722585,8.360969807601862,0.007616245909765699,0.19734319609211,0.0
16683,1.0,0.05,0.00011476780193722585,8.360969807601862,0.007616245909765699,0.19734319609211,0.0
16684,1.0,0.05,0.00011476780193722585,8.360969807601862,0.007616245909765699,0.19734319609211,0.0
16685,1.0,0.05,0.00011476780193722585,7.317832616108873,0.007616245909765699,0.19734319609211,0.0
16686,1.0,0.05,0.0001189664705276466,7.317832616108873,0.008077276415560738,0.19734319609211,0.0
16687,1.0,0.05,0.0001189664705276466,7.317832616108873,0.008077276415560738,0.19734319609211,0.0
16688,1.0,0.05,0.0001189664705276466,7.317832616108873,0.00776695294030325,0.19734319609211,0.0
16689,1.0,0.05,0.00012078576573990207,7.317832616108873,0.00776695294030325,0.14142818425150067,0.0
16690,1.0,0.05,0.00012282810409720943,7.317832616108873,0.00776695294030325,0.14142818425150067,0.0
16691,1.0,0.05,0.00012282810409720943,7.317832616108873,0.005926936017993372,0.14142818425150067,0.0
16692,1.0,0.05,0.00012282810409720943,7.317832616108873,0.008012088179633881,0.14142818425150067,0.0
16693,1.0,0.05,0.00012282810409720943,7.317832616108873,0.008012088179633881,0.14142818425150067,0.0
16694,1.0,0.05,0.00012282810409720943,7.317832616108873,0.0064145244682110485,0.14142818425150067,0.0
16695,1.0,0.05,0.00012282810409720943,7.317832616108873,0.0064145244682110485,0.14142818425150067,0.0
16696,1.0,0.05,0.00012282810409720943,7.317832616108873,0.0064145244682110485,0.14142818425150067,0.0
16697,1.0,0.05,0.00012282810409720943,7.317832616108873,0.0064145244682110485,0.14142818425150067,0.0
16698,1.0,0.05,0.00012282810409720943,7.317832616108873,0.0064145244682110485,0.14142818425150067,0.0
16699,1.0,0.05,0.00012282810409720943,7.317832616108873,0.006878182339146787,0.14729986481447377,0.0
16700,1.0,0.05,0.00012282810409720943,7.317832616108873,0.006878182339146787,0.14729986481447377,0.0
16701,1.0,0.05,0.00012445903146453125,7.317832616108873,0.006878182339146787,0.14729986481447377,0.0
16702,1.0,0.05,0.00012445903146453125,7.317832616108873,0.006494989753213165,0.14729986481447377,0.0
16703,1.0,0.05,0.0001154343535655686,7.317832616108873,0.006494989753213165,0.14729986481447377,0.0
16704,1.0,0.05,0.0001154343535655686,7.317832616108873,0.006670822085647546,0.14729986481447377,0.0
16705,1.0,0.05,0.0001154343535655686,7.317832616108873,0.006670822085647546,0.14729986481447377,0.0
16706,1.0,0.05,0.00012613893125765417,7.317832616108873,0.006670822085647546,0.14729986481447377,0.0
16707,1.0,0.05,0.00012613893125765417,7.317832616108873,0.006691333156520354,0.14729986481447377,0.0
16708,1.0,0.05,0.00012613893125765417,4.019900592049822,0.006691333156520354,0.1299939247979858,0.0
16709,1.0,0.05,0.0001243693633794551,12.315433795099466,0.006691333156520354,0.1299939247979858,0.0
16710,1.0,0.05,0.0001243693633794551,12.315433795099466,0.006691333156520354,0.0970103804274518,0.0
16711,1.0,0.05,0.0001243693633794551,12.315433795099466,0.0075686554559735485,0.0970103804274518,0.0
16712,1.0,0.05,0.00011980765230009774,12.315433795099466,0.0075686554559735485,0.0970103804274518,0.0
16713,1.0,0.05,0.00011980765230009774,12.315433795099466,0.0075686554559735485,0.0970103804274518,0.0
16714,1.0,0.05,0.00011980765230009774,7.920270673652084,0.0075686554559735485,0.16083516975171855,0.0
16715,1.0,0.05,0.00011980765230009774,7.920270673652084,0.0075686554559735485,0.16083516975171855,0.0
16716,1.0,0.05,0.00011980765230009774,7.920270673652084,0.0075686554559735485,0.16083516975171855,0.0
16717,1.0,0.05,0.00011980765230009774,7.920270673652084,0.0075686554559735485,0.16083516975171855,0.0
16718,1.0,0.05,0.00011980765230009774,7.920270673652084,0.0075686554559735485,0.16083516975171855,0.0
16719,1.0,0.05,0.00011980765230009774,7.920270673652084,0.0075686554559735485,0.15158091953386665,0.0
16720,1.0,0.05,0.00011980765230009774,14.451876742186059,0.0075686554559735485,0.15158091953386665,0.0
16721,1.0,0.05,0.00011980765230009774,14.451876742186059,0.00860112894395022,0.15158091953386665,0.0
16722,1.0,0.05,0.00011980765230009774,14.451876742186059,0.005875088721240387,0.11034621268588188,0.0
16723,1.0,0.05,0.00011980765230009774,10.433253030601648,0.007901246550369627,0.11034621268588188,0.0
16724,1.0,0.05,0.00011980765230009774,10.433253030601648,0.007901246550369627,0.1368470148284008,0.0
16725,1.0,0.05,0.00011980765230009774,8.209526693658617,0.007901246550369627,0.1368470148284008,0.0
16726,1.0,0.05,0.00011980765230009774,8.209526693658617,0.0071379867187767515,0.1368470148284008,0.0
16727,1.0,0.05,0.00011792270324276896,8.209526693658617,0.007009291910524994,0.1368470148284008,0.0
16728,1.0,0.05,0.00011792270324276896,7.439762561660984,0.007009291910524994,0.1368470148284008,0.0
16729,1.0,0.05,0.00011792270324276896,7.439762561660984,0.007009291910524994,0.1368470148284008,0.0
16730,1.0,0.05,0.00011792270324276896,7.439762561660984,0.007009291910524994,0.1368470148284008,0.0
16731,1.0,0.05,0.00011792270324276896,8.217992712105485,0.007009291910524994,0.1337677598882837,0.0
16732,1.0,0.05,0.00011792270324276896,8.217992712105485,0.007009291910524994,0.1337677598882837,0.0
16733,1.0,0.05,0.00011792270324276896,8.217992712105485,0.007009291910524994,0.1337677598882837,0.0
16734,1.0,0.05,0.00011792270324276896,8.217992712105485,0.007009291910524994,0.1337677598882837,0.0
16735,1.0,0.05,0.00011792270324276896,8.217992712105485,0.007009291910524994,0.1337677598882837,0.0
16736,1.0,0.05,0.00011792270324276896,8.217992712105485,0.007009291910524994,0.1337677598882837,0.0
16737,1.0,0.05,0.00011792270324276896,8.217992712105485,0.006575257478014496,0.1337677598882837,0.0
16738,1.0,0.05,0.00011792270324276896,8.217992712105485,0.006575257478014496,0.1337677598882837,0.0
16739,1.0,0.05,0.00012340505148475514,8.217992712105485,0.006567901452958782,0.1337677598882837,0.0
16740,1.0,0.05,0.00012340505148475514,8.217992712105485,0.006567901452958782,0.1337677598882837,0.0
16741,1.0,0.05,0.00012340505148475514,8.217992712105485,0.006567901452958782,0.1337677598882837,0.0
16742,1.0,0.05,0.00012340505148475514,8.217992712105485,0.006567901452958782,0.1337677598882837,0.0
16743,1.0,0.05,0.00012340505148475514,8.217992712105485,0.006567901452958782,0.1337677598882837,0.0
16744,1.0,0.05,0.00012340505148475514,8.217992712105485,0.006567901452958782,0.11988930126476796,0.0
16745,1.0,0.05,0.00012340505148475514,8.217992712105485,0.006567901452958782,0.11988930126476796,0.0
16746,1.0,0.05,0.00012340505148475514,8.217992712105485,0.006567901452958782,0.11988930126476796,0.0
16747,1.0,0.05,0.00012340505148475514,8.217992712105485,0.007530388919128541,0.14427994569995795,0.0
16748,1.0,0.05,0.00012340505148475514,5.264124332906505,0.007530388919128541,0.16715747335950504,0.0
16749,1.0,0.05,0.00012340505148475514,5.264124332906505,0.007530388919128541,0.16715747335950504,0.0
16750,1.0,0.05,0.00012340505148475514,5.264124332906505,0.007375830568628889,0.1791530828051902,0.0
16751,1.0,0.05,0.00011270362017732403,5.264124332906505,0.007375830568628889,0.1791530828051902,0.0
16752,1.0,0.05,0.00011270362017732403,5.264124332906505,0.007375830568628889,0.1791530828051902,0.0
16753,1.0,0.05,0.0001124992463586635,5.264124332906505,0.007375830568628889,0.1791530828051902,0.0
16754,1.0,0.05,0.0001124992463586635,5.264124332906505,0.007375830568628889,0.1791530828051902,0.0
16755,1.0,0.05,0.0001124992463586635,5.264124332906505,0.007375830568628889,0.21941503719714098,0.0
16756,1.0,0.05,0.0001124992463586635,10.256873037120712,0.007375830568628889,0.21941503719714098,0.0
16757,1.0,0.05,0.0001124992463586635,10.256873037120712,0.008156695994423585,0.21941503719714098,0.0
16758,1.0,0.05,0.0001124992463586635,10.256873037120712,0.008156695994423585,0.21941503719714098,0.0
16759,1.0,0.05,0.0001124992463586635,10.256873037120712,0.008156695994423585,0.21941503719714098,0.0
16760,1.0,0.05,0.0001124992463586635,10.256873037120712,0.008156695994423585,0.16409579963070103,0.0
16761,1.0,0.05,0.0001124992463586635,10.256873037120712,0.008156695994423585,0.16409579963070103,0.0
16762,1.0,0.05,0.0001124992463586635,6.102834342904174,0.008156695994423585,0.20077235278477015,0.0
16763,1.0,0.05,0.0001124992463586635,6.102834342904174,0.008156695994423585,0.20077235278477015,0.0
16764,1.0,0.05,0.0001124992463586635,6.102834342904174,0.008156695994423585,0.20077235278477015,0.0
16765,1.0,0.05,0.0001124992463586635,6.102834342904174,0.008156695994423585,0.20077235278477015,0.0
16766,1.0,0.05,0.0001124992463586635,6.102834342904174,0.008156695994423585,0.20077235278477015,0.0
16767,1.0,0.05,0.0001124992463586635,6.102834342904174,0.008156695994423585,0.20077235278477015,0.0
16768,1.0,0.05,0.0001124992463586635,6.102834342904174,0.008156695994423585,0.20077235278477015,0.0
16769,1.0,0.05,0.00011524338936259378,6.102834342904174,0.008156695994423585,0.20077235278477015,0.0
16770,1.0,0.05,0.00011524338936259378,6.102834342904174,0.008176476120705949,0.20077235278477015,0.0
16771,1.0,0.05,0.00011524338936259378,6.102834342904174,0.008088017269782971,0.20077235278477015,0.0
16772,1.0,0.05,0.00011638822372839632,6.102834342904174,0.008088017269782971,0.20077235278477015,0.0
16773,1.0,0.05,0.00011638822372839632,6.102834342904174,0.008088017269782971,0.20077235278477015,0.0
16774,1.0,0.05,0.00011638822372839632,6.102834342904174,0.008088017269782971,0.20077235278477015,0.0
16775,1.0,0.05,0.00011638822372839632,6.102834342904174,0.008088017269782971,0.20077235278477015,0.0
16776,1.0,0.05,0.00011638822372839632,6.102834342904174,0.008088017269782971,0.20077235278477015,0.0
16777,1.0,0.05,0.00011638822372839632,6.102834342904174,0.008088017269782971,0.1807247232400462,0.0
16778,1.0,0.05,0.00011638822372839632,6.102834342904174,0.008088017269782971,0.1807247232400462,0.0
16779,1.0,0.05,0.00011638822372839632,6.102834342904174,0.008088017269782971,0.1807247232400462,0.0
16780,1.0,0.05,0.00011638822372839632,6.102834342904174,0.006745693135903862,0.1807247232400462,0.0
16781,1.0,0.05,0.00011638822372839632,6.102834342904174,0.006745693135903862,0.2041315904581328,0.0
16782,1.0,0.05,0.00011638822372839632,6.102834342904174,0.006745693135903862,0.2041315904581328,0.0
16783,1.0,0.05,0.00011638822372839632,9.108412196162433,0.006745693135903862,0.2041315904581328,0.0
16784,1.0,0.05,0.00011638822372839632,9.108412196162433,0.006745693135903862,0.13464879324322687,0.0
16785,1.0,0.05,0.00011638822372839632,9.108412196162433,0.006745693135903862,0.13464879324322687,0.0
16786,1.0,0.05,0.00011638822372839632,9.108412196162433,0.006745693135903862,0.13464879324322687,0.0
16787,1.0,0.05,0.00011638822372839632,9.108412196162433,0.006745693135903862,0.13464879324322687,0.0
16788,1.0,0.05,0.00012586824238576056,9.108412196162433,0.006745693135903862,0.13464879324322687,0.0
16789,1.0,0.05,0.00012586824238576056,9.108412196162433,0.006745693135903862,0.11954130180980042,0.0
16790,1.0,0.05,0.00012586824238576056,9.108412196162433,0.006745693135903862,0.11954130180980042,0.0
16791,1.0,0.05,0.00012586824238576056,9.108412196162433,0.005885963521830498,0.11954130180980042,0.0
16792,1.0,0.05,0.00012586824238576056,9.108412196162433,0.005885963521830498,0.11954130180980042,0.0
16793,1.0,0.05,0.00012586824238576056,9.108412196162433,0.005885963521830498,0.11954130180980042,0.0
16794,1.0,0.05,0.00012586824238576056,9.108412196162433,0.005885963521830498,0.11954130180980042,0.0
16795,1.0,0.05,0.00012112079041595188,11.792107092492031,0.007268391469095285,0.11954130180980042,0.0
16796,1.0,0.05,0.00012112079041595188,12.761096996247929,0.007268391469095285,0.11346801797425368,0.0
16797,1.0,0.05,0.00012137753833911379,12.761096996247929,0.007268391469095285,0.1166918886755753,0.0
16798,1.0,0.05,0.00012137753833911379,9.689530493779657,0.007268391469095285,0.1166918886755753,0.0
16799,1.0,0.05,0.00012137753833911379,8.854778060557408,0.007268391469095285,0.1166918886755753,0.0
16800,1.0,0.05,0.00011907083755877368,8.854778060557408,0.007268391469095285,0.1166918886755753,0.0
16801,1.0,0.05,0.00011907083755877368,8.854778060557408,0.007268391469095285,0.1166918886755753,0.0
16802,1.0,0.05,0.00011907083755877368,8.854778060557408,0.007268391469095285,0.11116822009998825,0.0
16803,1.0,0.05,0.00011907083755877368,8.854778060557408,0.007268391469095285,0.11116822009998825,0.0
16804,1.0,0.05,0.00011907083755877368,8.854778060557408,0.007268391469095285,0.11116822009998825,0.0
16805,1.0,0.05,0.00011907083755877368,8.854778060557408,0.007268391469095285,0.11116822009998825,0.0
16806,1.0,0.05,0.00011907083755877368,8.854778060557408,0.007357438068154329,0.11116822009998825,0.0
16807,1.0,0.05,0.00011907083755877368,8.854778060557408,0.007357438068154329,0.17631384834449249,0.0
16808,1.0,0.05,0.00011907083755877368,8.854778060557408,0.007357438068154329,0.17631384834449249,0.0
16809,1.0,0.05,0.00011907083755877368,8.854778060557408,0.007357438068154329,0.17631384834449249,0.0
16810,1.0,0.05,0.00011907083755877368,8.854778060557408,0.007357438068154329,0.17631384834449249,0.0
16811,1.0,0.05,0.00011907083755877368,8.854778060557408,0.007357438068154329,0.17631384834449249,0.0
16812,1.0,0.05,0.00011907083755877368,8.854778060557408,0.007357438068154329,0.17050127890783526,0.0
16813,1.0,0.05,0.00011907083755877368,8.854778060557408,0.007122798672228516,0.17050127890783526,0.0
16814,1.0,0.05,0.00013167021987383677,8.854778060557408,0.006573104435609637,0.10631368015065279,0.0
16815,1.0,0.05,0.000126811818249424,8.854778060557408,0.006573104435609637,0.10631368015065279,0.0
16816,1.0,0.05,0.000126811818249424,4.173725153209745,0.006573104435609637,0.15121874189701648,0.0
16817,1.0,0.05,0.000126811818249424,4.173725153209745,0.006577678436938471,0.15121874189701648,0.0
16818,1.0,0.05,0.000126811818249424,4.173725153209745,0.006577678436938471,0.15121874189701648,0.0
16819,1.0,0.05,0.000126811818249424,9.832529084747705,0.006577678436938471,0.15121874189701648,0.0
16820,1.0,0.05,0.000126811818249424,9.832529084747705,0.006577678436938471,0.15121874189701648,0.0
16821,1.0,0.05,0.000126811818249424,7.11649682651678,0.006577678436938471,0.15121874189701648,0.0
16822,1.0,0.05,0.000126811818249424,7.11649682651678,0.006577678436938471,0.15121874189701648,0.0
16823,1.0,0.05,0.000126811818249424,7.11649682651678,0.006577678436938471,0.15121874189701648,0.0
16824,1.0,0.05,0.000126811818249424,7.11649682651678,0.006577678436938471,0.15121874189701648,0.0
16825,1.0,0.05,0.000126811818249424,7.11649682651678,0.006577678436938471,0.15121874189701648,0.0
16826,1.0,0.05,0.000126811818249424,7.11649682651678,0.006577678436938471,0.15121874189701648,0.0
16827,1.0,0.05,0.000126811818249424,7.11649682651678,0.007016741648877286,0.15121874189701648,0.0
16828,1.0,0.05,0.000126811818249424,7.11649682651678,0.006749779000817141,0.15671643061654364,0.0
16829,1.0,0.05,0.000126811818249424,8.457456468745804,0.006749779000817141,0.15671643061654364,0.0
16830,1.0,0.05,0.000126811818249424,8.457456468745804,0.006749779000817141,0.15671643061654364,0.0
16831,1.0,0.05,0.000126811818249424,8.457456468745804,0.006749779000817141,0.15671643061654364,0.0
16832,1.0,0.05,0.000126811818249424,8.457456468745804,0.006749779000817141,0.15671643061654364,0.0
16833,1.0,0.05,0.000126811818249424,8.457456468745804,0.006749779000817141,0.15671643061654364,0.0
16834,1.0,0.05,0.000126811818249424,8.116032787995948,0.006749779000817141,0.15671643061654364,0.0
16835,1.0,0.05,0.000126811818249424,8.116032787995948,0.006337272950881005,0.15671643061654364,0.0
16836,1.0,0.05,0.000126811818249424,8.116032787995948,0.006337272950881005,0.15671643061654364,0.0
16837,1.0,0.05,0.000126811818249424,8.116032787995948,0.005598586264417301,0.10121969271154604,0.0
16838,1.0,0.05,0.000126811818249424,8.116032787995948,0.006873712103481463,0.10121969271154604,0.0
16839,1.0,0.05,0.000126811818249424,6.938766122930517,0.006873712103481463,0.1647224457760774,0.0
16840,1.0,0.05,0.00011605936675035171,8.136885707653747,0.006873712103481463,0.1647224457760774,0.0
16841,1.0,0.05,0.00011605936675035171,8.136885707653747,0.006873712103481463,0.1647224457760774,0.0
16842,1.0,0.05,0.00011605936675035171,8.136885707653747,0.006873712103481463,0.1647224457760774,0.0
16843,1.0,0.05,0.00011605936675035171,8.136885707653747,0.006873712103481463,0.1647224457760774,0.0
16844,1.0,0.05,0.00011605936675035171,6.15025711925054,0.006907072394556069,0.1647224457760774,0.0
16845,1.0,0.05,0.00011605936675035171,10.601289569006696,0.006907072394556069,0.1647224457760774,0.0
16846,1.0,0.05,0.00011605936675035171,7.532825786107836,0.006907072394556069,0.1647224457760774,0.0
16847,1.0,0.05,0.00011605936675035171,7.532825786107836,0.006907072394556069,0.1647224457760774,0.0
16848,1.0,0.05,0.00011605936675035171,7.532825786107836,0.006907072394556069,0.12931358998503795,0.0
16849,1.0,0.05,0.00011605936675035171,7.532825786107836,0.006907072394556069,0.12931358998503795,0.0
16850,1.0,0.05,0.00011605936675035171,7.532825786107836,0.006907072394556069,0.14744359465818127,0.0
16851,1.0,0.05,0.00011605936675035171,13.059334156689758,0.006907072394556069,0.14744359465818127,0.0
16852,1.0,0.05,0.00011605936675035171,13.059334156689758,0.006907072394556069,0.14744359465818127,0.0
16853,1.0,0.05,0.00011605936675035171,13.059334156689758,0.006907072394556069,0.14744359465818127,0.0
16854,1.0,0.05,0.00011605936675035171,13.059334156689758,0.006907072394556069,0.14744359465818127,0.0
16855,1.0,0.05,0.00011605936675035171,13.059334156689758,0.006907072394556069,0.11033981142998113,0.0
16856,1.0,0.05,0.00011605936675035171,13.059334156689758,0.006907072394556069,0.11033981142998113,0.0
16857,1.0,0.05,0.00011605936675035171,13.059334156689758,0.006907072394556069,0.12042554742631142,0.0
16858,1.0,0.05,0.00011605936675035171,13.059334156689758,0.006907072394556069,0.12042554742631142,0.0
16859,1.0,0.05,0.00011605936675035171,13.059334156689758,0.006907072394556069,0.12042554742631142,0.0
16860,1.0,0.05,0.00011605936675035171,13.059334156689758,0.007673753751651241,0.14030127981025434,0.0
16861,1.0,0.05,0.00011605936675035171,13.059334156689758,0.007791163073937975,0.14030127981025434,0.0
16862,1.0,0.05,0.00011605936675035171,7.709859469821211,0.007791163073937975,0.1400015365605339,0.0
16863,1.0,0.05,0.00011605936675035171,12.65949440950645,0.007791163073937975,0.1400015365605339,0.0
16864,1.0,0.05,0.00011605936675035171,12.65949440950645,0.007791163073937975,0.1400015365605339,0.0
16865,1.0,0.05,0.00011605936675035171,13.588112119727256,0.0074867156716770635,0.1400015365605339,0.0
16866,1.0,0.05,0.00011605936675035171,13.588112119727256,0.0074867156716770635,0.1400015365605339,0.0
16867,1.0,0.05,0.00011605936675035171,13.588112119727256,0.0074867156716770635,0.1598699876145514,0.0
16868,1.0,0.05,0.00011605936675035171,13.43085719041433,0.0074867156716770635,0.10679222210716653,0.0
16869,1.0,0.05,0.00011605936675035171,13.43085719041433,0.0074867156716770635,0.10679222210716653,0.0
16870,1.0,0.05,0.00011605936675035171,13.43085719041433,0.0074867156716770635,0.10679222210716653,0.0
16871,1.0,0.05,0.00011605936675035171,14.751491325562043,0.007084280144874181,0.12366005874980587,0.0
16872,1.0,0.05,0.00011605936675035171,14.751491325562043,0.007084280144874181,0.12366005874980587,0.0
16873,1.0,0.05,0.00012124309492626843,14.751491325562043,0.007084280144874181,0.12366005874980587,0.0
16874,1.0,0.05,0.00012124309492626843,14.751491325562043,0.007084280144874181,0.12366005874980587,0.0
16875,1.0,0.05,0.00012124309492626843,14.751491325562043,0.007084280144874181,0.11298097522734771,0.0
16876,1.0,0.05,0.00011829158058031365,14.751491325562043,0.007084280144874181,0.11298097522734771,0.0
16877,1.0,0.05,0.00011829158058031365,14.751491325562043,0.007084280144874181,0.11298097522734771,0.0
16878,1.0,0.05,0.00011829158058031365,14.751491325562043,0.007084280144874181,0.11298097522734771,0.0
16879,1.0,0.05,0.00011829158058031365,14.751491325562043,0.007084280144874181,0.11298097522734771,0.0
16880,1.0,0.05,0.00011829158058031365,14.751491325562043,0.007084280144874181,0.11298097522734771,0.0
16881,1.0,0.05,0.00011829158058031365,14.751491325562043,0.007084280144874181,0.10594433745415134,0.0
16882,1.0,0.05,0.00011829158058031365,10.545919032567824,0.007084280144874181,0.10594433745415134,0.0
16883,1.0,0.05,0.00011829158058031365,14.913496318006423,0.007084280144874181,0.10594433745415134,0.0
16884,1.0,0.05,0.00011829158058031365,13.343205525147866,0.007084280144874181,0.10594433745415134,0.0
16885,1.0,0.05,0.00011829158058031365,11.535692271581539,0.007084280144874181,0.10594433745415134,0.0
16886,1.0,0.05,0.00011829158058031365,11.535692271581539,0.007084280144874181,0.10594433745415134,0.0
16887,1.0,0.05,0.00011829158058031365,11.535692271581539,0.007084280144874181,0.11937243555470904,0.0
16888,1.0,0.05,0.00011829158058031365,11.535692271581539,0.007084280144874181,0.11937243555470904,0.0
16889,1.0,0.05,0.00011829158058031365,11.535692271581539,0.007251351081603165,0.11937243555470904,0.0
16890,1.0,0.05,0.00011829158058031365,11.535692271581539,0.007251351081603165,0.11937243555470904,0.0
16891,1.0,0.05,0.00011829158058031365,12.72075360737071,0.007251351081603165,0.11937243555470904,0.0
16892,1.0,0.05,0.00011829158058031365,12.72075360737071,0.007251351081603165,0.11937243555470904,0.0
16893,1.0,0.05,0.00011829158058031365,12.72075360737071,0.007251351081603165,0.11937243555470904,0.0
16894,1.0,0.05,0.00011829158058031365,12.72075360737071,0.007251351081603165,0.11937243555470904,0.0
16895,1.0,0.05,0.00011829158058031365,12.72075360737071,0.007251351081603165,0.137947954331651,0.0
16896,1.0,0.05,0.00011829158058031365,12.72075360737071,0.007251351081603165,0.110445016426289,0.0
16897,1.0,0.05,0.00011829158058031365,12.72075360737071,0.007405520643975271,0.1261524385435416,0.0
16898,1.0,0.05,0.00011829158058031365,12.72075360737071,0.007405520643975271,0.12564399707296584,0.0
16899,1.0,0.05,0.00011829158058031365,12.72075360737071,0.007405520643975271,0.12564399707296584,0.0
16900,1.0,0.05,0.00011829158058031365,12.72075360737071,0.007405520643975271,0.12564399707296584,0.0
16901,1.0,0.05,0.00011829158058031365,12.72075360737071,0.007405520643975271,0.13977745168875272,0.0
16902,1.0,0.05,0.00011829158058031365,12.72075360737071,0.007405520643975271,0.13977745168875272,0.0
16903,1.0,0.05,0.00011829158058031365,12.72075360737071,0.007405520643975271,0.13977745168875272,0.0
16904,1.0,0.05,0.00011829158058031365,12.72075360737071,0.007405520643975271,0.13530610176511168,0.0
16905,1.0,0.05,0.00011829158058031365,12.72075360737071,0.007405520643975271,0.13530610176511168,0.0
16906,1.0,0.05,0.00011829158058031365,12.72075360737071,0.007405520643975271,0.13530610176511168,0.0
16907,1.0,0.05,0.00011829158058031365,11.213702920373663,0.007405520643975271,0.13530610176511168,0.0
16908,1.0,0.05,0.00011829158058031365,11.213702920373663,0.007563966782037051,0.13530610176511168,0.0
16909,1.0,0.05,0.00011829158058031365,11.213702920373663,0.007563966782037051,0.13530610176511168,0.0
16910,1.0,0.05,0.00011829158058031365,11.213702920373663,0.007563966782037051,0.13530610176511168,0.0
16911,1.0,0.05,0.00011829158058031365,11.213702920373663,0.007563966782037051,0.13530610176511168,0.0
16912,1.0,0.05,0.00011829158058031365,11.213702920373663,0.007563966782037051,0.13530610176511168,0.0
16913,1.0,0.05,0.00011829158058031365,11.213702920373663,0.007563966782037051,0.13530610176511168,0.0
16914,1.0,0.05,0.00011829158058031365,11.213702920373663,0.007563966782037051,0.13530610176511168,0.0
16915,1.0,0.05,0.00011829158058031365,10.368883925007296,0.007563966782037051,0.13530610176511168,0.0
16916,1.0,0.05,0.00011829158058031365,10.368883925007296,0.007563966782037051,0.13530610176511168,0.0
16917,1.0,0.05,0.00011829158058031365,10.368883925007296,0.007303155007430878,0.13530610176511168,0.0
16918,1.0,0.05,0.00011829158058031365,10.368883925007296,0.007303155007430878,0.13530610176511168,0.0
16919,1.0,0.05,0.00011829158058031365,10.368883925007296,0.007303155007430878,0.13530610176511168,0.0
16920,1.0,0.05,0.00011829158058031365,10.368883925007296,0.007303155007430878,0.13530610176511168,0.0
16921,1.0,0.05,0.00011829158058031365,10.368883925007296,0.007303155007430878,0.13530610176511168,0.0
16922,1.0,0.05,0.00011816052506668538,10.368883925007296,0.007303155007430878,0.13530610176511168,0.0
16923,1.0,0.05,0.00011816052506668538,10.368883925007296,0.007303155007430878,0.13530610176511168,0.0
16924,1.0,0.05,0.00011816052506668538,10.368883925007296,0.007303155007430878,0.13530610176511168,0.0
16925,1.0,0.05,0.00011816052506668538,10.368883925007296,0.007303155007430878,0.13463906411157803,0.0
16926,1.0,0.05,0.00011816052506668538,10.175916458015678,0.007303155007430878,0.13463906411157803,0.0
16927,1.0,0.05,0.00011816052506668538,11.807502243460831,0.007303155007430878,0.13463906411157803,0.0
16928,1.0,0.05,0.00011816052506668538,11.807502243460831,0.007303155007430878,0.13182665155584614,0.0
16929,1.0,0.05,0.00011816052506668538,10.403342125449313,0.007303155007430878,0.13182665155584614,0.0
16930,1.0,0.05,0.00011816052506668538,10.403342125449313,0.007303155007430878,0.13182665155584614,0.0
16931,1.0,0.05,0.00012151789748920341,10.403342125449313,0.007303155007430878,0.13182665155584614,0.0
16932,1.0,0.05,0.00012151789748920341,10.403342125449313,0.007303155007430878,0.13182665155584614,0.0
16933,1.0,0.05,0.00012151789748920341,10.403342125449313,0.007303155007430878,0.13182665155584614,0.0
16934,1.0,0.05,0.00012151789748920341,10.403342125449313,0.007303155007430878,0.13182665155584614,0.0
16935,1.0,0.05,0.00012151789748920341,10.403342125449313,0.006922295640344419,0.13182665155584614,0.0
16936,1.0,0.05,0.00012151789748920341,10.403342125449313,0.00647464102145726,0.12896520962600047,0.0
16937,1.0,0.05,0.00012151789748920341,10.403342125449313,0.006704722229013011,0.12896520962600047,0.0
16938,1.0,0.05,0.00012151789748920341,10.403342125449313,0.006704722229013011,0.12896520962600047,0.0
16939,1.0,0.05,0.00012151789748920341,10.403342125449313,0.006768659616103549,0.12896520962600047,0.0
16940,1.0,0.05,0.00012151789748920341,10.403342125449313,0.006768659616103549,0.12896520962600047,0.0
16941,1.0,0.05,0.00012151789748920341,10.203281552561577,0.006768659616103549,0.12896520962600047,0.0
16942,1.0,0.05,0.00012151789748920341,10.203281552561577,0.006768659616103549,0.12896520962600047,0.0
16943,1.0,0.05,0.00012151789748920341,10.203281552561577,0.006768659616103549,0.12896520962600047,0.0
16944,1.0,0.05,0.00012151789748920341,10.203281552561577,0.007618687760984833,0.12896520962600047,0.0
16945,1.0,0.05,0.00012151789748920341,10.203281552561577,0.007629516134582162,0.12896520962600047,0.0
16946,1.0,0.05,0.00012151789748920341,10.203281552561577,0.007629516134582162,0.12896520962600047,0.0
16947,1.0,0.05,0.00012151789748920341,8.822726782011614,0.007629516134582162,0.12896520962600047,0.0
16948,1.0,0.05,0.00012151789748920341,8.822726782011614,0.007629516134582162,0.12896520962600047,0.0
16949,1.0,0.05,0.00012151789748920341,8.822726782011614,0.007629516134582162,0.12896520962600047,0.0
16950,1.0,0.05,0.00012151789748920341,8.822726782011614,0.007629516134582162,0.12896520962600047,0.0
16951,1.0,0.05,0.00012151789748920341,8.822726782011614,0.007629516134582162,0.12896520962600047,0.0
16952,1.0,0.05,0.00012151789748920341,8.822726782011614,0.007629516134582162,0.12896520962600047,0.0
16953,1.0,0.05,0.00012151789748920341,8.822726782011614,0.007629516134582162,0.12896520962600047,0.0
16954,1.0,0.05,0.00012151789748920341,8.822726782011614,0.0060246679728853565,0.12896520962600047,0.0
16955,1.0,0.05,0.00012151789748920341,8.822726782011614,0.00735608343543698,0.12896520962600047,0.0
16956,1.0,0.05,0.00011837742601961114,13.239393732249582,0.00735608343543698,0.12896520962600047,0.0
16957,1.0,0.05,0.00011837742601961114,13.239393732249582,0.00735608343543698,0.12896520962600047,0.0
16958,1.0,0.05,0.00011837742601961114,13.239393732249582,0.00735608343543698,0.12896520962600047,0.0
16959,1.0,0.05,0.00011837742601961114,5.626207568170869,0.00735608343543698,0.14185148234545147,0.0
16960,1.0,0.05,0.00011837742601961114,5.626207568170869,0.00735608343543698,0.14185148234545147,0.0
16961,1.0,0.05,0.00011837742601961114,5.626207568170869,0.006931620845111561,0.151752746564877,0.0
16962,1.0,0.05,0.00011837742601961114,5.626207568170869,0.006931620845111561,0.151752746564877,0.0
16963,1.0,0.05,0.0001274416101181374,5.626207568170869,0.007171993597999328,0.151752746564877,0.0
16964,1.0,0.05,0.0001274416101181374,5.626207568170869,0.007202199480952572,0.14277371577718434,0.0
16965,1.0,0.05,0.0001274416101181374,5.626207568170869,0.007202199480952572,0.14277371577718434,0.0
16966,1.0,0.05,0.0001274416101181374,5.626207568170869,0.007202199480952572,0.1634556312860418,0.0
16967,1.0,0.05,0.0001274416101181374,5.626207568170869,0.007202199480952572,0.1634556312860418,0.0
16968,1.0,0.05,0.0001274416101181374,5.626207568170869,0.007202199480952572,0.1634556312860418,0.0
16969,1.0,0.05,0.0001274416101181374,5.626207568170869,0.007202199480952572,0.1634556312860418,0.0
16970,1.0,0.05,0.0001274416101181374,5.626207568170869,0.007202199480952572,0.1634556312860418,0.0
16971,1.0,0.05,0.0001274416101181374,5.626207568170869,0.007202199480952572,0.1634556312860418,0.0
16972,1.0,0.05,0.0001274416101181374,5.626207568170869,0.006778684293235525,0.13936357411565015,0.0
16973,1.0,0.05,0.0001274416101181374,5.626207568170869,0.006778684293235525,0.13936357411565015,0.0
16974,1.0,0.05,0.0001274416101181374,9.857160734076501,0.006778684293235525,0.13257599345412813,0.0
16975,1.0,0.05,0.0001274416101181374,9.857160734076501,0.006778684293235525,0.1387816332971983,0.0
16976,1.0,0.05,0.0001274416101181374,9.857160734076501,0.006778684293235525,0.1387816332971983,0.0
16977,1.0,0.05,0.0001274416101181374,9.857160734076501,0.0067425936671899,0.1387816332971983,0.0
16978,1.0,0.05,0.0001274416101181374,9.857160734076501,0.0067425936671899,0.1387816332971983,0.0
16979,1.0,0.05,0.0001274416101181374,9.857160734076501,0.0067425936671899,0.1387816332971983,0.0
16980,1.0,0.05,0.0001274416101181374,9.857160734076501,0.0067425936671899,0.1387816332971983,0.0
16981,1.0,0.05,0.0001274416101181374,9.857160734076501,0.0067425936671899,0.1387816332971983,0.0
16982,1.0,0.05,0.0001274416101181374,9.857160734076501,0.0067425936671899,0.1387816332971983,0.0
16983,1.0,0.05,0.0001274416101181374,9.857160734076501,0.006165218399863831,0.1387816332971983,0.0
16984,1.0,0.05,0.0001274416101181374,9.857160734076501,0.006165218399863831,0.1387816332971983,0.0
16985,1.0,0.05,0.0001274416101181374,9.857160734076501,0.0065811915693504645,0.1387816332971983,0.0
16986,1.0,0.05,0.0001274416101181374,9.857160734076501,0.0065811915693504645,0.1387816332971983,0.0
16987,1.0,0.05,0.0001274416101181374,9.857160734076501,0.0065811915693504645,0.1387816332971983,0.0
16988,1.0,0.05,0.0001274416101181374,9.857160734076501,0.0065811915693504645,0.12246306480769723,0.0
16989,1.0,0.05,0.0001274416101181374,9.857160734076501,0.00696549675555636,0.12351801324525076,0.0
16990,1.0,0.05,0.0001274416101181374,9.857160734076501,0.00696549675555636,0.12351801324525076,0.0
16991,1.0,0.05,0.0001274416101181374,9.857160734076501,0.00696549675555636,0.12351801324525076,0.0
16992,1.0,0.05,0.0001274416101181374,9.857160734076501,0.006099506595498724,0.12351801324525076,0.0
16993,1.0,0.05,0.0001274416101181374,9.857160734076501,0.005992283307263724,0.12351801324525076,0.0
16994,1.0,0.05,0.00012897109968485647,9.758037611247872,0.005992283307263724,0.12351801324525076,0.0
16995,1.0,0.05,0.00012897109968485647,5.8680423828998585,0.005992283307263724,0.12351801324525076,0.0
16996,1.0,0.05,0.00012897109968485647,5.8680423828998585,0.005992283307263724,0.12351801324525076,0.0
16997,1.0,0.05,0.00012897109968485647,5.8680423828998585,0.005992283307263724,0.12351801324525076,0.0
16998,1.0,0.05,0.00012897109968485647,5.8680423828998585,0.005997305379309755,0.12351801324525076,0.0
16999,1.0,0.05,0.00012897109968485647,5.8680423828998585,0.005997305379309755,0.12351801324525076,0.0
17000,1.0,0.05,0.00012897109968485647,5.8680423828998585,0.006480312218120376,0.12351801324525076,0.0
17001,1.0,0.05,0.00012897109968485647,5.8680423828998585,0.006480312218120376,0.12351801324525076,0.0
17002,1.0,0.05,0.00012897109968485647,5.8680423828998585,0.006480312218120376,0.12351801324525076,0.0
17003,1.0,0.05,0.00012897109968485647,8.042041561457864,0.006480312218120376,0.12351801324525076,0.0
17004,1.0,0.05,0.00012897109968485647,8.042041561457864,0.006444359275816982,0.12351801324525076,0.0
17005,1.0,0.05,0.00012897109968485647,8.042041561457864,0.006444359275816982,0.12351801324525076,0.0
17006,1.0,0.05,0.00012897109968485647,8.042041561457864,0.006444359275816982,0.12351801324525076,0.0
17007,1.0,0.05,0.00012293445903281574,8.042041561457864,0.0061263443198595075,0.12351801324525076,0.0
17008,1.0,0.05,0.00012293445903281574,11.372147930765536,0.0061263443198595075,0.12351801324525076,0.0
17009,1.0,0.05,0.00012293445903281574,11.372147930765536,0.006730526788935301,0.12351801324525076,0.0
17010,1.0,0.05,0.00012293445903281574,11.372147930765536,0.006730526788935301,0.12351801324525076,0.0
17011,1.0,0.05,0.0001250343110178052,11.372147930765536,0.006730526788935301,0.12351801324525076,0.0
17012,1.0,0.05,0.00012623054036727522,11.372147930765536,0.006730526788935301,0.12351801324525076,0.0
17013,1.0,0.05,0.00012623054036727522,11.372147930765536,0.006730526788935301,0.12351801324525076,0.0
17014,1.0,0.05,0.00012623054036727522,11.372147930765536,0.006747977479648546,0.12351801324525076,0.0
17015,1.0,0.05,0.00012623054036727522,9.333961734624594,0.006747977479648546,0.11710085510109866,0.0
17016,1.0,0.05,0.00012383148646402813,9.333961734624594,0.006747977479648546,0.11710085510109866,0.0
17017,1.0,0.05,0.00012383148646402813,9.333961734624594,0.006843248386960404,0.11710085510109866,0.0
17018,1.0,0.05,0.00012383148646402813,9.333961734624594,0.006843248386960404,0.11710085510109866,0.0
17019,1.0,0.05,0.00012383148646402813,9.333961734624594,0.0066623730427055545,0.11710085510109866,0.0
17020,1.0,0.05,0.00012383148646402813,9.333961734624594,0.0066623730427055545,0.11710085510109866,0.0
17021,1.0,0.05,0.00012383148646402813,9.333961734624594,0.007416559146159694,0.11710085510109866,0.0
17022,1.0,0.05,0.00012383148646402813,9.333961734624594,0.00662153718787458,0.11710085510109866,0.0
17023,1.0,0.05,0.00012383148646402813,9.333961734624594,0.00662153718787458,0.11710085510109866,0.0
17024,1.0,0.05,0.00012383148646402813,9.333961734624594,0.006904259407201661,0.11710085510109866,0.0
17025,1.0,0.05,0.00012383148646402813,9.333961734624594,0.006904259407201661,0.11710085510109866,0.0
17026,1.0,0.05,0.00012383148646402813,9.333961734624594,0.006904259407201661,0.11710085510109866,0.0
17027,1.0,0.05,0.00012383148646402813,9.333961734624594,0.006904259407201661,0.11710085510109866,0.0
17028,1.0,0.05,0.00012383148646402813,9.333961734624594,0.006904259407201661,0.11710085510109866,0.0
17029,1.0,0.05,0.00012383148646402813,11.221470689547346,0.006145520707707616,0.11710085510109866,0.0
17030,1.0,0.05,0.00012383148646402813,11.221470689547346,0.006145520707707616,0.11710085510109866,0.0
17031,1.0,0.05,0.00012383148646402813,11.221470689547346,0.006145520707707616,0.11710085510109866,0.0
17032,1.0,0.05,0.00012383148646402813,11.221470689547346,0.006145520707707616,0.11710085510109866,0.0
17033,1.0,0.05,0.00012383148646402813,7.488101156869547,0.006145520707707616,0.11710085510109866,0.0
17034,1.0,0.05,0.00012383148646402813,7.488101156869547,0.006145520707707616,0.11710085510109866,0.0
17035,1.0,0.05,0.00012383148646402813,7.488101156869547,0.006145520707707616,0.1344667809577772,0.0
17036,1.0,0.05,0.00012383148646402813,7.488101156869547,0.006145520707707616,0.1344667809577772,0.0
17037,1.0,0.05,0.00012383148646402813,7.488101156869547,0.006145520707707616,0.1344667809577772,0.0
17038,1.0,0.05,0.00012383148646402813,7.488101156869547,0.006593339483946296,0.1344667809577772,0.0
17039,1.0,0.05,0.00012383148646402813,7.488101156869547,0.006593339483946296,0.1344667809577772,0.0
17040,1.0,0.05,0.00012383148646402813,7.488101156869547,0.00645429086289301,0.1344667809577772,0.0
17041,1.0,0.05,0.00012383148646402813,7.488101156869547,0.00645429086289301,0.1344667809577772,0.0
17042,1.0,0.05,0.00012383148646402813,7.488101156869547,0.00645429086289301,0.1344667809577772,0.0
17043,1.0,0.05,0.00012383148646402813,7.488101156869547,0.00645429086289301,0.1344667809577772,0.0
17044,1.0,0.05,0.00012383148646402813,7.488101156869547,0.00645429086289301,0.1344667809577772,0.0
17045,1.0,0.05,0.00012383148646402813,7.488101156869547,0.00645429086289301,0.1344667809577772,0.0
17046,1.0,0.05,0.00012383148646402813,7.172387704671166,0.006795794313414971,0.132632383799915,0.0
17047,1.0,0.05,0.00012383148646402813,7.172387704671166,0.006795794313414971,0.132632383799915,0.0
17048,1.0,0.05,0.00012383148646402813,7.172387704671166,0.006795794313414971,0.132632383799915,0.0
17049,1.0,0.05,0.00012383148646402813,7.172387704671166,0.006795794313414971,0.15724281735055434,0.0
17050,1.0,0.05,0.00012383148646402813,7.172387704671166,0.006795794313414971,0.15724281735055434,0.0
17051,1.0,0.05,0.00012383148646402813,7.172387704671166,0.007088247025943396,0.15724281735055434,0.0
17052,1.0,0.05,0.00012383148646402813,7.172387704671166,0.007088247025943396,0.15724281735055434,0.0
17053,1.0,0.05,0.00012383148646402813,7.172387704671166,0.007088247025943396,0.15724281735055434,0.0
17054,1.0,0.05,0.0001193230783442493,7.172387704671166,0.007088247025943396,0.15724281735055434,0.0
17055,1.0,0.05,0.0001193230783442493,7.6312590323076535,0.007088247025943396,0.15724281735055434,0.0
17056,1.0,0.05,0.0001193230783442493,7.6312590323076535,0.007088247025943396,0.15724281735055434,0.0
17057,1.0,0.05,0.0001193230783442493,7.6312590323076535,0.007088247025943396,0.15724281735055434,0.0
17058,1.0,0.05,0.0001193230783442493,7.6312590323076535,0.007088247025943396,0.15724281735055434,0.0
17059,1.0,0.05,0.0001193230783442493,7.6312590323076535,0.007088247025943396,0.15724281735055434,0.0
17060,1.0,0.05,0.0001193230783442493,7.6312590323076535,0.006860892890891355,0.15724281735055434,0.0
17061,1.0,0.05,0.0001193230783442493,7.6312590323076535,0.006860892890891355,0.15724281735055434,0.0
17062,1.0,0.05,0.0001193230783442493,7.6312590323076535,0.006860892890891355,0.15724281735055434,0.0
17063,1.0,0.05,0.0001193230783442493,7.6312590323076535,0.006860892890891355,0.15724281735055434,0.0
17064,1.0,0.05,0.0001193230783442493,5.410838702309647,0.006860892890891355,0.15724281735055434,0.0
17065,1.0,0.05,0.0001193230783442493,5.410838702309647,0.006860892890891355,0.15724281735055434,0.0
17066,1.0,0.05,0.0001193230783442493,10.143956658320704,0.006860892890891355,0.15724281735055434,0.0
17067,1.0,0.05,0.0001193230783442493,10.143956658320704,0.006860892890891355,0.15724281735055434,0.0
17068,1.0,0.05,0.0001193230783442493,10.143956658320704,0.007409497522350347,0.15724281735055434,0.0
17069,1.0,0.05,0.0001193230783442493,10.143956658320704,0.006132601035838302,0.15724281735055434,0.0
17070,1.0,0.05,0.00012025515286486849,10.143956658320704,0.006132601035838302,0.15724281735055434,0.0
17071,1.0,0.05,0.00012025515286486849,10.143956658320704,0.006132601035838302,0.15724281735055434,0.0
17072,1.0,0.05,0.00012025515286486849,10.143956658320704,0.006132601035838302,0.09572461788514604,0.0
17073,1.0,0.05,0.00013022623006910742,10.143956658320704,0.006132601035838302,0.09572461788514604,0.0
17074,1.0,0.05,0.000130931404901907,10.143956658320704,0.006132601035838302,0.09574857151057055,0.0
17075,1.0,0.05,0.000130931404901907,10.143956658320704,0.005590195452212071,0.09574857151057055,0.0
17076,1.0,0.05,0.000130931404901907,10.143956658320704,0.005500972384654407,0.07922602226622409,0.0
17077,1.0,0.05,0.000130931404901907,10.143956658320704,0.005749970421044888,0.07922602226622409,0.0
17078,1.0,0.05,0.000130931404901907,10.10780190889355,0.005749970421044888,0.07922602226622409,0.0
17079,1.0,0.05,0.00013151687429123496,10.10780190889355,0.005749970421044888,0.07922602226622409,0.0
17080,1.0,0.05,0.00013151687429123496,10.10780190889355,0.005749970421044888,0.07922602226622409,0.0
17081,1.0,0.05,0.00013151687429123496,10.10780190889355,0.0054230611715809255,0.07922602226622409,0.0
17082,1.0,0.05,0.00013151687429123496,10.10780190889355,0.006050063838643503,0.07922602226622409,0.0
17083,1.0,0.05,0.00013151687429123496,10.10780190889355,0.006050063838643503,0.10173499779038116,0.0
17084,1.0,0.05,0.00013151687429123496,11.728963023636112,0.006050063838643503,0.10173499779038116,0.0
17085,1.0,0.05,0.00013151687429123496,11.728963023636112,0.006416512023312009,0.10173499779038116,0.0
17086,1.0,0.05,0.00013151687429123496,11.728963023636112,0.006416512023312009,0.10173499779038116,0.0
17087,1.0,0.05,0.00013151687429123496,11.728963023636112,0.005985426577575518,0.10173499779038116,0.0
17088,1.0,0.05,0.00013151687429123496,11.728963023636112,0.006938151900430742,0.10173499779038116,0.0
17089,1.0,0.05,0.00011706054294326207,11.728963023636112,0.006492563135037153,0.10173499779038116,0.0
17090,1.0,0.05,0.00011706054294326207,11.728963023636112,0.006492563135037153,0.10173499779038116,0.0
17091,1.0,0.05,0.00011706054294326207,11.728963023636112,0.006492563135037153,0.10173499779038116,0.0
17092,1.0,0.05,0.00011706054294326207,11.728963023636112,0.006492563135037153,0.10173499779038116,0.0
17093,1.0,0.05,0.00011706054294326207,11.728963023636112,0.006492563135037153,0.11692422789077846,0.0
17094,1.0,0.05,0.00011706054294326207,10.94434661568944,0.006492563135037153,0.11692422789077846,0.0
17095,1.0,0.05,0.00011706054294326207,10.94434661568944,0.006492563135037153,0.11692422789077846,0.0
17096,1.0,0.05,0.00011706054294326207,10.94434661568944,0.006492563135037153,0.11692422789077846,0.0
17097,1.0,0.05,0.00012260768783391702,10.938856977324079,0.006492563135037153,0.11692422789077846,0.0
17098,1.0,0.05,0.00012260768783391702,10.021606744096005,0.0065527823775574385,0.11692422789077846,0.0
17099,1.0,0.05,0.00012260768783391702,10.021606744096005,0.0065527823775574385,0.11692422789077846,0.0
17100,1.0,0.05,0.00012260768783391702,10.021606744096005,0.007240461750522688,0.11692422789077846,0.0
17101,1.0,0.05,0.00012260768783391702,10.021606744096005,0.007240461750522688,0.11692422789077846,0.0
17102,1.0,0.05,0.00012260768783391702,10.021606744096005,0.006566168872568444,0.11692422789077846,0.0
17103,1.0,0.05,0.00012260768783391702,10.021606744096005,0.006566168872568444,0.11692422789077846,0.0
17104,1.0,0.05,0.00012260768783391702,10.021606744096005,0.006566168872568444,0.11692422789077846,0.0
17105,1.0,0.05,0.00012260768783391702,10.021606744096005,0.006566168872568444,0.11692422789077846,0.0
17106,1.0,0.05,0.00012260768783391702,10.021606744096005,0.006944399540029996,0.11358211792130589,0.0
17107,1.0,0.05,0.00012260768783391702,10.021606744096005,0.005829827895751029,0.11358211792130589,0.0
17108,1.0,0.05,0.00012682286632695122,10.021606744096005,0.005829827895751029,0.11551861412146061,0.0
17109,1.0,0.05,0.00012682286632695122,10.021606744096005,0.005829827895751029,0.11551861412146061,0.0
17110,1.0,0.05,0.00012682286632695122,10.021606744096005,0.005829827895751029,0.11551861412146061,0.0
17111,1.0,0.05,0.00012682286632695122,10.021606744096005,0.005829827895751029,0.11551861412146061,0.0
17112,1.0,0.05,0.00012682286632695122,10.021606744096005,0.005829827895751029,0.107285294301766,0.0
17113,1.0,0.05,0.00012682286632695122,10.021606744096005,0.005829827895751029,0.107285294301766,0.0
17114,1.0,0.05,0.00012682286632695122,10.021606744096005,0.005829827895751029,0.107285294301766,0.0
17115,1.0,0.05,0.00012682286632695122,10.021606744096005,0.005829827895751029,0.107285294301766,0.0
17116,1.0,0.05,0.00012682286632695122,10.021606744096005,0.005829827895751029,0.107285294301766,0.0
17117,1.0,0.05,0.00012682286632695122,10.021606744096005,0.005829827895751029,0.107285294301766,0.0
17118,1.0,0.05,0.00012682286632695122,10.021606744096005,0.005829827895751029,0.107285294301766,0.0
17119,1.0,0.05,0.00012682286632695122,10.021606744096005,0.005829827895751029,0.107285294301766,0.0
17120,1.0,0.05,0.00012682286632695122,10.021606744096005,0.0066335905324435085,0.107285294301766,0.0
17121,1.0,0.05,0.00012682286632695122,10.021606744096005,0.0066335905324435085,0.10222747587098979,0.0
17122,1.0,0.05,0.00012682286632695122,13.695540588546379,0.0066335905324435085,0.10222747587098979,0.0
17123,1.0,0.05,0.00011695212171322697,13.695540588546379,0.0066335905324435085,0.10222747587098979,0.0
17124,1.0,0.05,0.00011695212171322697,13.695540588546379,0.0066335905324435085,0.10222747587098979,0.0
17125,1.0,0.05,0.00011695212171322697,13.695540588546379,0.008156109921144515,0.14273934223551413,0.0
17126,1.0,0.05,0.00011695212171322697,13.695540588546379,0.008156109921144515,0.14273934223551413,0.0
17127,1.0,0.05,0.00011695212171322697,6.059615589416524,0.008156109921144515,0.14273934223551413,0.0
17128,1.0,0.05,0.00011695212171322697,6.059615589416524,0.008156109921144515,0.14273934223551413,0.0
17129,1.0,0.05,0.00011695212171322697,6.059615589416524,0.007419536866152203,0.14273934223551413,0.0
17130,1.0,0.05,0.00011695212171322697,7.937857099463358,0.007419536866152203,0.15868807989686193,0.0
17131,1.0,0.05,0.00011695212171322697,7.937857099463358,0.007419536866152203,0.15868807989686193,0.0
17132,1.0,0.05,0.00011695212171322697,7.937857099463358,0.007419536866152203,0.15868807989686193,0.0
17133,1.0,0.05,0.00011695212171322697,7.937857099463358,0.007419536866152203,0.15868807989686193,0.0
17134,1.0,0.05,0.00011695212171322697,7.937857099463358,0.007419536866152203,0.15868807989686193,0.0
17135,1.0,0.05,0.0001214722558674348,7.937857099463358,0.007042753626197177,0.15868807989686193,0.0
17136,1.0,0.05,0.0001214722558674348,7.937857099463358,0.007042753626197177,0.15868807989686193,0.0
17137,1.0,0.05,0.00011254092450462471,7.937857099463358,0.006816833263121066,0.15868807989686193,0.0
17138,1.0,0.05,0.00011254092450462471,7.937857099463358,0.007416250327525766,0.15868807989686193,0.0
17139,1.0,0.05,0.00011254092450462471,7.937857099463358,0.007416250327525766,0.15868807989686193,0.0
17140,1.0,0.05,0.00011254092450462471,7.937857099463358,0.007416250327525766,0.15868807989686193,0.0
17141,1.0,0.05,0.00011254092450462471,7.937857099463358,0.007416250327525766,0.2143243043418724,0.0
17142,1.0,0.05,0.00011254092450462471,7.937857099463358,0.007416250327525766,0.2143243043418724,0.0
17143,1.0,0.05,0.00011254092450462471,6.381662436630606,0.007416250327525766,0.2143243043418724,0.0
17144,1.0,0.05,0.00011254092450462471,6.381662436630606,0.007416250327525766,0.2143243043418724,0.0
17145,1.0,0.05,0.00011254092450462471,6.381662436630606,0.007416250327525766,0.2143243043418724,0.0
17146,1.0,0.05,0.00011254092450462471,6.381662436630606,0.007416250327525766,0.2143243043418724,0.0
17147,1.0,0.05,0.00011254092450462471,6.381662436630606,0.007416250327525766,0.2143243043418724,0.0
17148,1.0,0.05,0.00011254092450462471,6.381662436630606,0.007416250327525766,0.2143243043418724,0.0
17149,1.0,0.05,0.00011254092450462471,6.381662436630606,0.007416250327525766,0.2143243043418724,0.0
17150,1.0,0.05,0.00011254092450462471,7.381774582262565,0.007416250327525766,0.2143243043418724,0.0
17151,1.0,0.05,0.00011254092450462471,7.381774582262565,0.007416250327525766,0.2143243043418724,0.0
17152,1.0,0.05,0.00011254092450462471,7.381774582262565,0.007416250327525766,0.2143243043418724,0.0
17153,1.0,0.05,0.00011254092450462471,7.381774582262565,0.007416250327525766,0.2143243043418724,0.0
17154,1.0,0.05,0.00011254092450462471,7.381774582262565,0.007416250327525766,0.2143243043418724,0.0
17155,1.0,0.05,0.00011254092450462471,7.381774582262565,0.007416250327525766,0.2143243043418724,0.0
17156,1.0,0.05,0.00011254092450462471,7.381774582262565,0.007416250327525766,0.2143243043418724,0.0
17157,1.0,0.05,0.00011254092450462471,7.381774582262565,0.007416250327525766,0.2143243043418724,0.0
17158,1.0,0.05,0.00011254092450462471,7.381774582262565,0.007416250327525766,0.18146396579255183,0.0
17159,1.0,0.05,0.00011254092450462471,7.381774582262565,0.007416250327525766,0.18146396579255183,0.0
17160,1.0,0.05,0.00011254092450462471,7.381774582262565,0.007416250327525766,0.17386662986104487,0.0
17161,1.0,0.05,0.00011254092450462471,8.447297830505548,0.007416250327525766,0.17386662986104487,0.0
17162,1.0,0.05,0.00011254092450462471,10.010566826938657,0.007416250327525766,0.17386662986104487,0.0
17163,1.0,0.05,0.00011254092450462471,10.010566826938657,0.007416250327525766,0.17386662986104487,0.0
17164,1.0,0.05,0.00011254092450462471,10.010566826938657,0.007416250327525766,0.17386662986104487,0.0
17165,1.0,0.05,0.00011254092450462471,10.010566826938657,0.007416250327525766,0.17386662986104487,0.0
17166,1.0,0.05,0.00011254092450462471,10.010566826938657,0.007278466437089842,0.17386662986104487,0.0
17167,1.0,0.05,0.00011254092450462471,10.010566826938657,0.007278466437089842,0.17386662986104487,0.0
17168,1.0,0.05,0.00011254092450462471,10.010566826938657,0.007278466437089842,0.17386662986104487,0.0
17169,1.0,0.05,0.00011254092450462471,10.433856041477085,0.007278466437089842,0.17386662986104487,0.0
17170,1.0,0.05,0.00011254092450462471,10.433856041477085,0.00854214082007619,0.17386662986104487,0.0
17171,1.0,0.05,0.00011254092450462471,10.433856041477085,0.00854214082007619,0.17386662986104487,0.0
17172,1.0,0.05,0.00011254092450462471,10.433856041477085,0.00854214082007619,0.17386662986104487,0.0
17173,1.0,0.05,0.00011254092450462471,10.433856041477085,0.00854214082007619,0.17351057271524978,0.0
17174,1.0,0.05,0.00011254092450462471,10.433856041477085,0.00854214082007619,0.17351057271524978,0.0
17175,1.0,0.05,0.00011254092450462471,10.433856041477085,0.00854214082007619,0.17351057271524978,0.0
17176,1.0,0.05,0.0001072962123451717,10.433856041477085,0.00854214082007619,0.17351057271524978,0.0
17177,1.0,0.05,0.0001072962123451717,10.433856041477085,0.00854214082007619,0.1930450640109012,0.0
17178,1.0,0.05,0.0001072962123451717,10.433856041477085,0.00854214082007619,0.1930450640109012,0.0
17179,1.0,0.05,0.0001072962123451717,10.433856041477085,0.007696331137207797,0.1930450640109012,0.0
17180,1.0,0.05,0.0001072962123451717,10.433856041477085,0.007696331137207797,0.1930450640109012,0.0
17181,1.0,0.05,0.0001072962123451717,10.433856041477085,0.007696331137207797,0.1930450640109012,0.0
17182,1.0,0.05,0.0001072962123451717,10.433856041477085,0.007696331137207797,0.18361356322563138,0.0
17183,1.0,0.05,0.0001072962123451717,10.433856041477085,0.007696331137207797,0.1662642764138204,0.0
17184,1.0,0.05,0.0001072962123451717,10.433856041477085,0.007696331137207797,0.1662642764138204,0.0
17185,1.0,0.05,0.0001072962123451717,11.756658573417766,0.007696331137207797,0.1662642764138204,0.0
17186,1.0,0.05,0.0001072962123451717,11.756658573417766,0.007696331137207797,0.1662642764138204,0.0
17187,1.0,0.05,0.0001072962123451717,11.756658573417766,0.007696331137207797,0.1662642764138204,0.0
17188,1.0,0.05,0.0001072962123451717,13.797628425061689,0.007696331137207797,0.1662642764138204,0.0
17189,1.0,0.05,0.0001072962123451717,13.797628425061689,0.007696331137207797,0.1662642764138204,0.0
17190,1.0,0.05,0.0001072962123451717,13.797628425061689,0.00821053313236164,0.1662642764138204,0.0
17191,1.0,0.05,0.0001072962123451717,11.272092999967228,0.008144571471038125,0.17071197166437121,0.0
17192,1.0,0.05,0.0001072962123451717,11.272092999967228,0.008144571471038125,0.17071197166437121,0.0
17193,1.0,0.05,0.0001072962123451717,11.272092999967228,0.009259958818049719,0.17071197166437121,0.0
17194,1.0,0.05,0.0001072962123451717,11.272092999967228,0.009259958818049719,0.18263630602219028,0.0
17195,1.0,0.05,0.0001072962123451717,11.272092999967228,0.009259958818049719,0.18263630602219028,0.0
17196,1.0,0.05,0.0001072962123451717,11.272092999967228,0.009259958818049719,0.18263630602219028,0.0
17197,1.0,0.05,0.0001072962123451717,11.272092999967228,0.0068754330319878805,0.18263630602219028,0.0
17198,1.0,0.05,0.0001072962123451717,11.272092999967228,0.0068754330319878805,0.18263630602219028,0.0
17199,1.0,0.05,0.00011894278006825137,11.272092999967228,0.007528716619798557,0.18263630602219028,0.0
17200,1.0,0.05,0.00011894278006825137,11.272092999967228,0.007528716619798557,0.13847601765350337,0.0
17201,1.0,0.05,0.00011894278006825137,11.272092999967228,0.007528716619798557,0.13847601765350337,0.0
17202,1.0,0.05,0.00012598509875755067,11.272092999967228,0.006595118981437049,0.13847601765350337,0.0
17203,1.0,0.05,0.00012598509875755067,11.272092999967228,0.006595118981437049,0.13847601765350337,0.0
17204,1.0,0.05,0.00012598509875755067,11.272092999967228,0.006595118981437049,0.13847601765350337,0.0
17205,1.0,0.05,0.00012598509875755067,11.272092999967228,0.006595118981437049,0.13847601765350337,0.0
17206,1.0,0.05,0.00012598509875755067,11.272092999967228,0.006595118981437049,0.13847601765350337,0.0
17207,1.0,0.05,0.00012598509875755067,11.272092999967228,0.006595118981437049,0.13847601765350337,0.0
17208,1.0,0.05,0.00011589110711753917,11.272092999967228,0.006595118981437049,0.13847601765350337,0.0
17209,1.0,0.05,0.00011589110711753917,13.658968239723436,0.006595118981437049,0.13847601765350337,0.0
17210,1.0,0.05,0.00011589110711753917,13.658968239723436,0.006595118981437049,0.14529499268914758,0.0
17211,1.0,0.05,0.00011589110711753917,13.658968239723436,0.006595118981437049,0.14529499268914758,0.0
17212,1.0,0.05,0.00011589110711753917,13.658968239723436,0.008140165405819706,0.14529499268914758,0.0
17213,1.0,0.05,0.00011589110711753917,13.658968239723436,0.008140165405819706,0.14529499268914758,0.0
17214,1.0,0.05,0.00011589110711753917,13.658968239723436,0.0076014726256754175,0.14529499268914758,0.0
17215,1.0,0.05,0.00011589110711753917,13.036358686545938,0.0076014726256754175,0.14529499268914758,0.0
17216,1.0,0.05,0.00011686129028700455,13.036358686545938,0.007824280530216153,0.14529499268914758,0.0
17217,1.0,0.05,0.00011686129028700455,13.036358686545938,0.007824280530216153,0.14529499268914758,0.0
17218,1.0,0.05,0.00011686129028700455,13.036358686545938,0.007824280530216153,0.14529499268914758,0.0
17219,1.0,0.05,0.00011686129028700455,13.036358686545938,0.007268623773940583,0.14529499268914758,0.0
17220,1.0,0.05,0.00011686129028700455,13.036358686545938,0.006720871017175678,0.09849116905801658,0.0
17221,1.0,0.05,0.00011686129028700455,13.036358686545938,0.006720871017175678,0.09849116905801658,0.0
17222,1.0,0.05,0.00011686129028700455,13.036358686545938,0.006720871017175678,0.09849116905801658,0.0
17223,1.0,0.05,0.00011686129028700455,17.439334823375134,0.006720871017175678,0.09849116905801658,0.0
17224,1.0,0.05,0.00011686129028700455,17.439334823375134,0.006720871017175678,0.09978948545168705,0.0
17225,1.0,0.05,0.00011686129028700455,17.439334823375134,0.007954197011965937,0.09978948545168705,0.0
17226,1.0,0.05,0.00011686129028700455,17.439334823375134,0.007954197011965937,0.09978948545168705,0.0
17227,1.0,0.05,0.00011686129028700455,17.439334823375134,0.007954197011965937,0.10388013044873178,0.0
17228,1.0,0.05,0.00011686129028700455,17.439334823375134,0.006762168348146711,0.10388013044873178,0.0
17229,1.0,0.05,0.00011686129028700455,17.439334823375134,0.007903056173780587,0.10388013044873178,0.0
17230,1.0,0.05,0.00011686129028700455,17.439334823375134,0.007903056173780587,0.10388013044873178,0.0
17231,1.0,0.05,0.00011686129028700455,17.439334823375134,0.007903056173780587,0.10388013044873178,0.0
17232,1.0,0.05,0.00011686129028700455,17.439334823375134,0.006594539568639371,0.10388013044873178,0.0
17233,1.0,0.05,0.00011686129028700455,17.439334823375134,0.006594539568639371,0.10388013044873178,0.0
17234,1.0,0.05,0.00011686129028700455,17.955062720921447,0.007475877580199476,0.10388013044873178,0.0
17235,1.0,0.05,0.00011686129028700455,17.955062720921447,0.007174389499711586,0.10388013044873178,0.0
17236,1.0,0.05,0.00011686129028700455,17.955062720921447,0.006653575692910248,0.10388013044873178,0.0
17237,1.0,0.05,0.00011686129028700455,9.756454408449883,0.006653575692910248,0.10388013044873178,0.0
17238,1.0,0.05,0.00011686129028700455,9.756454408449883,0.006653575692910248,0.10388013044873178,0.0
17239,1.0,0.05,0.00011686129028700455,9.756454408449883,0.006653575692910248,0.10388013044873178,0.0
17240,1.0,0.05,0.00011686129028700455,9.756454408449883,0.006653575692910248,0.10388013044873178,0.0
17241,1.0,0.05,0.0001239179683340565,9.015428508480781,0.006653575692910248,0.11270077136113885,0.0
17242,1.0,0.05,0.00012920361720081058,9.015428508480781,0.006653575692910248,0.11270077136113885,0.0
17243,1.0,0.05,0.00012571765000351286,9.015428508480781,0.006653575692910248,0.11270077136113885,0.0
17244,1.0,0.05,0.00012571765000351286,9.015428508480781,0.006005288667527646,0.11270077136113885,0.0
17245,1.0,0.05,0.00012571765000351286,9.015428508480781,0.006005288667527646,0.11270077136113885,0.0
17246,1.0,0.05,0.00012571765000351286,9.015428508480781,0.005922243414569309,0.11270077136113885,0.0
17247,1.0,0.05,0.00012571765000351286,9.015428508480781,0.005922243414569309,0.11270077136113885,0.0
17248,1.0,0.05,0.00012571765000351286,9.015428508480781,0.005922243414569309,0.11270077136113885,0.0
17249,1.0,0.05,0.00012571765000351286,9.015428508480781,0.005922243414569309,0.11270077136113885,0.0
17250,1.0,0.05,0.00012571765000351286,9.015428508480781,0.005922243414569309,0.11270077136113885,0.0
17251,1.0,0.05,0.00012571765000351286,9.015428508480781,0.005922243414569309,0.11270077136113885,0.0
17252,1.0,0.05,0.00012571765000351286,9.015428508480781,0.00651548332759633,0.11270077136113885,0.0
17253,1.0,0.05,0.00012571765000351286,12.177877954132057,0.00651548332759633,0.11270077136113885,0.0
17254,1.0,0.05,0.00012571765000351286,12.177877954132057,0.00651548332759633,0.11270077136113885,0.0
17255,1.0,0.05,0.00012571765000351286,12.177877954132057,0.00651548332759633,0.11270077136113885,0.0
17256,1.0,0.05,0.00012571765000351286,12.177877954132057,0.00651548332759633,0.11270077136113885,0.0
17257,1.0,0.05,0.00011933705628482466,12.177877954132057,0.00651548332759633,0.11270077136113885,0.0
17258,1.0,0.05,0.00011933705628482466,12.177877954132057,0.00651548332759633,0.11270077136113885,0.0
17259,1.0,0.05,0.00011933705628482466,12.177877954132057,0.00651548332759633,0.12478971755643742,0.0
17260,1.0,0.05,0.00011933705628482466,12.177877954132057,0.00651548332759633,0.12478971755643742,0.0
17261,1.0,0.05,0.00011933705628482466,9.477563935511185,0.00651548332759633,0.12006286007129915,0.0
17262,1.0,0.05,0.00011933705628482466,9.477563935511185,0.007675555616260892,0.12006286007129915,0.0
17263,1.0,0.05,0.00011933705628482466,9.477563935511185,0.007675555616260892,0.12006286007129915,0.0
17264,1.0,0.05,0.00011933705628482466,9.477563935511185,0.007202734294896553,0.12006286007129915,0.0
17265,1.0,0.05,0.00011933705628482466,9.477563935511185,0.007202734294896553,0.12006286007129915,0.0
17266,1.0,0.05,0.00011933705628482466,9.477563935511185,0.007202734294896553,0.12006286007129915,0.0
17267,1.0,0.05,0.00011933705628482466,9.477563935511185,0.007202734294896553,0.12006286007129915,0.0
17268,1.0,0.05,0.00012173560297436121,9.477563935511185,0.007202734294896553,0.12006286007129915,0.0
17269,1.0,0.05,0.00012173560297436121,9.477563935511185,0.007202734294896553,0.12006286007129915,0.0
17270,1.0,0.05,0.00012173560297436121,9.477563935511185,0.007202734294896553,0.12006286007129915,0.0
17271,1.0,0.05,0.00012173560297436121,9.477563935511185,0.0075058904231622816,0.12006286007129915,0.0
17272,1.0,0.05,0.00012173560297436121,9.477563935511185,0.0075058904231622816,0.15980527847155535,0.0
17273,1.0,0.05,0.00012173560297436121,9.477563935511185,0.0075058904231622816,0.15980527847155535,0.0
17274,1.0,0.05,0.00012173560297436121,9.477563935511185,0.0075058904231622816,0.15980527847155535,0.0
17275,1.0,0.05,0.00012173560297436121,9.477563935511185,0.0075058904231622816,0.15980527847155535,0.0
17276,1.0,0.05,0.00012245862335367975,4.092952863659917,0.0075058904231622816,0.18386333068567845,0.0
17277,1.0,0.05,0.00012245862335367975,4.092952863659917,0.008201822042266013,0.18386333068567845,0.0
17278,1.0,0.05,0.00012245862335367975,7.119501515244181,0.007479505460261419,0.18386333068567845,0.0
17279,1.0,0.05,0.00012245862335367975,7.119501515244181,0.007479505460261419,0.17067128797006367,0.0
17280,1.0,0.05,0.00012245862335367975,7.119501515244181,0.007479505460261419,0.17067128797006367,0.0
17281,1.0,0.05,0.00012245862335367975,7.119501515244181,0.007479505460261419,0.17067128797006367,0.0
17282,1.0,0.05,0.00011645415035788289,7.119501515244181,0.007479505460261419,0.17067128797006367,0.0
17283,1.0,0.05,0.00011645415035788289,7.119501515244181,0.007479505460261419,0.17067128797006367,0.0
17284,1.0,0.05,0.00011645415035788289,10.446351927456448,0.007479505460261419,0.15775762108738872,0.0
17285,1.0,0.05,0.00011645415035788289,10.446351927456448,0.007479505460261419,0.1368170343290569,0.0
17286,1.0,0.05,0.00011645415035788289,10.446351927456448,0.007479505460261419,0.1368170343290569,0.0
17287,1.0,0.05,0.00011645415035788289,10.446351927456448,0.007479505460261419,0.1368170343290569,0.0
17288,1.0,0.05,0.00012058965915346208,10.446351927456448,0.007479505460261419,0.1368170343290569,0.0
17289,1.0,0.05,0.00011539319813356278,10.446351927456448,0.007479505460261419,0.1297711824238685,0.0
17290,1.0,0.05,0.00011539319813356278,10.446351927456448,0.007479505460261419,0.14986139179775068,0.0
17291,1.0,0.05,0.00011539319813356278,10.446351927456448,0.007479505460261419,0.14986139179775068,0.0
17292,1.0,0.05,0.00011539319813356278,10.446351927456448,0.007479505460261419,0.14986139179775068,0.0
17293,1.0,0.05,0.00011539319813356278,10.446351927456448,0.007479505460261419,0.14986139179775068,0.0
17294,1.0,0.05,0.00011539319813356278,10.446351927456448,0.007479505460261419,0.14986139179775068,0.0
17295,1.0,0.05,0.00011539319813356278,10.446351927456448,0.008125647413733249,0.15720562750184458,0.0
17296,1.0,0.05,0.00011539319813356278,10.446351927456448,0.008125647413733249,0.15720562750184458,0.0
17297,1.0,0.05,0.00011539319813356278,10.446351927456448,0.008125647413733249,0.13550821176611222,0.0
17298,1.0,0.05,0.00011539319813356278,10.446351927456448,0.008125647413733249,0.1611422665936105,0.0
17299,1.0,0.05,0.00011539319813356278,10.446351927456448,0.008125647413733249,0.1611422665936105,0.0
17300,1.0,0.05,0.00011539319813356278,10.446351927456448,0.008125647413733249,0.20079278073753756,0.0
17301,1.0,0.05,0.00011539319813356278,10.446351927456448,0.008125647413733249,0.20079278073753756,0.0
17302,1.0,0.05,0.00011539319813356278,10.446351927456448,0.008125647413733249,0.20079278073753756,0.0
17303,1.0,0.05,0.00011539319813356278,10.446351927456448,0.007983569789634687,0.1346875933331106,0.0
17304,1.0,0.05,0.00011539319813356278,10.446351927456448,0.007983569789634687,0.1346875933331106,0.0
17305,1.0,0.05,0.00011539319813356278,10.446351927456448,0.006828601873072803,0.1346875933331106,0.0
17306,1.0,0.05,0.00011539319813356278,10.446351927456448,0.007376312992920084,0.1346875933331106,0.0
17307,1.0,0.05,0.00011539319813356278,10.446351927456448,0.007376312992920084,0.1346875933331106,0.0
17308,1.0,0.05,0.00011539319813356278,10.446351927456448,0.007376312992920084,0.1346875933331106,0.0
17309,1.0,0.05,0.00011007680248143473,10.446351927456448,0.007376312992920084,0.1346875933331106,0.0
17310,1.0,0.05,0.00011650205883803774,13.528559518101147,0.008131418350237321,0.1346875933331106,0.0
17311,1.0,0.05,0.00011650205883803774,12.332251946744904,0.00803666740570761,0.1346875933331106,0.0
17312,1.0,0.05,0.00011650205883803774,12.332251946744904,0.0069780414738461385,0.1346875933331106,0.0
17313,1.0,0.05,0.00011650205883803774,12.332251946744904,0.0069780414738461385,0.1346875933331106,0.0
17314,1.0,0.05,0.00011650205883803774,12.332251946744904,0.0069780414738461385,0.1346875933331106,0.0
17315,1.0,0.05,0.00012135226433262644,12.332251946744904,0.0069780414738461385,0.1346875933331106,0.0
17316,1.0,0.05,0.00012135226433262644,12.332251946744904,0.0069780414738461385,0.13661397933561154,0.0
17317,1.0,0.05,0.00012135226433262644,12.332251946744904,0.0069780414738461385,0.13661397933561154,0.0
17318,1.0,0.05,0.00012135226433262644,12.332251946744904,0.0069780414738461385,0.1251502984161389,0.0
17319,1.0,0.05,0.00012135226433262644,12.332251946744904,0.0069780414738461385,0.1308329435238354,0.0
17320,1.0,0.05,0.00012135226433262644,10.213713725632417,0.0069780414738461385,0.1308329435238354,0.0
17321,1.0,0.05,0.00012135226433262644,10.213713725632417,0.0069780414738461385,0.10645808899479066,0.0
17322,1.0,0.05,0.00012135226433262644,10.213713725632417,0.0069780414738461385,0.10645808899479066,0.0
17323,1.0,0.05,0.00012135226433262644,7.163382471213154,0.0069780414738461385,0.12257161250984072,0.0
17324,1.0,0.05,0.00012135226433262644,7.163382471213154,0.0069780414738461385,0.12257161250984072,0.0
17325,1.0,0.05,0.00012628657990653588,7.163382471213154,0.006443901945794577,0.11939233877650107,0.0
17326,1.0,0.05,0.00012628657990653588,7.163382471213154,0.006443901945794577,0.11939233877650107,0.0
17327,1.0,0.05,0.00012628657990653588,7.163382471213154,0.006573090113492897,0.11939233877650107,0.0
17328,1.0,0.05,0.00012628657990653588,7.163382471213154,0.006232992071168757,0.11939233877650107,0.0
17329,1.0,0.05,0.00012628657990653588,7.163382471213154,0.006224544452533478,0.11939233877650107,0.0
17330,1.0,0.05,0.00012628657990653588,7.163382471213154,0.0071122571649373245,0.127023220503628,0.0
17331,1.0,0.05,0.00012628657990653588,7.163382471213154,0.0071122571649373245,0.14791619167923933,0.0
17332,1.0,0.05,0.00012628657990653588,7.163382471213154,0.0071122571649373245,0.14791619167923933,0.0
17333,1.0,0.05,0.00012628657990653588,7.163382471213154,0.0071122571649373245,0.129665418208839,0.0
17334,1.0,0.05,0.00012628657990653588,7.163382471213154,0.0071122571649373245,0.129665418208839,0.0
17335,1.0,0.05,0.00012628657990653588,7.163382471213154,0.0071122571649373245,0.129665418208839,0.0
17336,1.0,0.05,0.00012628657990653588,7.777654718852702,0.0071122571649373245,0.129665418208839,0.0
17337,1.0,0.05,0.00012628657990653588,7.777654718852702,0.0071122571649373245,0.129665418208839,0.0
17338,1.0,0.05,0.00012628657990653588,7.777654718852702,0.0071122571649373245,0.129665418208839,0.0
17339,1.0,0.05,0.00012628657990653588,7.777654718852702,0.0058037888667810825,0.129665418208839,0.0
17340,1.0,0.05,0.00012628657990653588,7.777654718852702,0.0058037888667810825,0.129665418208839,0.0
17341,1.0,0.05,0.00012628657990653588,7.777654718852702,0.0058037888667810825,0.129665418208839,0.0
17342,1.0,0.05,0.00012869185418973251,7.777654718852702,0.0058037888667810825,0.129665418208839,0.0
17343,1.0,0.05,0.00012869185418973251,7.777654718852702,0.005829446191358048,0.129665418208839,0.0
17344,1.0,0.05,0.00012869185418973251,7.777654718852702,0.005829446191358048,0.129665418208839,0.0
17345,1.0,0.05,0.00012869185418973251,7.777654718852702,0.005894522836443949,0.129665418208839,0.0
17346,1.0,0.05,0.00012869185418973251,7.777654718852702,0.005894522836443949,0.129665418208839,0.0
17347,1.0,0.05,0.00012869185418973251,7.777654718852702,0.005894522836443949,0.129665418208839,0.0
17348,1.0,0.05,0.00012869185418973251,7.777654718852702,0.005894522836443949,0.129665418208839,0.0
17349,1.0,0.05,0.00012869185418973251,7.777654718852702,0.005894522836443949,0.129665418208839,0.0
17350,1.0,0.05,0.00012869185418973251,4.16209066857418,0.005894522836443949,0.129665418208839,0.0
17351,1.0,0.05,0.00012869185418973251,4.16209066857418,0.005894522836443949,0.11080751658561125,0.0
17352,1.0,0.05,0.00012869185418973251,4.16209066857418,0.005894522836443949,0.11080751658561125,0.0
17353,1.0,0.05,0.00012869185418973251,4.16209066857418,0.005894522836443949,0.11080751658561125,0.0
17354,1.0,0.05,0.00012869185418973251,4.16209066857418,0.005894522836443949,0.11080751658561125,0.0
17355,1.0,0.05,0.00012869185418973251,4.16209066857418,0.005894522836443949,0.15503051617609354,0.0
17356,1.0,0.05,0.00012869185418973251,4.16209066857418,0.005894522836443949,0.15503051617609354,0.0
17357,1.0,0.05,0.00012869185418973251,4.16209066857418,0.005894522836443949,0.14229279867236083,0.0
17358,1.0,0.05,0.00012869185418973251,4.16209066857418,0.005894522836443949,0.14229279867236083,0.0
17359,1.0,0.05,0.00012869185418973251,4.16209066857418,0.005894522836443949,0.14229279867236083,0.0
17360,1.0,0.05,0.00012869185418973251,4.16209066857418,0.005894522836443949,0.14229279867236083,0.0
17361,1.0,0.05,0.00012869185418973251,4.16209066857418,0.005894522836443949,0.14229279867236083,0.0
17362,1.0,0.05,0.00012869185418973251,4.16209066857418,0.005894522836443949,0.14229279867236083,0.0
17363,1.0,0.05,0.00012869185418973251,4.16209066857418,0.005894522836443949,0.14229279867236083,0.0
17364,1.0,0.05,0.00012869185418973251,4.16209066857418,0.005894522836443949,0.14229279867236083,0.0
17365,1.0,0.05,0.00012869185418973251,7.960766166011183,0.005894522836443949,0.14229279867236083,0.0
17366,1.0,0.05,0.00012869185418973251,7.960766166011183,0.005894522836443949,0.14229279867236083,0.0
17367,1.0,0.05,0.00013519154643971666,7.960766166011183,0.005894522836443949,0.07680390229399232,0.0
17368,1.0,0.05,0.00013519154643971666,7.960766166011183,0.005566624829185597,0.07680390229399232,0.0
17369,1.0,0.05,0.00013519154643971666,7.960766166011183,0.005566624829185597,0.10643548001701567,0.0
17370,1.0,0.05,0.0001256284734003949,7.960766166011183,0.005566624829185597,0.10643548001701567,0.0
17371,1.0,0.05,0.0001256284734003949,7.960766166011183,0.005566624829185597,0.10643548001701567,0.0
17372,1.0,0.05,0.0001256284734003949,7.960766166011183,0.005566624829185597,0.10643548001701567,0.0
17373,1.0,0.05,0.000130209979112341,7.960766166011183,0.005566624829185597,0.10643548001701567,0.0
17374,1.0,0.05,0.000130209979112341,7.960766166011183,0.005566624829185597,0.10643548001701567,0.0
17375,1.0,0.05,0.000130209979112341,7.960766166011183,0.005566624829185597,0.10643548001701567,0.0
17376,1.0,0.05,0.000130209979112341,9.591981163424478,0.005566624829185597,0.10643548001701567,0.0
17377,1.0,0.05,0.000130209979112341,9.591981163424478,0.005566624829185597,0.10643548001701567,0.0
17378,1.0,0.05,0.00011803665270481559,9.591981163424478,0.006712301262054714,0.10643548001701567,0.0
17379,1.0,0.05,0.00011803665270481559,9.71601986696973,0.006712301262054714,0.10643548001701567,0.0
17380,1.0,0.05,0.00011803665270481559,9.71601986696973,0.006712301262054714,0.10643548001701567,0.0
17381,1.0,0.05,0.00011803665270481559,9.71601986696973,0.006712301262054714,0.10643548001701567,0.0
17382,1.0,0.05,0.00011803665270481559,9.71601986696973,0.006712301262054714,0.10643548001701567,0.0
17383,1.0,0.05,0.00011803665270481559,13.891242911242927,0.006712301262054714,0.10643548001701567,0.0
17384,1.0,0.05,0.00011803665270481559,13.891242911242927,0.006712301262054714,0.10643548001701567,0.0
17385,1.0,0.05,0.00011803665270481559,13.891242911242927,0.006712301262054714,0.11478775013410619,0.0
17386,1.0,0.05,0.00011803665270481559,13.891242911242927,0.006712301262054714,0.11478775013410619,0.0
17387,1.0,0.05,0.00011803665270481559,13.891242911242927,0.006712301262054714,0.11478775013410619,0.0
17388,1.0,0.05,0.00011803665270481559,13.891242911242927,0.006712301262054714,0.11478775013410619,0.0
17389,1.0,0.05,0.00011803665270481559,13.891242911242927,0.006712301262054714,0.11478775013410619,0.0
17390,1.0,0.05,0.00011803665270481559,13.891242911242927,0.007767667287279163,0.11478775013410619,0.0
17391,1.0,0.05,0.00011803665270481559,13.891242911242927,0.007767667287279163,0.11478775013410619,0.0
17392,1.0,0.05,0.00011803665270481559,13.891242911242927,0.007767667287279163,0.11478775013410619,0.0
17393,1.0,0.05,0.00011803665270481559,13.891242911242927,0.007767667287279163,0.11478775013410619,0.0
17394,1.0,0.05,0.00011803665270481559,13.891242911242927,0.007767667287279163,0.11478775013410619,0.0
17395,1.0,0.05,0.00011803665270481559,13.891242911242927,0.006929571382370978,0.11478775013410619,0.0
17396,1.0,0.05,0.00011803665270481559,13.891242911242927,0.006929571382370978,0.11478775013410619,0.0
17397,1.0,0.05,0.00011803665270481559,9.80634876000883,0.006584052984109229,0.11478775013410619,0.0
17398,1.0,0.05,0.00011803665270481559,9.80634876000883,0.006584052984109229,0.16974958013481647,0.0
17399,1.0,0.05,0.00012311987502194356,9.80634876000883,0.006470990750020193,0.16974958013481647,0.0
17400,1.0,0.05,0.00012311987502194356,9.80634876000883,0.006470990750020193,0.16974958013481647,0.0
17401,1.0,0.05,0.00012311987502194356,9.80634876000883,0.006470990750020193,0.12779793109494422,0.0
17402,1.0,0.05,0.00012311987502194356,9.80634876000883,0.006470990750020193,0.12779793109494422,0.0
17403,1.0,0.05,0.00012311987502194356,9.80634876000883,0.006470990750020193,0.12779793109494422,0.0
17404,1.0,0.05,0.00012311987502194356,9.80634876000883,0.006470990750020193,0.12779793109494422,0.0
17405,1.0,0.05,0.00012311987502194356,9.80634876000883,0.006470990750020193,0.12779793109494422,0.0
17406,1.0,0.05,0.00012311987502194356,9.80634876000883,0.006470990750020193,0.12779793109494422,0.0
17407,1.0,0.05,0.00012311987502194356,9.80634876000883,0.006470990750020193,0.11693679953473533,0.0
17408,1.0,0.05,0.00012311987502194356,9.80634876000883,0.006470990750020193,0.11693679953473533,0.0
17409,1.0,0.05,0.00012311987502194356,9.80634876000883,0.006470990750020193,0.11693679953473533,0.0
17410,1.0,0.05,0.00012311987502194356,9.80634876000883,0.006470990750020193,0.11564634951358697,0.0
17411,1.0,0.05,0.00012311987502194356,9.80634876000883,0.006470990750020193,0.11564634951358697,0.0
17412,1.0,0.05,0.00012311987502194356,9.80634876000883,0.006470990750020193,0.11564634951358697,0.0
17413,1.0,0.05,0.00012270141548906946,9.80634876000883,0.006470990750020193,0.11564634951358697,0.0
17414,1.0,0.05,0.00012270141548906946,9.80634876000883,0.006470990750020193,0.11564634951358697,0.0
17415,1.0,0.05,0.00012270141548906946,9.80634876000883,0.007132731462871651,0.11564634951358697,0.0
17416,1.0,0.05,0.00012270141548906946,9.80634876000883,0.007132731462871651,0.11564634951358697,0.0
17417,1.0,0.05,0.00012270141548906946,9.80634876000883,0.007132731462871651,0.11564634951358697,0.0
17418,1.0,0.05,0.00012270141548906946,8.717444470547093,0.007132731462871651,0.11564634951358697,0.0
17419,1.0,0.05,0.00012270141548906946,13.220168082300091,0.007132731462871651,0.11564634951358697,0.0
17420,1.0,0.05,0.00012270141548906946,13.220168082300091,0.007132731462871651,0.11564634951358697,0.0
17421,1.0,0.05,0.00012270141548906946,13.220168082300091,0.007132731462871651,0.11564634951358697,0.0
17422,1.0,0.05,0.00012270141548906946,13.220168082300091,0.007132731462871651,0.11564634951358697,0.0
17423,1.0,0.05,0.00012270141548906946,13.220168082300091,0.007132731462871651,0.10253779942342818,0.0
17424,1.0,0.05,0.00012270141548906946,13.220168082300091,0.007132731462871651,0.10253779942342818,0.0
17425,1.0,0.05,0.00012270141548906946,13.220168082300091,0.007132731462871651,0.10253779942342818,0.0
17426,1.0,0.05,0.00012270141548906946,13.220168082300091,0.007132731462871651,0.10253779942342818,0.0
17427,1.0,0.05,0.00012270141548906946,15.340246040632891,0.007132731462871651,0.10253779942342818,0.0
17428,1.0,0.05,0.00012083926382896821,15.340246040632891,0.007132731462871651,0.10253779942342818,0.0
17429,1.0,0.05,0.00012083926382896821,15.340246040632891,0.007132731462871651,0.10253779942342818,0.0
17430,1.0,0.05,0.00012083926382896821,15.340246040632891,0.007243683057714852,0.10253779942342818,0.0
17431,1.0,0.05,0.00012083926382896821,15.340246040632891,0.007243683057714852,0.10253779942342818,0.0
17432,1.0,0.05,0.00012009174090321747,15.340246040632891,0.007243683057714852,0.10253779942342818,0.0
17433,1.0,0.05,0.00012009174090321747,15.340246040632891,0.007243683057714852,0.10253779942342818,0.0
17434,1.0,0.05,0.00012009174090321747,15.340246040632891,0.007243683057714852,0.10253779942342818,0.0
17435,1.0,0.05,0.00012009174090321747,15.340246040632891,0.007243683057714852,0.10253779942342818,0.0
17436,1.0,0.05,0.00012009174090321747,15.340246040632891,0.007243683057714852,0.10253779942342818,0.0
17437,1.0,0.05,0.00012009174090321747,15.340246040632891,0.007243683057714852,0.10253779942342818,0.0
17438,1.0,0.05,0.00012009174090321747,15.340246040632891,0.007243683057714852,0.10253779942342818,0.0
17439,1.0,0.05,0.00012009174090321747,15.340246040632891,0.00672949982881967,0.10253779942342818,0.0
17440,1.0,0.05,0.00012009174090321747,15.340246040632891,0.00672949982881967,0.10253779942342818,0.0
17441,1.0,0.05,0.00012009174090321747,15.340246040632891,0.00672949982881967,0.10253779942342818,0.0
17442,1.0,0.05,0.00012009174090321747,10.647915328393267,0.007258873794398886,0.10253779942342818,0.0
17443,1.0,0.05,0.00011738417391213511,10.647915328393267,0.007258873794398886,0.10253779942342818,0.0
17444,1.0,0.05,0.00011738417391213511,10.647915328393267,0.0073587415860704745,0.10253779942342818,0.0
17445,1.0,0.05,0.00011571836083595871,10.647915328393267,0.0073587415860704745,0.10253779942342818,0.0
17446,1.0,0.05,0.00011571836083595871,16.16004743839612,0.0073587415860704745,0.10552955122117834,0.0
17447,1.0,0.05,0.00011571836083595871,16.16004743839612,0.0073587415860704745,0.10552955122117834,0.0
17448,1.0,0.05,0.00011735499329009499,16.16004743839612,0.007217705645100602,0.10552955122117834,0.0
17449,1.0,0.05,0.00011735499329009499,16.16004743839612,0.007217705645100602,0.10552955122117834,0.0
17450,1.0,0.05,0.00011735499329009499,16.16004743839612,0.007217705645100602,0.10552955122117834,0.0
17451,1.0,0.05,0.00011735499329009499,16.16004743839612,0.007217705645100602,0.10552955122117834,0.0
17452,1.0,0.05,0.00011735499329009499,16.16004743839612,0.007038322232185669,0.10552955122117834,0.0
17453,1.0,0.05,0.00011735499329009499,16.16004743839612,0.007038322232185669,0.10552955122117834,0.0
17454,1.0,0.05,0.00011735499329009499,9.758044845534215,0.007038322232185669,0.10552955122117834,0.0
17455,1.0,0.05,0.00011735499329009499,13.128260988215729,0.007038322232185669,0.1243132085694729,0.0
17456,1.0,0.05,0.00011735499329009499,13.128260988215729,0.007038322232185669,0.1243132085694729,0.0
17457,1.0,0.05,0.00011735499329009499,13.128260988215729,0.007038322232185669,0.1243132085694729,0.0
17458,1.0,0.05,0.00011735499329009499,13.128260988215729,0.007038322232185669,0.11703333399668228,0.0
17459,1.0,0.05,0.00011735499329009499,13.128260988215729,0.007589905144577458,0.11703333399668228,0.0
17460,1.0,0.05,0.00011735499329009499,13.128260988215729,0.007589905144577458,0.11703333399668228,0.0
17461,1.0,0.05,0.00011054003510152819,13.128260988215729,0.007589905144577458,0.11703333399668228,0.0
17462,1.0,0.05,0.00011054003510152819,13.128260988215729,0.007589905144577458,0.11703333399668228,0.0
17463,1.0,0.05,0.00011054003510152819,10.692248104775743,0.0074850439035578495,0.11703333399668228,0.0
17464,1.0,0.05,0.00011054003510152819,10.692248104775743,0.0074850439035578495,0.11703333399668228,0.0
17465,1.0,0.05,0.00011375866838867918,10.692248104775743,0.0074850439035578495,0.11703333399668228,0.0
17466,1.0,0.05,0.00011375866838867918,10.692248104775743,0.007065270990954077,0.11703333399668228,0.0
17467,1.0,0.05,0.00011375866838867918,10.692248104775743,0.007065270990954077,0.11703333399668228,0.0
17468,1.0,0.05,0.00011375866838867918,10.309917369392878,0.007065270990954077,0.11703333399668228,0.0
17469,1.0,0.05,0.00011375866838867918,10.309917369392878,0.007065270990954077,0.11703333399668228,0.0
17470,1.0,0.05,0.00011245297745786473,10.309917369392878,0.007065270990954077,0.11703333399668228,0.0
17471,1.0,0.05,0.00011531756855923499,10.309917369392878,0.007065270990954077,0.11703333399668228,0.0
17472,1.0,0.05,0.00011531756855923499,10.309917369392878,0.007065270990954077,0.11703333399668228,0.0
17473,1.0,0.05,0.00011531756855923499,12.889128936877995,0.007065270990954077,0.11703333399668228,0.0
17474,1.0,0.05,0.00011531756855923499,12.889128936877995,0.007065270990954077,0.12107298206250205,0.0
17475,1.0,0.05,0.00011531756855923499,12.889128936877995,0.007065270990954077,0.15393297289234303,0.0
17476,1.0,0.05,0.00011531756855923499,15.11747681706457,0.007065270990954077,0.15393297289234303,0.0
17477,1.0,0.05,0.00011531756855923499,15.11747681706457,0.007520729631242115,0.15393297289234303,0.0
17478,1.0,0.05,0.00011531756855923499,15.11747681706457,0.007520729631242115,0.15393297289234303,0.0
17479,1.0,0.05,0.00011531756855923499,15.11747681706457,0.007520729631242115,0.15393297289234303,0.0
17480,1.0,0.05,0.00011531756855923499,15.11747681706457,0.007520729631242115,0.15393297289234303,0.0
17481,1.0,0.05,0.00011531756855923499,15.11747681706457,0.007520729631242115,0.15393297289234303,0.0
17482,1.0,0.05,0.00011531756855923499,15.11747681706457,0.007520729631242115,0.15393297289234303,0.0
17483,1.0,0.05,0.00011531756855923499,15.11747681706457,0.007520729631242115,0.15393297289234303,0.0
17484,1.0,0.05,0.00011531756855923499,10.502580685198652,0.00806251649887139,0.15393297289234303,0.0
17485,1.0,0.05,0.00011531756855923499,5.073241064219488,0.007673371434012229,0.1883717573987994,0.0
17486,1.0,0.05,0.00011531756855923499,5.073241064219488,0.007673371434012229,0.1883717573987994,0.0
17487,1.0,0.05,0.00011531756855923499,5.073241064219488,0.007673371434012229,0.1883717573987994,0.0
17488,1.0,0.05,0.00011531756855923499,5.073241064219488,0.006961858012532795,0.1883717573987994,0.0
17489,1.0,0.05,0.00011531756855923499,5.073241064219488,0.006961858012532795,0.1883717573987994,0.0
17490,1.0,0.05,0.00011531756855923499,5.073241064219488,0.006961858012532795,0.1883717573987994,0.0
17491,1.0,0.05,0.00011618014013159006,5.237689836338788,0.006961858012532795,0.1883717573987994,0.0
17492,1.0,0.05,0.00011618014013159006,5.237689836338788,0.006961858012532795,0.1883717573987994,0.0
17493,1.0,0.05,0.00011618014013159006,5.237689836338788,0.006961858012532795,0.1883717573987994,0.0
17494,1.0,0.05,0.00011618014013159006,5.237689836338788,0.006961858012532795,0.1883717573987994,0.0
17495,1.0,0.05,0.00011618014013159006,5.237689836338788,0.006915633296118863,0.1883717573987994,0.0
17496,1.0,0.05,0.00011618014013159006,5.237689836338788,0.006915633296118863,0.1883717573987994,0.0
17497,1.0,0.05,0.00011618014013159006,5.237689836338788,0.006915633296118863,0.1883717573987994,0.0
17498,1.0,0.05,0.00011549376350165524,5.237689836338788,0.00714910072794811,0.1883717573987994,0.0
17499,1.0,0.05,0.00011549376350165524,5.237689836338788,0.007196756012953551,0.1883717573987994,0.0
17500,1.0,0.05,0.00011549376350165524,5.237689836338788,0.008854904271288202,0.1883717573987994,0.0
17501,1.0,0.05,0.00011549376350165524,5.237689836338788,0.00794845230686859,0.1883717573987994,0.0
17502,1.0,0.05,0.00011549376350165524,5.237689836338788,0.00794845230686859,0.1883717573987994,0.0
17503,1.0,0.05,0.00011549376350165524,5.237689836338788,0.00794845230686859,0.1883717573987994,0.0
17504,1.0,0.05,0.00011185807237371811,5.237689836338788,0.00794845230686859,0.1883717573987994,0.0
17505,1.0,0.05,0.00011185807237371811,5.237689836338788,0.00794845230686859,0.1883717573987994,0.0
17506,1.0,0.05,0.00011185807237371811,5.237689836338788,0.00794845230686859,0.2370095230379603,0.0
17507,1.0,0.05,0.00011185807237371811,10.489912691507726,0.00794845230686859,0.1957623119453204,0.0
17508,1.0,0.05,0.00011185807237371811,10.489912691507726,0.00794845230686859,0.1957623119453204,0.0
17509,1.0,0.05,0.00011185807237371811,10.489912691507726,0.00794845230686859,0.1957623119453204,0.0
17510,1.0,0.05,0.00011185807237371811,10.489912691507726,0.00794845230686859,0.1957623119453204,0.0
17511,1.0,0.05,0.00011185807237371811,11.146127974089652,0.00794845230686859,0.1957623119453204,0.0
17512,1.0,0.05,0.00011185807237371811,11.146127974089652,0.00794845230686859,0.1957623119453204,0.0
17513,1.0,0.05,0.00011185807237371811,11.146127974089652,0.00794845230686859,0.12334096491483286,0.0
17514,1.0,0.05,0.00011185807237371811,11.146127974089652,0.00794845230686859,0.12334096491483286,0.0
17515,1.0,0.05,0.00011185807237371811,15.240378476335124,0.00794845230686859,0.12334096491483286,0.0
17516,1.0,0.05,0.00011185807237371811,15.240378476335124,0.00794845230686859,0.12334096491483286,0.0
17517,1.0,0.05,0.00011185807237371811,14.457854845931124,0.00794845230686859,0.12334096491483286,0.0
17518,1.0,0.05,0.00011185807237371811,14.457854845931124,0.00794845230686859,0.12334096491483286,0.0
17519,1.0,0.05,0.00011185807237371811,14.457854845931124,0.007230450335088099,0.12334096491483286,0.0
17520,1.0,0.05,0.00011185807237371811,14.457854845931124,0.007230450335088099,0.12334096491483286,0.0
17521,1.0,0.05,0.00011185807237371811,14.457854845931124,0.007230450335088099,0.12334096491483286,0.0
17522,1.0,0.05,0.00011185807237371811,14.457854845931124,0.007230450335088099,0.12334096491483286,0.0
17523,1.0,0.05,0.00011185807237371811,14.457854845931124,0.007230450335088099,0.12334096491483286,0.0
17524,1.0,0.05,0.00011185807237371811,14.457854845931124,0.007666625459495496,0.12983140791434508,0.0
17525,1.0,0.05,0.00011185807237371811,14.457854845931124,0.007666625459495496,0.12983140791434508,0.0
17526,1.0,0.05,0.00011185807237371811,14.457854845931124,0.007666625459495496,0.12983140791434508,0.0
17527,1.0,0.05,0.00011185807237371811,14.457854845931124,0.007666625459495496,0.12983140791434508,0.0
17528,1.0,0.05,0.00011185807237371811,14.457854845931124,0.007666625459495496,0.12983140791434508,0.0
17529,1.0,0.05,0.00011115686677244241,14.457854845931124,0.007666625459495496,0.12983140791434508,0.0
17530,1.0,0.05,0.00011115686677244241,14.457854845931124,0.007666625459495496,0.12983140791434508,0.0
17531,1.0,0.05,0.00011115686677244241,14.457854845931124,0.007666625459495496,0.12983140791434508,0.0
17532,1.0,0.05,0.00011115686677244241,14.457854845931124,0.007666625459495496,0.12983140791434508,0.0
17533,1.0,0.05,0.00011115686677244241,14.457854845931124,0.007666625459495496,0.12983140791434508,0.0
17534,1.0,0.05,0.00012039551071509008,13.140642110916943,0.007666625459495496,0.12983140791434508,0.0
17535,1.0,0.05,0.00012039551071509008,13.140642110916943,0.007666625459495496,0.12983140791434508,0.0
17536,1.0,0.05,0.00012039551071509008,13.140642110916943,0.007666625459495496,0.12983140791434508,0.0
17537,1.0,0.05,0.00012039551071509008,13.140642110916943,0.007689160880750945,0.10688164535578236,0.0
17538,1.0,0.05,0.00012039551071509008,13.140642110916943,0.0068277855666186195,0.10688164535578236,0.0
17539,1.0,0.05,0.00012039551071509008,13.140642110916943,0.0068277855666186195,0.10688164535578236,0.0
17540,1.0,0.05,0.00012039551071509008,13.140642110916943,0.0068277855666186195,0.10688164535578236,0.0
17541,1.0,0.05,0.00012039551071509008,13.140642110916943,0.0068277855666186195,0.10688164535578236,0.0
17542,1.0,0.05,0.00012039551071509008,13.140642110916943,0.0068277855666186195,0.10688164535578236,0.0
17543,1.0,0.05,0.00012039551071509008,13.140642110916943,0.006268371881524638,0.07541443159913977,0.0
17544,1.0,0.05,0.00012039551071509008,18.771526600342867,0.006268371881524638,0.07541443159913977,0.0
17545,1.0,0.05,0.00012039551071509008,14.332342739535704,0.006268371881524638,0.07541443159913977,0.0
17546,1.0,0.05,0.00012039551071509008,14.332342739535704,0.0072931178099852195,0.07541443159913977,0.0
17547,1.0,0.05,0.00012039551071509008,14.332342739535704,0.0072931178099852195,0.07541443159913977,0.0
17548,1.0,0.05,0.00012039551071509008,14.430512097247018,0.0072931178099852195,0.07541443159913977,0.0
17549,1.0,0.05,0.00012039551071509008,14.430512097247018,0.0072931178099852195,0.07541443159913977,0.0
17550,1.0,0.05,0.00012039551071509008,14.430512097247018,0.0072931178099852195,0.08720463995556475,0.0
17551,1.0,0.05,0.00012039551071509008,14.430512097247018,0.0072931178099852195,0.08720463995556475,0.0
17552,1.0,0.05,0.00012039551071509008,14.430512097247018,0.0072931178099852195,0.11876815183884223,0.0
17553,1.0,0.05,0.00012039551071509008,14.430512097247018,0.0072931178099852195,0.11876815183884223,0.0
17554,1.0,0.05,0.00012039551071509008,14.430512097247018,0.0072931178099852195,0.11876815183884223,0.0
17555,1.0,0.05,0.00012039551071509008,13.726341618833374,0.0072931178099852195,0.11876815183884223,0.0
17556,1.0,0.05,0.00012039551071509008,13.726341618833374,0.006802744180629679,0.11876815183884223,0.0
17557,1.0,0.05,0.00012039551071509008,13.726341618833374,0.006802744180629679,0.11876815183884223,0.0
17558,1.0,0.05,0.00012039551071509008,13.726341618833374,0.0066228170017529455,0.11876815183884223,0.0
17559,1.0,0.05,0.00012039551071509008,13.726341618833374,0.0066228170017529455,0.11876815183884223,0.0
17560,1.0,0.05,0.00012039551071509008,13.726341618833374,0.0066228170017529455,0.11876815183884223,0.0
17561,1.0,0.05,0.00012039551071509008,13.726341618833374,0.0066228170017529455,0.11876815183884223,0.0
17562,1.0,0.05,0.00012039551071509008,13.726341618833374,0.0066228170017529455,0.11876815183884223,0.0
17563,1.0,0.05,0.0001186195738862448,13.726341618833374,0.00655410353582993,0.11876815183884223,0.0
17564,1.0,0.05,0.0001186195738862448,13.726341618833374,0.00655410353582993,0.11876815183884223,0.0
17565,1.0,0.05,0.0001186195738862448,13.726341618833374,0.00655410353582993,0.11876815183884223,0.0
17566,1.0,0.05,0.0001186195738862448,13.726341618833374,0.00655410353582993,0.11876815183884223,0.0
17567,1.0,0.05,0.0001186195738862448,13.726341618833374,0.00655410353582993,0.11876815183884223,0.0
17568,1.0,0.05,0.0001186195738862448,13.726341618833374,0.00655410353582993,0.11876815183884223,0.0
17569,1.0,0.05,0.0001186195738862448,13.726341618833374,0.00655410353582993,0.11876815183884223,0.0
17570,1.0,0.05,0.0001186195738862448,13.726341618833374,0.007094404684081955,0.11876815183884223,0.0
17571,1.0,0.05,0.0001186195738862448,13.726341618833374,0.007094404684081955,0.11876815183884223,0.0
17572,1.0,0.05,0.0001186195738862448,13.830945778192046,0.007094404684081955,0.11876815183884223,0.0
17573,1.0,0.05,0.0001186195738862448,13.830945778192046,0.007094404684081955,0.11876815183884223,0.0
17574,1.0,0.05,0.0001186195738862448,13.830945778192046,0.007113515603394516,0.11876815183884223,0.0
17575,1.0,0.05,0.0001186195738862448,13.830945778192046,0.007113515603394516,0.11876815183884223,0.0
17576,1.0,0.05,0.0001186195738862448,13.830945778192046,0.007113515603394516,0.1734063663154982,0.0
17577,1.0,0.05,0.0001186195738862448,13.830945778192046,0.007689865142664397,0.14572310682595413,0.0
17578,1.0,0.05,0.0001186195738862448,13.830945778192046,0.007689865142664397,0.14572310682595413,0.0
17579,1.0,0.05,0.0001186195738862448,13.830945778192046,0.007689865142664397,0.14572310682595413,0.0
17580,1.0,0.05,0.0001186195738862448,7.5955388145458045,0.007689865142664397,0.14572310682595413,0.0
17581,1.0,0.05,0.0001186195738862448,7.5955388145458045,0.007689865142664397,0.14572310682595413,0.0
17582,1.0,0.05,0.0001186195738862448,7.5955388145458045,0.00670577037537253,0.14572310682595413,0.0
17583,1.0,0.05,0.0001186195738862448,7.5955388145458045,0.00670577037537253,0.14572310682595413,0.0
17584,1.0,0.05,0.0001186195738862448,7.5955388145458045,0.00670577037537253,0.14572310682595413,0.0
17585,1.0,0.05,0.0001220369253016211,7.5955388145458045,0.00670577037537253,0.14572310682595413,0.0
17586,1.0,0.05,0.0001220369253016211,7.5955388145458045,0.00670577037537253,0.13135884856765712,0.0
17587,1.0,0.05,0.0001220369253016211,7.5955388145458045,0.00670577037537253,0.13135884856765712,0.0
17588,1.0,0.05,0.0001220369253016211,7.1127129423358895,0.00670577037537253,0.13135884856765712,0.0
17589,1.0,0.05,0.0001220369253016211,7.1127129423358895,0.00670577037537253,0.13135884856765712,0.0
17590,1.0,0.05,0.0001220369253016211,7.1127129423358895,0.00670577037537253,0.13135884856765712,0.0
17591,1.0,0.05,0.0001220369253016211,7.1127129423358895,0.00670577037537253,0.13135884856765712,0.0
17592,1.0,0.05,0.0001220369253016211,7.1127129423358895,0.00670577037537253,0.13135884856765712,0.0
17593,1.0,0.05,0.0001220369253016211,10.303520365754949,0.00670577037537253,0.13135884856765712,0.0
17594,1.0,0.05,0.0001220369253016211,10.303520365754949,0.00670577037537253,0.13135884856765712,0.0
17595,1.0,0.05,0.0001220369253016211,10.303520365754949,0.00670577037537253,0.13135884856765712,0.0
17596,1.0,0.05,0.0001220369253016211,10.303520365754949,0.00670577037537253,0.13135884856765712,0.0
17597,1.0,0.05,0.0001220369253016211,10.303520365754949,0.00670577037537253,0.13135884856765712,0.0
17598,1.0,0.05,0.0001220369253016211,9.994752991676307,0.00670577037537253,0.1325563616975389,0.0
17599,1.0,0.05,0.0001220369253016211,9.994752991676307,0.00670577037537253,0.1284977455932603,0.0
17600,1.0,0.05,0.0001220369253016211,9.994752991676307,0.006696945130115396,0.1284977455932603,0.0
17601,1.0,0.05,0.0001220369253016211,6.5710001327590675,0.006156656996362113,0.1284977455932603,0.0
17602,1.0,0.05,0.0001220369253016211,6.5710001327590675,0.006156656996362113,0.1284977455932603,0.0
17603,1.0,0.05,0.0001220369253016211,6.5710001327590675,0.007486726995688329,0.1284977455932603,0.0
17604,1.0,0.05,0.0001220369253016211,7.052009061622087,0.007486726995688329,0.1284977455932603,0.0
17605,1.0,0.05,0.0001220369253016211,7.052009061622087,0.007486726995688329,0.1284977455932603,0.0
17606,1.0,0.05,0.0001220369253016211,7.052009061622087,0.007261668123916143,0.1284977455932603,0.0
17607,1.0,0.05,0.0001220369253016211,7.052009061622087,0.007261668123916143,0.1284977455932603,0.0
17608,1.0,0.05,0.0001220369253016211,7.052009061622087,0.007261668123916143,0.1284977455932603,0.0
17609,1.0,0.05,0.0001220369253016211,9.06769403485768,0.007261668123916143,0.1284977455932603,0.0
17610,1.0,0.05,0.0001220369253016211,9.06769403485768,0.007261668123916143,0.1284977455932603,0.0
17611,1.0,0.05,0.0001220369253016211,9.06769403485768,0.007261668123916143,0.1284977455932603,0.0
17612,1.0,0.05,0.0001220369253016211,9.06769403485768,0.007261668123916143,0.1284977455932603,0.0
17613,1.0,0.05,0.0001220369253016211,9.06769403485768,0.007261668123916143,0.1718392888066494,0.0
17614,1.0,0.05,0.0001220369253016211,9.06769403485768,0.007261668123916143,0.1718392888066494,0.0
17615,1.0,0.05,0.0001220369253016211,8.477912698695732,0.007261668123916143,0.1718392888066494,0.0
17616,1.0,0.05,0.0001220369253016211,8.477912698695732,0.007261668123916143,0.1718392888066494,0.0
17617,1.0,0.05,0.0001220369253016211,8.477912698695732,0.0064522526261213626,0.1718392888066494,0.0
17618,1.0,0.05,0.0001220369253016211,8.477912698695732,0.007503183923410858,0.1718392888066494,0.0
17619,1.0,0.05,0.0001220369253016211,8.477912698695732,0.007503183923410858,0.1718392888066494,0.0
17620,1.0,0.05,0.0001220369253016211,8.477912698695732,0.007503183923410858,0.1718392888066494,0.0
17621,1.0,0.05,0.0001220369253016211,8.477912698695732,0.007884167095709665,0.1718392888066494,0.0
17622,1.0,0.05,0.00010795962045791974,8.477912698695732,0.007884167095709665,0.1718392888066494,0.0
17623,1.0,0.05,0.00010795962045791974,8.477912698695732,0.007884167095709665,0.15995753653954503,0.0
17624,1.0,0.05,0.00010795962045791974,8.477912698695732,0.007884167095709665,0.15995753653954503,0.0
17625,1.0,0.05,0.00010795962045791974,8.477912698695732,0.007884167095709665,0.15995753653954503,0.0
17626,1.0,0.05,0.00010795962045791974,8.477912698695732,0.007884167095709665,0.15995753653954503,0.0
17627,1.0,0.05,0.00010795962045791974,8.477912698695732,0.007884167095709665,0.15995753653954503,0.0
17628,1.0,0.05,0.00010795962045791974,16.376722749594364,0.007884167095709665,0.15995753653954503,0.0
17629,1.0,0.05,0.00010795962045791974,16.376722749594364,0.007884167095709665,0.1369505721032371,0.0
17630,1.0,0.05,0.00010795962045791974,16.376722749594364,0.007884167095709665,0.1369505721032371,0.0
17631,1.0,0.05,0.00011766815606137994,16.195535530780703,0.007884167095709665,0.1369505721032371,0.0
17632,1.0,0.05,0.00011766815606137994,16.195535530780703,0.008915076176832399,0.12510142910453614,0.0
17633,1.0,0.05,0.00011766815606137994,13.602928757977836,0.007272796617261299,0.12510142910453614,0.0
17634,1.0,0.05,0.00011766815606137994,9.145895507271206,0.007272796617261299,0.12510142910453614,0.0
17635,1.0,0.05,0.00011917632111321363,9.145895507271206,0.007272796617261299,0.12510142910453614,0.0
17636,1.0,0.05,0.00011917632111321363,9.145895507271206,0.007272796617261299,0.12510142910453614,0.0
17637,1.0,0.05,0.00011917632111321363,7.151414575835901,0.007272796617261299,0.17815977437102257,0.0
17638,1.0,0.05,0.00011917632111321363,7.151414575835901,0.007272796617261299,0.17723953769853248,0.0
17639,1.0,0.05,0.00011917632111321363,9.897637077678993,0.007272796617261299,0.17723953769853248,0.0
17640,1.0,0.05,0.00011917632111321363,8.769467840975096,0.007272796617261299,0.17723953769853248,0.0
17641,1.0,0.05,0.00011917632111321363,8.769467840975096,0.007272796617261299,0.17723953769853248,0.0
17642,1.0,0.05,0.00011917632111321363,8.769467840975096,0.007272796617261299,0.17723953769853248,0.0
17643,1.0,0.05,0.00011917632111321363,8.769467840975096,0.007272796617261299,0.135706183823334,0.0
17644,1.0,0.05,0.00011455637592582119,8.769467840975096,0.007272796617261299,0.17141919883936177,0.0
17645,1.0,0.05,0.00011455637592582119,8.769467840975096,0.007272796617261299,0.17141919883936177,0.0
17646,1.0,0.05,0.00011455637592582119,8.769467840975096,0.007272796617261299,0.17141919883936177,0.0
17647,1.0,0.05,0.00011455637592582119,10.269101106542593,0.007272796617261299,0.17141919883936177,0.0
17648,1.0,0.05,0.00011455637592582119,10.269101106542593,0.00806831891120158,0.17141919883936177,0.0
17649,1.0,0.05,0.00011455637592582119,10.269101106542593,0.008447810611500515,0.19531210497690477,0.0
17650,1.0,0.05,0.00011455637592582119,10.269101106542593,0.008447810611500515,0.19531210497690477,0.0
17651,1.0,0.05,0.00011455637592582119,10.269101106542593,0.008447810611500515,0.19531210497690477,0.0
17652,1.0,0.05,0.00011455637592582119,10.269101106542593,0.008447810611500515,0.19531210497690477,0.0
17653,1.0,0.05,0.00011455637592582119,10.269101106542593,0.008603932158435258,0.19531210497690477,0.0
17654,1.0,0.05,0.00011455637592582119,10.269101106542593,0.008603932158435258,0.19531210497690477,0.0
17655,1.0,0.05,0.00011455637592582119,10.269101106542593,0.008603932158435258,0.19531210497690477,0.0
17656,1.0,0.05,0.00011455637592582119,10.520958752806052,0.008603932158435258,0.15621266012599874,0.0
17657,1.0,0.05,0.00011455637592582119,10.520958752806052,0.008451686683010601,0.15621266012599874,0.0
17658,1.0,0.05,0.00011455637592582119,10.520958752806052,0.008451686683010601,0.15621266012599874,0.0
17659,1.0,0.05,0.00011455637592582119,10.520958752806052,0.008451686683010601,0.15621266012599874,0.0
17660,1.0,0.05,0.00011455637592582119,10.520958752806052,0.008451686683010601,0.15621266012599874,0.0
17661,1.0,0.05,0.00011455637592582119,10.520958752806052,0.008451686683010601,0.15621266012599874,0.0
17662,1.0,0.05,0.00011455637592582119,9.589553721686016,0.008451686683010601,0.19988811209741159,0.0
17663,1.0,0.05,0.00011455637592582119,9.589553721686016,0.00823215420717771,0.19988811209741159,0.0
17664,1.0,0.05,0.00011455637592582119,9.589553721686016,0.00823215420717771,0.17807912156244526,0.0
17665,1.0,0.05,0.00011455637592582119,9.589553721686016,0.00823215420717771,0.17807912156244526,0.0
17666,1.0,0.05,0.00011455637592582119,9.589553721686016,0.00823215420717771,0.17807912156244526,0.0
17667,1.0,0.05,0.00011455637592582119,9.589553721686016,0.006957800211951934,0.17807912156244526,0.0
17668,1.0,0.05,0.00011455637592582119,9.589553721686016,0.006957800211951934,0.17807912156244526,0.0
17669,1.0,0.05,0.00011455637592582119,9.589553721686016,0.006957800211951934,0.17807912156244526,0.0
17670,1.0,0.05,0.00011455637592582119,9.667435733322804,0.007841030574525076,0.18255485502132252,0.0
17671,1.0,0.05,0.00011455637592582119,9.667435733322804,0.007841030574525076,0.18463787521444575,0.0
17672,1.0,0.05,0.00011023133824395675,9.667435733322804,0.007390354509456169,0.18463787521444575,0.0
17673,1.0,0.05,0.00011023133824395675,9.667435733322804,0.007390354509456169,0.18463787521444575,0.0
17674,1.0,0.05,0.00011023133824395675,9.667435733322804,0.007390354509456169,0.18463787521444575,0.0
17675,1.0,0.05,0.00011023133824395675,9.667435733322804,0.007390354509456169,0.18463787521444575,0.0
17676,1.0,0.05,0.00011023133824395675,9.667435733322804,0.007390354509456169,0.17154583533315806,0.0
17677,1.0,0.05,0.00011023133824395675,9.667435733322804,0.007390354509456169,0.17154583533315806,0.0
17678,1.0,0.05,0.00011023133824395675,9.667435733322804,0.007390354509456169,0.17154583533315806,0.0
17679,1.0,0.05,0.00011023133824395675,9.667435733322804,0.007390354509456169,0.17154583533315806,0.0
17680,1.0,0.05,0.00011023133824395675,9.667435733322804,0.007390354509456169,0.17154583533315806,0.0
17681,1.0,0.05,0.00011023133824395675,9.667435733322804,0.007390354509456169,0.17154583533315806,0.0
17682,1.0,0.05,0.00011023133824395675,9.667435733322804,0.0074603451222581135,0.17154583533315806,0.0
17683,1.0,0.05,0.00011023133824395675,9.667435733322804,0.0074603451222581135,0.17154583533315806,0.0
17684,1.0,0.05,0.00011023133824395675,9.667435733322804,0.0074603451222581135,0.17154583533315806,0.0
17685,1.0,0.05,0.00011023133824395675,9.667435733322804,0.0074603451222581135,0.17154583533315806,0.0
17686,1.0,0.05,0.00011023133824395675,9.667435733322804,0.0074603451222581135,0.17154583533315806,0.0
17687,1.0,0.05,0.00011023133824395675,9.667435733322804,0.007268511065145475,0.17154583533315806,0.0
17688,1.0,0.05,0.00011023133824395675,9.667435733322804,0.007268511065145475,0.17154583533315806,0.0
17689,1.0,0.05,0.00011023133824395675,9.667435733322804,0.007268511065145475,0.17154583533315806,0.0
17690,1.0,0.05,0.00011023133824395675,9.667435733322804,0.007268511065145475,0.17154583533315806,0.0
17691,1.0,0.05,0.00011023133824395675,9.667435733322804,0.007268511065145475,0.17154583533315806,0.0
17692,1.0,0.05,0.00011023133824395675,9.667435733322804,0.007268511065145475,0.17154583533315806,0.0
17693,1.0,0.05,0.00011023133824395675,9.667435733322804,0.00807698465503745,0.13255277664258933,0.0
17694,1.0,0.05,0.00011023133824395675,9.667435733322804,0.00807698465503745,0.15582486524579114,0.0
17695,1.0,0.05,0.00011023133824395675,7.963725897157687,0.00807698465503745,0.15582486524579114,0.0
17696,1.0,0.05,0.00011023133824395675,7.963725897157687,0.00807698465503745,0.15582486524579114,0.0
17697,1.0,0.05,0.00011023133824395675,7.963725897157687,0.008057854697079937,0.15582486524579114,0.0
17698,1.0,0.05,0.00011023133824395675,7.963725897157687,0.008057854697079937,0.20080385844478343,0.0
17699,1.0,0.05,0.00011023133824395675,7.963725897157687,0.008057854697079937,0.16378057206810434,0.0
17700,1.0,0.05,0.00011023133824395675,7.963725897157687,0.007188061093840385,0.16378057206810434,0.0
17701,1.0,0.05,0.00011023133824395675,7.963725897157687,0.007188061093840385,0.16378057206810434,0.0
17702,1.0,0.05,0.00011023133824395675,7.963725897157687,0.007188061093840385,0.16378057206810434,0.0
17703,1.0,0.05,0.00011023133824395675,7.963725897157687,0.007188061093840385,0.16378057206810434,0.0
17704,1.0,0.05,0.00011023133824395675,7.963725897157687,0.007188061093840385,0.16378057206810434,0.0
17705,1.0,0.05,0.00011023133824395675,7.963725897157687,0.007321848850256192,0.16378057206810434,0.0
17706,1.0,0.05,0.00011023133824395675,7.963725897157687,0.007321848850256192,0.16378057206810434,0.0
17707,1.0,0.05,0.00011023133824395675,12.530692799327284,0.007321848850256192,0.16378057206810434,0.0
17708,1.0,0.05,0.00011023133824395675,12.530692799327284,0.00746041607041064,0.16378057206810434,0.0
17709,1.0,0.05,0.00011023133824395675,12.530692799327284,0.00746041607041064,0.15931749487845145,0.0
17710,1.0,0.05,0.00011023133824395675,12.530692799327284,0.00746041607041064,0.15931749487845145,0.0
17711,1.0,0.05,0.00011023133824395675,12.530692799327284,0.00746041607041064,0.15931749487845145,0.0
17712,1.0,0.05,0.0001163643353682808,12.530692799327284,0.00746041607041064,0.15931749487845145,0.0
17713,1.0,0.05,0.0001163643353682808,12.530692799327284,0.00746041607041064,0.1358005811600121,0.0
17714,1.0,0.05,0.0001163643353682808,12.530692799327284,0.00746041607041064,0.1358005811600121,0.0
17715,1.0,0.05,0.0001163643353682808,12.530692799327284,0.00746041607041064,0.1358005811600121,0.0
17716,1.0,0.05,0.0001163643353682808,12.530692799327284,0.00746041607041064,0.1358005811600121,0.0
17717,1.0,0.05,0.0001163643353682808,12.530692799327284,0.00746041607041064,0.1358005811600121,0.0
17718,1.0,0.05,0.0001163643353682808,12.530692799327284,0.00746041607041064,0.1358005811600121,0.0
17719,1.0,0.05,0.0001163643353682808,9.679171540087466,0.00746041607041064,0.1358005811600121,0.0
17720,1.0,0.05,0.0001163643353682808,9.679171540087466,0.00746041607041064,0.1358005811600121,0.0
17721,1.0,0.05,0.0001163643353682808,9.679171540087466,0.00746041607041064,0.1358005811600121,0.0
17722,1.0,0.05,0.0001163643353682808,12.055699200578147,0.00746041607041064,0.1358005811600121,0.0
17723,1.0,0.05,0.0001163643353682808,11.854035131974655,0.00746041607041064,0.1358005811600121,0.0
17724,1.0,0.05,0.0001163643353682808,11.854035131974655,0.00746041607041064,0.1358005811600121,0.0
17725,1.0,0.05,0.0001163643353682808,11.854035131974655,0.00746041607041064,0.1358005811600121,0.0
17726,1.0,0.05,0.0001163643353682808,11.854035131974655,0.00746041607041064,0.1358005811600121,0.0
17727,1.0,0.05,0.0001163643353682808,11.406812117322701,0.00746041607041064,0.1358005811600121,0.0
17728,1.0,0.05,0.0001163643353682808,11.406812117322701,0.00746041607041064,0.1358005811600121,0.0
17729,1.0,0.05,0.0001163643353682808,11.406812117322701,0.00746041607041064,0.1358005811600121,0.0
17730,1.0,0.05,0.0001163643353682808,11.406812117322701,0.00746041607041064,0.1358005811600121,0.0
17731,1.0,0.05,0.0001163643353682808,11.406812117322701,0.00746041607041064,0.1358005811600121,0.0
17732,1.0,0.05,0.0001163643353682808,11.424337257763128,0.00746041607041064,0.1358005811600121,0.0
17733,1.0,0.05,0.0001163643353682808,11.424337257763128,0.00746041607041064,0.1358005811600121,0.0
17734,1.0,0.05,0.0001163643353682808,14.46092223470832,0.00746041607041064,0.1358005811600121,0.0
17735,1.0,0.05,0.0001163643353682808,14.46092223470832,0.00746041607041064,0.1358005811600121,0.0
17736,1.0,0.05,0.0001163643353682808,14.46092223470832,0.00746041607041064,0.1358005811600121,0.0
17737,1.0,0.05,0.0001163643353682808,14.46092223470832,0.00746041607041064,0.1358005811600121,0.0
17738,1.0,0.05,0.0001163643353682808,14.46092223470832,0.00746041607041064,0.1358005811600121,0.0
17739,1.0,0.05,0.0001163643353682808,14.46092223470832,0.00746041607041064,0.10951388698331206,0.0
17740,1.0,0.05,0.0001163643353682808,10.537310407064624,0.00746041607041064,0.10951388698331206,0.0
17741,1.0,0.05,0.0001163643353682808,10.537310407064624,0.00746041607041064,0.10951388698331206,0.0
17742,1.0,0.05,0.0001163643353682808,10.537310407064624,0.00746041607041064,0.10951388698331206,0.0
17743,1.0,0.05,0.00012704249758647133,10.537310407064624,0.0073695276754795315,0.10951388698331206,0.0
17744,1.0,0.05,0.00012704249758647133,8.352502955609793,0.006329584798609693,0.10951388698331206,0.0
17745,1.0,0.05,0.00012704249758647133,8.352502955609793,0.006329584798609693,0.10951388698331206,0.0
17746,1.0,0.05,0.00012704249758647133,8.352502955609793,0.006329584798609693,0.11522778155088936,0.0
17747,1.0,0.05,0.00012704249758647133,8.352502955609793,0.006329584798609693,0.11522778155088936,0.0
17748,1.0,0.05,0.00012704249758647133,8.352502955609793,0.006329584798609693,0.11522778155088936,0.0
17749,1.0,0.05,0.00012704249758647133,8.352502955609793,0.006329584798609693,0.11522778155088936,0.0
17750,1.0,0.05,0.00012704249758647133,8.352502955609793,0.005520928416504347,0.11522778155088936,0.0
17751,1.0,0.05,0.00012704249758647133,8.352502955609793,0.005520928416504347,0.11522778155088936,0.0
17752,1.0,0.05,0.00012704249758647133,8.352502955609793,0.005520928416504347,0.11859872342967764,0.0
17753,1.0,0.05,0.00012435597333701565,8.352502955609793,0.005520928416504347,0.11859872342967764,0.0
17754,1.0,0.05,0.00013118814376788122,8.352502955609793,0.005520928416504347,0.11859872342967764,0.0
17755,1.0,0.05,0.00013118814376788122,8.352502955609793,0.005520928416504347,0.10204319552544669,0.0
17756,1.0,0.05,0.00013118814376788122,8.352502955609793,0.005845931340434036,0.10204319552544669,0.0
17757,1.0,0.05,0.00013118814376788122,8.352502955609793,0.005845931340434036,0.10204319552544669,0.0
17758,1.0,0.05,0.00013118814376788122,8.352502955609793,0.005845931340434036,0.09702623098284206,0.0
17759,1.0,0.05,0.00013118814376788122,8.352502955609793,0.005846020678733184,0.09702623098284206,0.0
17760,1.0,0.05,0.00013118814376788122,8.352502955609793,0.005846020678733184,0.09702623098284206,0.0
17761,1.0,0.05,0.00013118814376788122,8.352502955609793,0.005846020678733184,0.09702623098284206,0.0
17762,1.0,0.05,0.00013118814376788122,8.352502955609793,0.005846020678733184,0.09702623098284206,0.0
17763,1.0,0.05,0.00013118814376788122,8.352502955609793,0.005846020678733184,0.09702623098284206,0.0
17764,1.0,0.05,0.00013118814376788122,8.352502955609793,0.005846020678733184,0.09702623098284206,0.0
17765,1.0,0.05,0.00013118814376788122,8.352502955609793,0.005846020678733184,0.09702623098284206,0.0
17766,1.0,0.05,0.00013118814376788122,8.352502955609793,0.005846020678733184,0.09702623098284206,0.0
17767,1.0,0.05,0.00013118814376788122,8.352502955609793,0.005846020678733184,0.09702623098284206,0.0
17768,1.0,0.05,0.00013118814376788122,8.352502955609793,0.005846020678733184,0.09702623098284206,0.0
17769,1.0,0.05,0.00013118814376788122,8.352502955609793,0.005994746939117434,0.09702623098284206,0.0
17770,1.0,0.05,0.00013118814376788122,8.352502955609793,0.005994746939117434,0.09702623098284206,0.0
17771,1.0,0.05,0.00013118814376788122,8.352502955609793,0.005994746939117434,0.09702623098284206,0.0
17772,1.0,0.05,0.00013118814376788122,8.352502955609793,0.005234533490581935,0.11545206490199256,0.0
17773,1.0,0.05,0.00013118814376788122,8.352502955609793,0.006863248540241612,0.11545206490199256,0.0
17774,1.0,0.05,0.00013118814376788122,8.352502955609793,0.005452109148833075,0.11545206490199256,0.0
17775,1.0,0.05,0.00013118814376788122,8.352502955609793,0.005452109148833075,0.11545206490199256,0.0
17776,1.0,0.05,0.00013118814376788122,8.352502955609793,0.005452109148833075,0.11545206490199256,0.0
17777,1.0,0.05,0.00013118814376788122,8.352502955609793,0.005452109148833075,0.0899169228210847,0.0
17778,1.0,0.05,0.00013118814376788122,8.352502955609793,0.005452109148833075,0.0899169228210847,0.0
17779,1.0,0.05,0.00013118814376788122,8.352502955609793,0.005452109148833075,0.0899169228210847,0.0
17780,1.0,0.05,0.00013118814376788122,8.352502955609793,0.005452109148833075,0.0899169228210847,0.0
17781,1.0,0.05,0.00013118814376788122,8.352502955609793,0.005452109148833075,0.0899169228210847,0.0
17782,1.0,0.05,0.00013118814376788122,8.352502955609793,0.006203957831511253,0.1166536387763425,0.0
17783,1.0,0.05,0.00013118814376788122,10.797413321627829,0.006203957831511253,0.09843148304170507,0.0
17784,1.0,0.05,0.00013118814376788122,10.797413321627829,0.006203957831511253,0.09843148304170507,0.0
17785,1.0,0.05,0.00013118814376788122,10.797413321627829,0.006203957831511253,0.09843148304170507,0.0
17786,1.0,0.05,0.00013118814376788122,10.797413321627829,0.006203957831511253,0.09843148304170507,0.0
17787,1.0,0.05,0.00013118814376788122,10.797413321627829,0.006203957831511253,0.09843148304170507,0.0
17788,1.0,0.05,0.00013118814376788122,10.797413321627829,0.006203957831511253,0.09843148304170507,0.0
17789,1.0,0.05,0.00013118814376788122,10.797413321627829,0.00578350976940937,0.09843148304170507,0.0
17790,1.0,0.05,0.00013118814376788122,10.797413321627829,0.00578350976940937,0.09843148304170507,0.0
17791,1.0,0.05,0.00013118814376788122,10.797413321627829,0.00578350976940937,0.08274656517382094,0.0
17792,1.0,0.05,0.00013118814376788122,10.797413321627829,0.00578350976940937,0.08274656517382094,0.0
17793,1.0,0.05,0.00013118814376788122,10.797413321627829,0.00578350976940937,0.08274656517382094,0.0
17794,1.0,0.05,0.00013118814376788122,8.257493865214641,0.00578350976940937,0.08274656517382094,0.0
17795,1.0,0.05,0.00013118814376788122,8.257493865214641,0.00578350976940937,0.08274656517382094,0.0
17796,1.0,0.05,0.00013071893439339693,8.257493865214641,0.00578350976940937,0.08274656517382094,0.0
17797,1.0,0.05,0.00013720723932222055,8.257493865214641,0.00578350976940937,0.08274656517382094,0.0
17798,1.0,0.05,0.00013720723932222055,6.941837931259954,0.005328880986207604,0.08274656517382094,0.0
17799,1.0,0.05,0.00013720723932222055,6.941837931259954,0.005328880986207604,0.08274656517382094,0.0
17800,1.0,0.05,0.00013720723932222055,6.941837931259954,0.005575583027243001,0.08274656517382094,0.0
17801,1.0,0.05,0.00013720723932222055,6.941837931259954,0.005575583027243001,0.08274656517382094,0.0
17802,1.0,0.05,0.00013720723932222055,6.941837931259954,0.005575583027243001,0.08274656517382094,0.0
17803,1.0,0.05,0.00013720723932222055,6.941837931259954,0.005575583027243001,0.08274656517382094,0.0
17804,1.0,0.05,0.00013720723932222055,6.941837931259954,0.005575583027243001,0.08274656517382094,0.0
17805,1.0,0.05,0.00013720723932222055,6.941837931259954,0.005575583027243001,0.08274656517382094,0.0
17806,1.0,0.05,0.00013720723932222055,6.941837931259954,0.005575583027243001,0.08274656517382094,0.0
17807,1.0,0.05,0.00013720723932222055,6.941837931259954,0.005575583027243001,0.08274656517382094,0.0
17808,1.0,0.05,0.00013706423313650367,11.916836159162486,0.005575583027243001,0.08274656517382094,0.0
17809,1.0,0.05,0.00013457772676200286,11.356392562248047,0.005575583027243001,0.08274656517382094,0.0
17810,1.0,0.05,0.00013457772676200286,11.356392562248047,0.005575583027243001,0.07982313741417037,0.0
17811,1.0,0.05,0.00013457772676200286,11.356392562248047,0.005575583027243001,0.07982313741417037,0.0
17812,1.0,0.05,0.00013457772676200286,11.356392562248047,0.005575583027243001,0.07982313741417037,0.0
17813,1.0,0.05,0.00013457772676200286,11.356392562248047,0.005575583027243001,0.07982313741417037,0.0
17814,1.0,0.05,0.00013257011036623738,11.356392562248047,0.0062343465754885734,0.07982313741417037,0.0
17815,1.0,0.05,0.00013267926894319895,11.356392562248047,0.005203504172635655,0.08314823826086629,0.0
17816,1.0,0.05,0.00013267926894319895,10.445198128888052,0.005203504172635655,0.08314823826086629,0.0
17817,1.0,0.05,0.00013267926894319895,10.445198128888052,0.005747702685459882,0.08314823826086629,0.0
17818,1.0,0.05,0.00013267926894319895,10.445198128888052,0.005747702685459882,0.08314823826086629,0.0
17819,1.0,0.05,0.00013267926894319895,10.445198128888052,0.005747702685459882,0.08314823826086629,0.0
17820,1.0,0.05,0.00013267926894319895,10.445198128888052,0.005747702685459882,0.08314823826086629,0.0
17821,1.0,0.05,0.00013267926894319895,11.619833513947512,0.005747702685459882,0.08314823826086629,0.0
17822,1.0,0.05,0.00013267926894319895,11.619833513947512,0.005747702685459882,0.08314823826086629,0.0
17823,1.0,0.05,0.00013267926894319895,11.619833513947512,0.005747702685459882,0.08314823826086629,0.0
17824,1.0,0.05,0.00013267926894319895,11.619833513947512,0.00566834916525498,0.08314823826086629,0.0
17825,1.0,0.05,0.00013267926894319895,11.619833513947512,0.00566834916525498,0.07223598962298329,0.0
17826,1.0,0.05,0.00013267926894319895,11.619833513947512,0.00566834916525498,0.07223598962298329,0.0
17827,1.0,0.05,0.00013267926894319895,11.619833513947512,0.00566834916525498,0.07223598962298329,0.0
17828,1.0,0.05,0.00013267926894319895,11.619833513947512,0.00566834916525498,0.07223598962298329,0.0
17829,1.0,0.05,0.00013267926894319895,11.619833513947512,0.00566834916525498,0.07223598962298329,0.0
17830,1.0,0.05,0.00013267926894319895,11.619833513947512,0.00566834916525498,0.08499910520655732,0.0
17831,1.0,0.05,0.00013267926894319895,11.619833513947512,0.00566834916525498,0.08499910520655732,0.0
17832,1.0,0.05,0.00013267926894319895,11.180908140034404,0.00566834916525498,0.08499910520655732,0.0
17833,1.0,0.05,0.00013267926894319895,11.180908140034404,0.00566834916525498,0.10287887344364033,0.0
17834,1.0,0.05,0.00013267926894319895,11.180908140034404,0.0059649759473359605,0.10287887344364033,0.0
17835,1.0,0.05,0.00013267926894319895,11.180908140034404,0.0059649759473359605,0.10287887344364033,0.0
17836,1.0,0.05,0.00013267926894319895,6.515071000032236,0.0059649759473359605,0.10287887344364033,0.0
17837,1.0,0.05,0.00013267926894319895,6.515071000032236,0.0059649759473359605,0.10287887344364033,0.0
17838,1.0,0.05,0.00013267926894319895,6.515071000032236,0.0059649759473359605,0.10287887344364033,0.0
17839,1.0,0.05,0.00013267926894319895,6.515071000032236,0.0059649759473359605,0.10287887344364033,0.0
17840,1.0,0.05,0.00013267926894319895,6.515071000032236,0.0059649759473359605,0.10287887344364033,0.0
17841,1.0,0.05,0.00013267926894319895,6.515071000032236,0.0059649759473359605,0.10287887344364033,0.0
17842,1.0,0.05,0.00013267926894319895,6.515071000032236,0.0059649759473359605,0.10287887344364033,0.0
17843,1.0,0.05,0.00013267926894319895,6.515071000032236,0.0059649759473359605,0.10287887344364033,0.0
17844,1.0,0.05,0.00013267926894319895,6.515071000032236,0.0059649759473359605,0.10287887344364033,0.0
17845,1.0,0.05,0.00013267926894319895,6.515071000032236,0.0059649759473359605,0.10287887344364033,0.0
17846,1.0,0.05,0.00013267926894319895,6.515071000032236,0.0059649759473359605,0.10287887344364033,0.0
17847,1.0,0.05,0.00013267926894319895,6.515071000032236,0.0059649759473359605,0.10287887344364033,0.0
17848,1.0,0.05,0.00013267926894319895,6.515071000032236,0.0059649759473359605,0.10287887344364033,0.0
17849,1.0,0.05,0.00013267926894319895,6.515071000032236,0.0059649759473359605,0.10287887344364033,0.0
17850,1.0,0.05,0.00013267926894319895,6.515071000032236,0.0059649759473359605,0.10287887344364033,0.0
17851,1.0,0.05,0.00013267926894319895,6.515071000032236,0.00530471669411983,0.10287887344364033,0.0
17852,1.0,0.05,0.00013267926894319895,6.515071000032236,0.00530471669411983,0.10287887344364033,0.0
17853,1.0,0.05,0.00013267926894319895,6.515071000032236,0.00530471669411983,0.09751818662852496,0.0
17854,1.0,0.05,0.00013267926894319895,6.515071000032236,0.00530471669411983,0.09751818662852496,0.0
17855,1.0,0.05,0.00013267926894319895,6.515071000032236,0.00530471669411983,0.09751818662852496,0.0
17856,1.0,0.05,0.00013267926894319895,6.515071000032236,0.00530471669411983,0.09751818662852496,0.0
17857,1.0,0.05,0.00013266330876342353,6.515071000032236,0.00530471669411983,0.09751818662852496,0.0
17858,1.0,0.05,0.00013266330876342353,6.515071000032236,0.00530471669411983,0.09751818662852496,0.0
17859,1.0,0.05,0.00013266330876342353,6.515071000032236,0.00530471669411983,0.09751818662852496,0.0
17860,1.0,0.05,0.00013266330876342353,6.515071000032236,0.00530471669411983,0.09751818662852496,0.0
17861,1.0,0.05,0.00013266330876342353,9.809602001450358,0.00530471669411983,0.09751818662852496,0.0
17862,1.0,0.05,0.00013266330876342353,9.809602001450358,0.00530471669411983,0.09751818662852496,0.0
17863,1.0,0.05,0.00013266330876342353,9.809602001450358,0.00530471669411983,0.09751818662852496,0.0
17864,1.0,0.05,0.00013266330876342353,9.809602001450358,0.00530471669411983,0.09751818662852496,0.0
17865,1.0,0.05,0.00013266330876342353,9.686903985563404,0.00530471669411983,0.09751818662852496,0.0
17866,1.0,0.05,0.00013266330876342353,9.686903985563404,0.00530471669411983,0.09751818662852496,0.0
17867,1.0,0.05,0.00013266330876342353,9.686903985563404,0.006560420030573863,0.09751818662852496,0.0
17868,1.0,0.05,0.00013266330876342353,9.686903985563404,0.006169109113924008,0.09751818662852496,0.0
17869,1.0,0.05,0.00013266330876342353,9.686903985563404,0.006169109113924008,0.09751818662852496,0.0
17870,1.0,0.05,0.00013266330876342353,9.686903985563404,0.006169109113924008,0.09751818662852496,0.0
17871,1.0,0.05,0.00013266330876342353,9.686903985563404,0.006391814175741079,0.09751818662852496,0.0
17872,1.0,0.05,0.00013266330876342353,9.686903985563404,0.006391814175741079,0.09751818662852496,0.0
17873,1.0,0.05,0.00013266330876342353,9.686903985563404,0.006391814175741079,0.09751818662852496,0.0
17874,1.0,0.05,0.00013266330876342353,9.686903985563404,0.006391814175741079,0.09751818662852496,0.0
17875,1.0,0.05,0.00013266330876342353,9.686903985563404,0.006391814175741079,0.09751818662852496,0.0
17876,1.0,0.05,0.00013266330876342353,9.686903985563404,0.006391814175741079,0.09751818662852496,0.0
17877,1.0,0.05,0.0001231999286068294,9.686903985563404,0.006391814175741079,0.09751818662852496,0.0
17878,1.0,0.05,0.0001231999286068294,9.686903985563404,0.0066711197625580285,0.09751818662852496,0.0
17879,1.0,0.05,0.0001231999286068294,9.686903985563404,0.0066711197625580285,0.10734052129918267,0.0
17880,1.0,0.05,0.0001231999286068294,9.686903985563404,0.0066711197625580285,0.11177664739877828,0.0
17881,1.0,0.05,0.0001231999286068294,9.686903985563404,0.0066711197625580285,0.11177664739877828,0.0
17882,1.0,0.05,0.0001231999286068294,9.686903985563404,0.006769410643269144,0.15969208958903108,0.0
17883,1.0,0.05,0.0001231999286068294,9.686903985563404,0.006769410643269144,0.15969208958903108,0.0
17884,1.0,0.05,0.0001231999286068294,9.686903985563404,0.006769410643269144,0.16279278642843117,0.0
17885,1.0,0.05,0.0001231999286068294,9.686903985563404,0.006769410643269144,0.16279278642843117,0.0
17886,1.0,0.05,0.0001231999286068294,9.686903985563404,0.006769410643269144,0.10366534165021708,0.0
17887,1.0,0.05,0.00012265820559854371,9.686903985563404,0.006769410643269144,0.10366534165021708,0.0
17888,1.0,0.05,0.00012265820559854371,9.686903985563404,0.006769410643269144,0.1571767290667381,0.0
17889,1.0,0.05,0.00012265820559854371,6.3192932045935635,0.006769410643269144,0.1571767290667381,0.0
17890,1.0,0.05,0.00012265820559854371,6.85095972626435,0.007099036983519319,0.1571767290667381,0.0
17891,1.0,0.05,0.00012265820559854371,6.85095972626435,0.007129373509238696,0.1571767290667381,0.0
17892,1.0,0.05,0.00012265820559854371,9.640766778153662,0.007129373509238696,0.1571767290667381,0.0
17893,1.0,0.05,0.00012265820559854371,9.640766778153662,0.007129373509238696,0.1571767290667381,0.0
17894,1.0,0.05,0.00012265820559854371,9.640766778153662,0.007129373509238696,0.1571767290667381,0.0
17895,1.0,0.05,0.00012265820559854371,9.640766778153662,0.00714954511525499,0.10263563765620239,0.0
17896,1.0,0.05,0.00012265820559854371,9.640766778153662,0.00714954511525499,0.10263563765620239,0.0
17897,1.0,0.05,0.00012265820559854371,9.640766778153662,0.00714954511525499,0.12641286947828298,0.0
17898,1.0,0.05,0.00012265820559854371,9.640766778153662,0.00714954511525499,0.12641286947828298,0.0
17899,1.0,0.05,0.00012265820559854371,9.640766778153662,0.00714954511525499,0.12641286947828298,0.0
17900,1.0,0.05,0.00012265820559854371,9.640766778153662,0.00714954511525499,0.12641286947828298,0.0
17901,1.0,0.05,0.00012265820559854371,9.640766778153662,0.00714954511525499,0.12641286947828298,0.0
17902,1.0,0.05,0.00012265820559854371,9.640766778153662,0.00714954511525499,0.12641286947828298,0.0
17903,1.0,0.05,0.00012265820559854371,9.640766778153662,0.007087917001374701,0.12355666521897271,0.0
17904,1.0,0.05,0.00012265820559854371,9.640766778153662,0.007087917001374701,0.12355666521897271,0.0
17905,1.0,0.05,0.00012265820559854371,9.640766778153662,0.006053388365615857,0.12355666521897271,0.0
17906,1.0,0.05,0.00012265820559854371,9.640766778153662,0.006053388365615857,0.12355666521897271,0.0
17907,1.0,0.05,0.00012265820559854371,9.640766778153662,0.007037026384714852,0.11648307975673455,0.0
17908,1.0,0.05,0.00012265820559854371,9.640766778153662,0.007037026384714852,0.11648307975673455,0.0
17909,1.0,0.05,0.00012265820559854371,9.640766778153662,0.007037026384714852,0.11648307975673455,0.0
17910,1.0,0.05,0.00012265820559854371,9.640766778153662,0.007037026384714852,0.11648307975673455,0.0
17911,1.0,0.05,0.00012483165029759772,9.640766778153662,0.007037026384714852,0.11648307975673455,0.0
17912,1.0,0.05,0.00012483165029759772,9.640766778153662,0.007037026384714852,0.12930075599612542,0.0
17913,1.0,0.05,0.00012483165029759772,9.640766778153662,0.006028608313171595,0.12930075599612542,0.0
17914,1.0,0.05,0.0001225800972257404,9.640766778153662,0.006028608313171595,0.12930075599612542,0.0
17915,1.0,0.05,0.0001225800972257404,10.836950354603147,0.007485894341141631,0.12930075599612542,0.0
17916,1.0,0.05,0.0001225800972257404,10.836950354603147,0.007485894341141631,0.15227594267383257,0.0
17917,1.0,0.05,0.0001225800972257404,10.836950354603147,0.007485894341141631,0.15227594267383257,0.0
17918,1.0,0.05,0.0001225800972257404,10.836950354603147,0.006821505140399062,0.12054238194064133,0.0
17919,1.0,0.05,0.0001225800972257404,8.597543554871237,0.006821505140399062,0.12054238194064133,0.0
17920,1.0,0.05,0.0001225800972257404,8.597543554871237,0.006821505140399062,0.12054238194064133,0.0
17921,1.0,0.05,0.0001225800972257404,9.10502813379874,0.0067859472058457845,0.12054238194064133,0.0
17922,1.0,0.05,0.0001225800972257404,8.565365914748014,0.0067859472058457845,0.12054238194064133,0.0
17923,1.0,0.05,0.0001225800972257404,8.565365914748014,0.0067859472058457845,0.16026107709806783,0.0
17924,1.0,0.05,0.0001225800972257404,8.565365914748014,0.0067859472058457845,0.16026107709806783,0.0
17925,1.0,0.05,0.0001225800972257404,8.565365914748014,0.0067859472058457845,0.16026107709806783,0.0
17926,1.0,0.05,0.0001225800972257404,8.565365914748014,0.0067859472058457845,0.16026107709806783,0.0
17927,1.0,0.05,0.0001225800972257404,8.565365914748014,0.0076761413779149554,0.16026107709806783,0.0
17928,1.0,0.05,0.0001225800972257404,8.565365914748014,0.0076761413779149554,0.16026107709806783,0.0
17929,1.0,0.05,0.0001225800972257404,8.859282641989338,0.0076761413779149554,0.16026107709806783,0.0
17930,1.0,0.05,0.0001225800972257404,8.859282641989338,0.0076761413779149554,0.16026107709806783,0.0
17931,1.0,0.05,0.0001225800972257404,8.859282641989338,0.0076761413779149554,0.16026107709806783,0.0
17932,1.0,0.05,0.0001225800972257404,8.859282641989338,0.0076761413779149554,0.16026107709806783,0.0
17933,1.0,0.05,0.0001225800972257404,8.859282641989338,0.0076761413779149554,0.16026107709806783,0.0
17934,1.0,0.05,0.0001225800972257404,8.859282641989338,0.007599188673128093,0.16026107709806783,0.0
17935,1.0,0.05,0.0001225800972257404,8.859282641989338,0.007814678112658784,0.16026107709806783,0.0
17936,1.0,0.05,0.0001225800972257404,8.859282641989338,0.007280971078803369,0.16026107709806783,0.0
17937,1.0,0.05,0.0001225800972257404,8.859282641989338,0.007558993374540284,0.1688604287514993,0.0
17938,1.0,0.05,0.0001225800972257404,8.859282641989338,0.007558993374540284,0.1688604287514993,0.0
17939,1.0,0.05,0.0001225800972257404,8.859282641989338,0.007558993374540284,0.1688604287514993,0.0
17940,1.0,0.05,0.0001225800972257404,8.859282641989338,0.007558993374540284,0.1688604287514993,0.0
17941,1.0,0.05,0.0001225800972257404,8.859282641989338,0.007558993374540284,0.1688604287514993,0.0
17942,1.0,0.05,0.0001225800972257404,6.615470171197501,0.007558993374540284,0.1688604287514993,0.0
17943,1.0,0.05,0.0001225800972257404,6.615470171197501,0.007558993374540284,0.1688604287514993,0.0
17944,1.0,0.05,0.0001225800972257404,6.615470171197501,0.007440354211747314,0.1688604287514993,0.0
17945,1.0,0.05,0.0001225800972257404,6.615470171197501,0.007440354211747314,0.1720280453408033,0.0
17946,1.0,0.05,0.0001225800972257404,6.0434714928343,0.007440354211747314,0.1720280453408033,0.0
17947,1.0,0.05,0.0001225800972257404,6.0434714928343,0.007440354211747314,0.1720280453408033,0.0
17948,1.0,0.05,0.0001225800972257404,6.0434714928343,0.007440354211747314,0.1720280453408033,0.0
17949,1.0,0.05,0.0001225800972257404,6.0434714928343,0.006240273817427801,0.146223872162806,0.0
17950,1.0,0.05,0.0001225800972257404,6.0434714928343,0.0074270185930349186,0.146223872162806,0.0
17951,1.0,0.05,0.0001225800972257404,6.0434714928343,0.007173245978669629,0.146223872162806,0.0
17952,1.0,0.05,0.0001225800972257404,6.0434714928343,0.006859914950031497,0.146223872162806,0.0
17953,1.0,0.05,0.0001225800972257404,12.46024355376403,0.006859914950031497,0.146223872162806,0.0
17954,1.0,0.05,0.0001225800972257404,12.46024355376403,0.006859914950031497,0.146223872162806,0.0
17955,1.0,0.05,0.0001225800972257404,12.46024355376403,0.006859914950031497,0.146223872162806,0.0
17956,1.0,0.05,0.0001260342151379142,12.46024355376403,0.006859914950031497,0.146223872162806,0.0
17957,1.0,0.05,0.0001260342151379142,12.46024355376403,0.006859914950031497,0.146223872162806,0.0
17958,1.0,0.05,0.0001260342151379142,2.71971577665326,0.006859914950031497,0.146223872162806,0.0
17959,1.0,0.05,0.0001260342151379142,2.71971577665326,0.006289586643954863,0.14377293184209167,0.0
17960,1.0,0.05,0.0001260342151379142,3.9777228916362333,0.006239594111037711,0.14377293184209167,0.0
17961,1.0,0.05,0.0001260342151379142,3.9777228916362333,0.006193313029541868,0.13629793376344093,0.0
17962,1.0,0.05,0.0001278008953768378,3.9777228916362333,0.006193313029541868,0.1293736208992124,0.0
17963,1.0,0.05,0.0001278008953768378,3.9777228916362333,0.006193313029541868,0.1293736208992124,0.0
17964,1.0,0.05,0.0001278008953768378,3.9777228916362333,0.006057695328951412,0.1293736208992124,0.0
17965,1.0,0.05,0.0001278008953768378,3.9777228916362333,0.006057695328951412,0.16272839218263274,0.0
17966,1.0,0.05,0.0001278008953768378,3.9777228916362333,0.006057695328951412,0.16272839218263274,0.0
17967,1.0,0.05,0.0001278008953768378,6.524574037572961,0.0059984407360316305,0.16272839218263274,0.0
17968,1.0,0.05,0.0001278008953768378,6.744095338064682,0.0074180090706978934,0.16272839218263274,0.0
17969,1.0,0.05,0.0001278008953768378,6.744095338064682,0.0074180090706978934,0.141165627744782,0.0
17970,1.0,0.05,0.0001278008953768378,6.744095338064682,0.006386424413917324,0.141165627744782,0.0
17971,1.0,0.05,0.0001278008953768378,6.744095338064682,0.006386424413917324,0.141165627744782,0.0
17972,1.0,0.05,0.00012303094786369906,6.744095338064682,0.006386424413917324,0.141165627744782,0.0
17973,1.0,0.05,0.00012303094786369906,6.744095338064682,0.006386424413917324,0.141165627744782,0.0
17974,1.0,0.05,0.00012303094786369906,6.600974083391577,0.006386424413917324,0.141165627744782,0.0
17975,1.0,0.05,0.00012303094786369906,6.600974083391577,0.006386424413917324,0.141165627744782,0.0
17976,1.0,0.05,0.00012303094786369906,6.600974083391577,0.006386424413917324,0.1311404910514827,0.0
17977,1.0,0.05,0.00012303094786369906,6.600974083391577,0.006386424413917324,0.1311404910514827,0.0
17978,1.0,0.05,0.00012303094786369906,11.016011157987293,0.006386424413917324,0.1311404910514827,0.0
17979,1.0,0.05,0.00012303094786369906,11.016011157987293,0.006386424413917324,0.10884788821337535,0.0
17980,1.0,0.05,0.00012303094786369906,11.016011157987293,0.005903037076539435,0.10884788821337535,0.0
17981,1.0,0.05,0.00012303094786369906,11.016011157987293,0.005903037076539435,0.10884788821337535,0.0
17982,1.0,0.05,0.00012303094786369906,11.016011157987293,0.005903037076539435,0.10884788821337535,0.0
17983,1.0,0.05,0.00012303094786369906,14.94197017347274,0.005903037076539435,0.10884788821337535,0.0
17984,1.0,0.05,0.00012303094786369906,14.94197017347274,0.005903037076539435,0.10884788821337535,0.0
17985,1.0,0.05,0.00012303094786369906,14.94197017347274,0.005903037076539435,0.10884788821337535,0.0
17986,1.0,0.05,0.00012303094786369906,14.94197017347274,0.007254563086214245,0.08826794222161236,0.0
17987,1.0,0.05,0.00012303094786369906,14.94197017347274,0.00671859369069397,0.08826794222161236,0.0
17988,1.0,0.05,0.00012303094786369906,14.94197017347274,0.00671859369069397,0.10520451514539261,0.0
17989,1.0,0.05,0.00012303094786369906,14.94197017347274,0.00671859369069397,0.10145455074176574,0.0
17990,1.0,0.05,0.00012303094786369906,14.94197017347274,0.00671859369069397,0.10145455074176574,0.0
17991,1.0,0.05,0.00012303094786369906,14.94197017347274,0.00671859369069397,0.10145455074176574,0.0
17992,1.0,0.05,0.00012303094786369906,14.94197017347274,0.00671859369069397,0.10145455074176574,0.0
17993,1.0,0.05,0.00012303094786369906,14.94197017347274,0.00671859369069397,0.10145455074176574,0.0
17994,1.0,0.05,0.00012303094786369906,14.94197017347274,0.00671859369069397,0.10145455074176574,0.0
17995,1.0,0.05,0.00012303094786369906,14.94197017347274,0.00671859369069397,0.10145455074176574,0.0
17996,1.0,0.05,0.00012303094786369906,14.94197017347274,0.00671859369069397,0.10145455074176574,0.0
17997,1.0,0.05,0.00012303094786369906,14.94197017347274,0.00671859369069397,0.10145455074176574,0.0
17998,1.0,0.05,0.00012303094786369906,14.94197017347274,0.006843044917999005,0.10145455074176574,0.0
17999,1.0,0.05,0.00012303094786369906,14.94197017347274,0.006843044917999005,0.10290734494985859,0.0
18000,1.0,0.05,0.00012303094786369906,14.94197017347274,0.006843044917999005,0.10290734494985859,0.0
18001,1.0,0.05,0.00012303094786369906,10.563584675153521,0.006843044917999005,0.10290734494985859,0.0
18002,1.0,0.05,0.00012303094786369906,10.563584675153521,0.006843044917999005,0.10290734494985859,0.0
18003,1.0,0.05,0.00012303094786369906,10.563584675153521,0.006843044917999005,0.10290734494985859,0.0
18004,1.0,0.05,0.00012303094786369906,11.008854182649273,0.006565777165936121,0.10290734494985859,0.0
18005,1.0,0.05,0.00012475391082414453,11.008854182649273,0.006565777165936121,0.11082677818775818,0.0
18006,1.0,0.05,0.00012475391082414453,8.542390932284704,0.006379207923241671,0.11407805474992248,0.0
18007,1.0,0.05,0.00012475391082414453,10.19815221560252,0.006379207923241671,0.11407805474992248,0.0
18008,1.0,0.05,0.00012475391082414453,10.19815221560252,0.006379207923241671,0.11407805474992248,0.0
18009,1.0,0.05,0.00012475391082414453,10.19815221560252,0.006379207923241671,0.11407805474992248,0.0
18010,1.0,0.05,0.00012475391082414453,10.19815221560252,0.006379207923241671,0.11407805474992248,0.0
18011,1.0,0.05,0.00012475391082414453,10.19815221560252,0.006379207923241671,0.1291700833245874,0.0
18012,1.0,0.05,0.00012395925308898012,10.19815221560252,0.006379207923241671,0.1291700833245874,0.0
18013,1.0,0.05,0.00012395925308898012,10.19815221560252,0.006379207923241671,0.1291700833245874,0.0
18014,1.0,0.05,0.00012395925308898012,8.260394877424048,0.006379207923241671,0.1291700833245874,0.0
18015,1.0,0.05,0.00012395925308898012,8.260394877424048,0.006379207923241671,0.1291700833245874,0.0
18016,1.0,0.05,0.00012395925308898012,8.260394877424048,0.006379207923241671,0.1291700833245874,0.0
18017,1.0,0.05,0.00012395925308898012,8.260394877424048,0.006379207923241671,0.1291700833245874,0.0
18018,1.0,0.05,0.0001231880789864901,8.260394877424048,0.006379207923241671,0.1291700833245874,0.0
18019,1.0,0.05,0.0001231880789864901,8.260394877424048,0.006379207923241671,0.1291700833245874,0.0
18020,1.0,0.05,0.0001231880789864901,8.260394877424048,0.0069421201415425255,0.1291700833245874,0.0
18021,1.0,0.05,0.0001231880789864901,8.260394877424048,0.006977771744375322,0.1291700833245874,0.0
18022,1.0,0.05,0.0001231880789864901,8.260394877424048,0.006115830477979795,0.1291700833245874,0.0
18023,1.0,0.05,0.0001231880789864901,8.260394877424048,0.006115830477979795,0.1291700833245874,0.0
18024,1.0,0.05,0.0001231880789864901,8.260394877424048,0.006115830477979795,0.11318040619727014,0.0
18025,1.0,0.05,0.0001231880789864901,8.260394877424048,0.006115830477979795,0.11318040619727014,0.0
18026,1.0,0.05,0.0001231880789864901,8.260394877424048,0.006115830477979795,0.14564408104791146,0.0
18027,1.0,0.05,0.0001231880789864901,8.260394877424048,0.006115830477979795,0.1342644919602162,0.0
18028,1.0,0.05,0.0001231880789864901,8.260394877424048,0.006115830477979795,0.1342644919602162,0.0
18029,1.0,0.05,0.0001231880789864901,8.260394877424048,0.0066886011768641,0.1342644919602162,0.0
18030,1.0,0.05,0.00011862339184647296,8.260394877424048,0.0066886011768641,0.15852555154976916,0.0
18031,1.0,0.05,0.00011862339184647296,8.260394877424048,0.0066886011768641,0.15852555154976916,0.0
18032,1.0,0.05,0.00011862339184647296,6.312876510870808,0.0066886011768641,0.15852555154976916,0.0
18033,1.0,0.05,0.00011862339184647296,6.312876510870808,0.0066886011768641,0.15852555154976916,0.0
18034,1.0,0.05,0.00011862339184647296,6.312876510870808,0.0066886011768641,0.15852555154976916,0.0
18035,1.0,0.05,0.00011862339184647296,6.312876510870808,0.007520715383329956,0.15852555154976916,0.0
18036,1.0,0.05,0.00011862339184647296,7.922960749658813,0.007481385003562261,0.15852555154976916,0.0
18037,1.0,0.05,0.00011862339184647296,7.922960749658813,0.007481385003562261,0.15852555154976916,0.0
18038,1.0,0.05,0.00011862339184647296,7.922960749658813,0.007481385003562261,0.15852555154976916,0.0
18039,1.0,0.05,0.00011862339184647296,7.922960749658813,0.007368432348786155,0.15852555154976916,0.0
18040,1.0,0.05,0.00011862339184647296,7.922960749658813,0.007368432348786155,0.15852555154976916,0.0
18041,1.0,0.05,0.00011862339184647296,7.922960749658813,0.0069010448664811345,0.15852555154976916,0.0
18042,1.0,0.05,0.00011862339184647296,7.922960749658813,0.0069010448664811345,0.15852555154976916,0.0
18043,1.0,0.05,0.00011574013384746077,7.922960749658813,0.0069010448664811345,0.15852555154976916,0.0
18044,1.0,0.05,0.00011574013384746077,7.922960749658813,0.0069010448664811345,0.15852555154976916,0.0
18045,1.0,0.05,0.00011574013384746077,7.922960749658813,0.0069010448664811345,0.15852555154976916,0.0
18046,1.0,0.05,0.00011574013384746077,7.922960749658813,0.0069010448664811345,0.15852555154976916,0.0
18047,1.0,0.05,0.00011574013384746077,7.922960749658813,0.0069010448664811345,0.15852555154976916,0.0
18048,1.0,0.05,0.00011774981949652705,7.922960749658813,0.007811069289597499,0.15852555154976916,0.0
18049,1.0,0.05,0.00011774981949652705,7.922960749658813,0.007811069289597499,0.15852555154976916,0.0
18050,1.0,0.05,0.00011774981949652705,7.922960749658813,0.007811069289597499,0.15852555154976916,0.0
18051,1.0,0.05,0.00011774981949652705,7.922960749658813,0.007811069289597499,0.15852555154976916,0.0
18052,1.0,0.05,0.00011774981949652705,7.922960749658813,0.007811069289597499,0.15852555154976916,0.0
18053,1.0,0.05,0.00011774981949652705,7.922960749658813,0.007811069289597499,0.15852555154976916,0.0
18054,1.0,0.05,0.00011774981949652705,7.922960749658813,0.006777522686351197,0.15852555154976916,0.0
18055,1.0,0.05,0.00011774981949652705,6.8167604910313315,0.006628574825969402,0.15852555154976916,0.0
18056,1.0,0.05,0.00011774981949652705,11.805429716010678,0.006628574825969402,0.15852555154976916,0.0
18057,1.0,0.05,0.00012206224846579575,11.805429716010678,0.006628574825969402,0.12867715294093263,0.0
18058,1.0,0.05,0.00012206224846579575,11.805429716010678,0.006628574825969402,0.12867715294093263,0.0
18059,1.0,0.05,0.00012206224846579575,11.805429716010678,0.006628574825969402,0.12867715294093263,0.0
18060,1.0,0.05,0.00012206224846579575,11.805429716010678,0.006628574825969402,0.12867715294093263,0.0
18061,1.0,0.05,0.00012206224846579575,11.805429716010678,0.006628574825969402,0.12867715294093263,0.0
18062,1.0,0.05,0.00012206224846579575,11.805429716010678,0.0061465008478131895,0.12867715294093263,0.0
18063,1.0,0.05,0.00012206224846579575,11.805429716010678,0.0061465008478131895,0.12867715294093263,0.0
18064,1.0,0.05,0.00012206224846579575,11.805429716010678,0.0061465008478131895,0.12867715294093263,0.0
18065,1.0,0.05,0.00012206224846579575,11.09309094840414,0.0061465008478131895,0.12867715294093263,0.0
18066,1.0,0.05,0.00012206224846579575,10.909387220564454,0.006353112951256854,0.12867715294093263,0.0
18067,1.0,0.05,0.00012206224846579575,10.909387220564454,0.006353112951256854,0.12867715294093263,0.0
18068,1.0,0.05,0.00012206224846579575,10.909387220564454,0.006353112951256854,0.12867715294093263,0.0
18069,1.0,0.05,0.00012206224846579575,11.741942811168514,0.006353112951256854,0.12867715294093263,0.0
18070,1.0,0.05,0.00012206224846579575,11.741942811168514,0.006353112951256854,0.12867715294093263,0.0
18071,1.0,0.05,0.00012206224846579575,11.741942811168514,0.006353112951256854,0.12867715294093263,0.0
18072,1.0,0.05,0.00012206224846579575,11.741942811168514,0.006353112951256854,0.12867715294093263,0.0
18073,1.0,0.05,0.00012206224846579575,11.741942811168514,0.006308225562593688,0.12134030323987315,0.0
18074,1.0,0.05,0.00012206224846579575,11.741942811168514,0.006308225562593688,0.12134030323987315,0.0
18075,1.0,0.05,0.00012374172460181377,11.741942811168514,0.006308225562593688,0.12134030323987315,0.0
18076,1.0,0.05,0.00012374172460181377,11.741942811168514,0.006306789349954984,0.12134030323987315,0.0
18077,1.0,0.05,0.00012374172460181377,12.267821895447952,0.006306789349954984,0.12134030323987315,0.0
18078,1.0,0.05,0.00012374172460181377,12.267821895447952,0.00656412951589178,0.11837639147784622,0.0
18079,1.0,0.05,0.00012374172460181377,12.267821895447952,0.006857096596862942,0.11837639147784622,0.0
18080,1.0,0.05,0.00012374172460181377,12.267821895447952,0.006857096596862942,0.09704472340541911,0.0
18081,1.0,0.05,0.00011531017885996939,12.267821895447952,0.007810505312559121,0.11863653497591103,0.0
18082,1.0,0.05,0.00011531017885996939,12.267821895447952,0.007810505312559121,0.11863653497591103,0.0
18083,1.0,0.05,0.00011531017885996939,12.267821895447952,0.007810505312559121,0.11863653497591103,0.0
18084,1.0,0.05,0.00011531017885996939,12.267821895447952,0.007810505312559121,0.11863653497591103,0.0
18085,1.0,0.05,0.00011531017885996939,12.267821895447952,0.007810505312559121,0.11863653497591103,0.0
18086,1.0,0.05,0.00011531017885996939,12.267821895447952,0.007810505312559121,0.11863653497591103,0.0
18087,1.0,0.05,0.00011531017885996939,12.267821895447952,0.007810505312559121,0.14065815013473404,0.0
18088,1.0,0.05,0.00011531017885996939,12.267821895447952,0.007810505312559121,0.14065815013473404,0.0
18089,1.0,0.05,0.00011531017885996939,12.267821895447952,0.007810505312559121,0.14065815013473404,0.0
18090,1.0,0.05,0.00011531017885996939,12.267821895447952,0.007810505312559121,0.1507469419173455,0.0
18091,1.0,0.05,0.00011531017885996939,12.267821895447952,0.007810505312559121,0.1507469419173455,0.0
18092,1.0,0.05,0.00011531017885996939,12.267821895447952,0.007810505312559121,0.1507469419173455,0.0
18093,1.0,0.05,0.00011531017885996939,12.267821895447952,0.007810505312559121,0.1507469419173455,0.0
18094,1.0,0.05,0.00011531017885996939,12.267821895447952,0.007810505312559121,0.1507469419173455,0.0
18095,1.0,0.05,0.00011531017885996939,12.267821895447952,0.007992268552676044,0.1507469419173455,0.0
18096,1.0,0.05,0.00011531017885996939,12.267821895447952,0.007992268552676044,0.1507469419173455,0.0
18097,1.0,0.05,0.00011531017885996939,12.267821895447952,0.007992268552676044,0.1507469419173455,0.0
18098,1.0,0.05,0.00011531017885996939,12.267821895447952,0.007992268552676044,0.1507469419173455,0.0
18099,1.0,0.05,0.00011531017885996939,12.267821895447952,0.007992268552676044,0.1507469419173455,0.0
18100,1.0,0.05,0.00011531017885996939,12.267821895447952,0.00812433602004481,0.17391625183442788,0.0
18101,1.0,0.05,0.00012157615736688049,12.267821895447952,0.00812433602004481,0.12675881680886014,0.0
18102,1.0,0.05,0.0001184163625867437,12.267821895447952,0.00812433602004481,0.12310682493812491,0.0
18103,1.0,0.05,0.0001184163625867437,12.267821895447952,0.00812433602004481,0.12310682493812491,0.0
18104,1.0,0.05,0.0001184163625867437,12.267821895447952,0.00812433602004481,0.12310682493812491,0.0
18105,1.0,0.05,0.0001184163625867437,12.267821895447952,0.00812433602004481,0.12310682493812491,0.0
18106,1.0,0.05,0.0001184163625867437,12.267821895447952,0.00812433602004481,0.12310682493812491,0.0
18107,1.0,0.05,0.0001184163625867437,12.267821895447952,0.00812433602004481,0.12310682493812491,0.0
18108,1.0,0.05,0.00011903433255395959,12.267821895447952,0.007166086945095032,0.12310682493812491,0.0
18109,1.0,0.05,0.00011903433255395959,9.130062544198168,0.007166086945095032,0.15279471222208726,0.0
18110,1.0,0.05,0.00011903433255395959,9.130062544198168,0.007166086945095032,0.15279471222208726,0.0
18111,1.0,0.05,0.00011550325665252243,9.130062544198168,0.00740245311972649,0.15279471222208726,0.0
18112,1.0,0.05,0.00011550325665252243,9.130062544198168,0.007007934554650418,0.15279471222208726,0.0
18113,1.0,0.05,0.00011550325665252243,9.130062544198168,0.007007934554650418,0.16925880788099715,0.0
18114,1.0,0.05,0.00011923760999885188,9.130062544198168,0.007007934554650418,0.16925880788099715,0.0
18115,1.0,0.05,0.00011923760999885188,9.130062544198168,0.007007934554650418,0.16925880788099715,0.0
18116,1.0,0.05,0.00011923760999885188,9.130062544198168,0.007007934554650418,0.16925880788099715,0.0
18117,1.0,0.05,0.00011923760999885188,9.130062544198168,0.007007934554650418,0.16925880788099715,0.0
18118,1.0,0.05,0.00012125819420829452,9.130062544198168,0.007007934554650418,0.16925880788099715,0.0
18119,1.0,0.05,0.00012125819420829452,9.130062544198168,0.007007934554650418,0.16925880788099715,0.0
18120,1.0,0.05,0.00012125819420829452,9.130062544198168,0.007007934554650418,0.16925880788099715,0.0
18121,1.0,0.05,0.00012125819420829452,9.130062544198168,0.007007934554650418,0.16925880788099715,0.0
18122,1.0,0.05,0.00012125819420829452,9.130062544198168,0.007007934554650418,0.16925880788099715,0.0
18123,1.0,0.05,0.00012125819420829452,9.130062544198168,0.007007934554650418,0.16925880788099715,0.0
18124,1.0,0.05,0.00012125819420829452,9.130062544198168,0.007007934554650418,0.16925880788099715,0.0
18125,1.0,0.05,0.00012125819420829452,9.130062544198168,0.007007934554650418,0.16925880788099715,0.0
18126,1.0,0.05,0.00012125819420829452,9.130062544198168,0.007007934554650418,0.1316810668941023,0.0
18127,1.0,0.05,0.00012125819420829452,9.130062544198168,0.007007934554650418,0.1316810668941023,0.0
18128,1.0,0.05,0.00012125819420829452,7.987914150323718,0.007007934554650418,0.1316810668941023,0.0
18129,1.0,0.05,0.00012125819420829452,7.987914150323718,0.007429284141860899,0.1316810668941023,0.0
18130,1.0,0.05,0.00012125819420829452,14.337355120781268,0.007429284141860899,0.1316810668941023,0.0
18131,1.0,0.05,0.00012125819420829452,7.585674632737621,0.007429284141860899,0.1316810668941023,0.0
18132,1.0,0.05,0.00011929802474322569,7.585674632737621,0.007429284141860899,0.15724396920520878,0.0
18133,1.0,0.05,0.00011929802474322569,7.585674632737621,0.007429284141860899,0.15724396920520878,0.0
18134,1.0,0.05,0.00011929802474322569,7.585674632737621,0.007429284141860899,0.15724396920520878,0.0
18135,1.0,0.05,0.00011929802474322569,7.585674632737621,0.007429284141860899,0.12910522667634045,0.0
18136,1.0,0.05,0.00012091574795077088,7.585674632737621,0.007429284141860899,0.12910522667634045,0.0
18137,1.0,0.05,0.00012091574795077088,7.585674632737621,0.007520423300107138,0.1460422344188818,0.0
18138,1.0,0.05,0.00012091574795077088,7.585674632737621,0.007520423300107138,0.1460422344188818,0.0
18139,1.0,0.05,0.00012091574795077088,7.585674632737621,0.007691853457140881,0.1460422344188818,0.0
18140,1.0,0.05,0.00012091574795077088,7.585674632737621,0.007397406804127631,0.15496815561566404,0.0
18141,1.0,0.05,0.0001239480187955987,7.585674632737621,0.007397406804127631,0.11387088684876523,0.0
18142,1.0,0.05,0.00012295111656395117,7.585674632737621,0.007397406804127631,0.11387088684876523,0.0
18143,1.0,0.05,0.00012295111656395117,7.585674632737621,0.007397406804127631,0.11387088684876523,0.0
18144,1.0,0.05,0.00012295111656395117,7.585674632737621,0.007397406804127631,0.1176876567285698,0.0
18145,1.0,0.05,0.00012295111656395117,7.585674632737621,0.006988584039353935,0.1176876567285698,0.0
18146,1.0,0.05,0.00012295111656395117,7.585674632737621,0.006205742663714227,0.1176876567285698,0.0
18147,1.0,0.05,0.00012295111656395117,7.585674632737621,0.006205742663714227,0.1553652089880601,0.0
18148,1.0,0.05,0.00012295111656395117,7.585674632737621,0.006205742663714227,0.15086609194887213,0.0
18149,1.0,0.05,0.00012295111656395117,7.585674632737621,0.006205742663714227,0.15086609194887213,0.0
18150,1.0,0.05,0.00012295111656395117,7.585674632737621,0.006205742663714227,0.15086609194887213,0.0
18151,1.0,0.05,0.00012295111656395117,7.585674632737621,0.006205742663714227,0.15086609194887213,0.0
18152,1.0,0.05,0.00012295111656395117,7.585674632737621,0.006205742663714227,0.15086609194887213,0.0
18153,1.0,0.05,0.00012295111656395117,7.585674632737621,0.006205742663714227,0.15086609194887213,0.0
18154,1.0,0.05,0.00012295111656395117,7.585674632737621,0.006205742663714227,0.15086609194887213,0.0
18155,1.0,0.05,0.00012295111656395117,7.585674632737621,0.006205742663714227,0.15086609194887213,0.0
18156,1.0,0.05,0.00012295111656395117,7.585674632737621,0.006205742663714227,0.15086609194887213,0.0
18157,1.0,0.05,0.00012295111656395117,7.585674632737621,0.006205742663714227,0.15086609194887213,0.0
18158,1.0,0.05,0.00012295111656395117,7.585674632737621,0.006205742663714227,0.14419284622171027,0.0
18159,1.0,0.05,0.00012295111656395117,7.585674632737621,0.006205742663714227,0.14419284622171027,0.0
18160,1.0,0.05,0.00012295111656395117,7.585674632737621,0.007912423761811073,0.14419284622171027,0.0
18161,1.0,0.05,0.00012295111656395117,7.585674632737621,0.007912423761811073,0.14419284622171027,0.0
18162,1.0,0.05,0.00012295111656395117,7.585674632737621,0.007106795066606046,0.14419284622171027,0.0
18163,1.0,0.05,0.00012295111656395117,7.585674632737621,0.007106795066606046,0.14419284622171027,0.0
18164,1.0,0.05,0.00012295111656395117,7.585674632737621,0.007106795066606046,0.14419284622171027,0.0
18165,1.0,0.05,0.00012295111656395117,7.158597042940457,0.007106795066606046,0.14419284622171027,0.0
18166,1.0,0.05,0.00012295111656395117,7.158597042940457,0.007106795066606046,0.14419284622171027,0.0
18167,1.0,0.05,0.00012295111656395117,7.158597042940457,0.007106795066606046,0.14419284622171027,0.0
18168,1.0,0.05,0.00012295111656395117,7.158597042940457,0.007106795066606046,0.14419284622171027,0.0
18169,1.0,0.05,0.00012295111656395117,7.158597042940457,0.007106795066606046,0.14419284622171027,0.0
18170,1.0,0.05,0.00012295111656395117,7.158597042940457,0.007106795066606046,0.14419284622171027,0.0
18171,1.0,0.05,0.00012295111656395117,7.158597042940457,0.007106795066606046,0.14419284622171027,0.0
18172,1.0,0.05,0.00012295111656395117,7.158597042940457,0.007106795066606046,0.13190896871397412,0.0
18173,1.0,0.05,0.00012295111656395117,7.158597042940457,0.007106795066606046,0.13190896871397412,0.0
18174,1.0,0.05,0.00012295111656395117,7.158597042940457,0.007106795066606046,0.13190896871397412,0.0
18175,1.0,0.05,0.00012295111656395117,7.158597042940457,0.007106795066606046,0.13190896871397412,0.0
18176,1.0,0.05,0.00012295111656395117,7.158597042940457,0.007106795066606046,0.13190896871397412,0.0
18177,1.0,0.05,0.00012295111656395117,7.158597042940457,0.007106795066606046,0.13190896871397412,0.0
18178,1.0,0.05,0.00012295111656395117,7.158597042940457,0.007106795066606046,0.12971450897420078,0.0
18179,1.0,0.05,0.00012295111656395117,7.158597042940457,0.007106795066606046,0.12971450897420078,0.0
18180,1.0,0.05,0.00012295111656395117,7.158597042940457,0.007106795066606046,0.12971450897420078,0.0
18181,1.0,0.05,0.00012295111656395117,11.164631365255985,0.006791768341181121,0.12971450897420078,0.0
18182,1.0,0.05,0.00012295111656395117,11.164631365255985,0.006791768341181121,0.1209415868775586,0.0
18183,1.0,0.05,0.00012295111656395117,11.164631365255985,0.006791768341181121,0.1209415868775586,0.0
18184,1.0,0.05,0.00012295111656395117,11.164631365255985,0.0058400308040869415,0.1209415868775586,0.0
18185,1.0,0.05,0.00012295111656395117,9.676164771574363,0.0073811487793212635,0.1209415868775586,0.0
18186,1.0,0.05,0.00012295111656395117,9.676164771574363,0.0073811487793212635,0.1209415868775586,0.0
18187,1.0,0.05,0.00012295111656395117,9.676164771574363,0.0073811487793212635,0.1209415868775586,0.0
18188,1.0,0.05,0.00012295111656395117,9.676164771574363,0.0073811487793212635,0.1209415868775586,0.0
18189,1.0,0.05,0.00012295111656395117,9.676164771574363,0.0073811487793212635,0.1209415868775586,0.0
18190,1.0,0.05,0.00012295111656395117,9.676164771574363,0.0073811487793212635,0.1209415868775586,0.0
18191,1.0,0.05,0.00012295111656395117,9.676164771574363,0.0073811487793212635,0.1310744179727443,0.0
18192,1.0,0.05,0.00012295111656395117,9.676164771574363,0.0073811487793212635,0.1310744179727443,0.0
18193,1.0,0.05,0.00012295111656395117,9.676164771574363,0.0073811487793212635,0.1310744179727443,0.0
18194,1.0,0.05,0.00012295111656395117,9.676164771574363,0.0073811487793212635,0.1310744179727443,0.0
18195,1.0,0.05,0.00012295111656395117,9.676164771574363,0.0073811487793212635,0.11854530210481322,0.0
18196,1.0,0.05,0.0001129760901898558,14.475118983293896,0.0073811487793212635,0.11854530210481322,0.0
18197,1.0,0.05,0.0001129760901898558,14.475118983293896,0.0073811487793212635,0.1482645544408966,0.0
18198,1.0,0.05,0.00011358509560207707,14.475118983293896,0.0073811487793212635,0.1482645544408966,0.0
18199,1.0,0.05,0.00011358509560207707,14.475118983293896,0.0073811487793212635,0.1482645544408966,0.0
18200,1.0,0.05,0.00011656893832709991,12.659678224209728,0.0073811487793212635,0.1482645544408966,0.0
18201,1.0,0.05,0.00011656893832709991,12.659678224209728,0.0073811487793212635,0.1482645544408966,0.0
18202,1.0,0.05,0.00011656893832709991,12.659678224209728,0.0073811487793212635,0.1482645544408966,0.0
18203,1.0,0.05,0.00011656893832709991,7.910102506453782,0.0073811487793212635,0.1482645544408966,0.0
18204,1.0,0.05,0.00011656893832709991,7.910102506453782,0.0073811487793212635,0.1482645544408966,0.0
18205,1.0,0.05,0.00012469025413936724,7.910102506453782,0.0073811487793212635,0.1482645544408966,0.0
18206,1.0,0.05,0.00012469025413936724,7.910102506453782,0.0073811487793212635,0.1482645544408966,0.0
18207,1.0,0.05,0.00012469025413936724,7.910102506453782,0.0073811487793212635,0.1482645544408966,0.0
18208,1.0,0.05,0.00012139764667024695,7.910102506453782,0.0073811487793212635,0.1482645544408966,0.0
18209,1.0,0.05,0.00012139764667024695,7.910102506453782,0.007729357957869073,0.1482645544408966,0.0
18210,1.0,0.05,0.00012139764667024695,7.910102506453782,0.007729357957869073,0.1482645544408966,0.0
18211,1.0,0.05,0.00012139764667024695,7.910102506453782,0.007729357957869073,0.1482645544408966,0.0
18212,1.0,0.05,0.00012139764667024695,7.910102506453782,0.007729357957869073,0.1482645544408966,0.0
18213,1.0,0.05,0.00012139764667024695,7.910102506453782,0.007729357957869073,0.1482645544408966,0.0
18214,1.0,0.05,0.0001169431205793491,7.910102506453782,0.007729357957869073,0.1482645544408966,0.0
18215,1.0,0.05,0.0001169431205793491,7.910102506453782,0.007729357957869073,0.1482645544408966,0.0
18216,1.0,0.05,0.0001169431205793491,7.910102506453782,0.007729357957869073,0.15173022990003165,0.0
18217,1.0,0.05,0.0001169431205793491,7.910102506453782,0.007729357957869073,0.20849199167704638,0.0
18218,1.0,0.05,0.0001169431205793491,14.205845812556433,0.007729357957869073,0.1329477456636283,0.0
18219,1.0,0.05,0.0001169431205793491,14.205845812556433,0.007729357957869073,0.1329477456636283,0.0
18220,1.0,0.05,0.0001169431205793491,14.339644707566165,0.007729357957869073,0.12032906370581556,0.0
18221,1.0,0.05,0.0001169431205793491,14.339644707566165,0.007729357957869073,0.12032906370581556,0.0
18222,1.0,0.05,0.0001169431205793491,14.339644707566165,0.007729357957869073,0.12032906370581556,0.0
18223,1.0,0.05,0.0001169431205793491,14.339644707566165,0.007729357957869073,0.12032906370581556,0.0
18224,1.0,0.05,0.0001169431205793491,11.43110277149242,0.007729357957869073,0.12032906370581556,0.0
18225,1.0,0.05,0.0001169431205793491,11.43110277149242,0.007729357957869073,0.12032906370581556,0.0
18226,1.0,0.05,0.0001169431205793491,11.43110277149242,0.007729357957869073,0.12032906370581556,0.0
18227,1.0,0.05,0.0001169431205793491,11.43110277149242,0.00677557855572119,0.17436412422355757,0.0
18228,1.0,0.05,0.0001169431205793491,11.43110277149242,0.00677557855572119,0.17436412422355757,0.0
18229,1.0,0.05,0.0001169431205793491,11.43110277149242,0.00677557855572119,0.17436412422355757,0.0
18230,1.0,0.05,0.0001169431205793491,11.43110277149242,0.00677557855572119,0.17436412422355757,0.0
18231,1.0,0.05,0.0001169431205793491,11.43110277149242,0.00677557855572119,0.17436412422355757,0.0
18232,1.0,0.05,0.0001169431205793491,11.43110277149242,0.00677557855572119,0.17436412422355757,0.0
18233,1.0,0.05,0.00011762886846525981,11.43110277149242,0.00677557855572119,0.12438285794563042,0.0
18234,1.0,0.05,0.00011762886846525981,11.43110277149242,0.00677557855572119,0.12438285794563042,0.0
18235,1.0,0.05,0.00011762886846525981,15.461682797108978,0.00677557855572119,0.09964580191594771,0.0
18236,1.0,0.05,0.00012146938156707131,15.461682797108978,0.00677557855572119,0.09554617465245911,0.0
18237,1.0,0.05,0.00012146938156707131,15.461682797108978,0.00677557855572119,0.09554617465245911,0.0
18238,1.0,0.05,0.00012146938156707131,15.461682797108978,0.006414364754095408,0.09554617465245911,0.0
18239,1.0,0.05,0.00012146938156707131,15.461682797108978,0.006414364754095408,0.09554617465245911,0.0
18240,1.0,0.05,0.00012146938156707131,10.069536359267417,0.006414364754095408,0.09554617465245911,0.0
18241,1.0,0.05,0.00012146938156707131,10.069536359267417,0.007109954084719152,0.13842017396381842,0.0
18242,1.0,0.05,0.00012146938156707131,10.069536359267417,0.007109954084719152,0.13842017396381842,0.0
18243,1.0,0.05,0.00012146938156707131,10.069536359267417,0.006844724813930062,0.11719001865080043,0.0
18244,1.0,0.05,0.00012146938156707131,10.069536359267417,0.006996010932396915,0.11719001865080043,0.0
18245,1.0,0.05,0.00012146938156707131,10.069536359267417,0.006996010932396915,0.13070046006398095,0.0
18246,1.0,0.05,0.00012146938156707131,10.069536359267417,0.006996010932396915,0.14194070465412717,0.0
18247,1.0,0.05,0.00012146938156707131,10.069536359267417,0.006996010932396915,0.11248747913844073,0.0
18248,1.0,0.05,0.00012146938156707131,10.069536359267417,0.006996010932396915,0.11248747913844073,0.0
18249,1.0,0.05,0.00012146938156707131,10.069536359267417,0.006996010932396915,0.11248747913844073,0.0
18250,1.0,0.05,0.00012146938156707131,13.664665473600834,0.006929638194423689,0.11248747913844073,0.0
18251,1.0,0.05,0.00012146938156707131,13.664665473600834,0.006929638194423689,0.11248747913844073,0.0
18252,1.0,0.05,0.00012146938156707131,13.664665473600834,0.007393424949335045,0.11248747913844073,0.0
18253,1.0,0.05,0.00012146938156707131,13.664665473600834,0.007393424949335045,0.11248747913844073,0.0
18254,1.0,0.05,0.00012146938156707131,13.664665473600834,0.007393424949335045,0.11248747913844073,0.0
18255,1.0,0.05,0.00012146938156707131,13.664665473600834,0.007393424949335045,0.11248747913844073,0.0
18256,1.0,0.05,0.00012146938156707131,8.856201051758063,0.007393424949335045,0.11248747913844073,0.0
18257,1.0,0.05,0.00012146938156707131,8.856201051758063,0.007393424949335045,0.13839077431566735,0.0
18258,1.0,0.05,0.00012146938156707131,9.52587984990214,0.006872844530201308,0.13839077431566735,0.0
18259,1.0,0.05,0.00012146938156707131,9.52587984990214,0.006872844530201308,0.13839077431566735,0.0
18260,1.0,0.05,0.00012146938156707131,9.52587984990214,0.006872844530201308,0.14132671745865355,0.0
18261,1.0,0.05,0.00012146938156707131,9.52587984990214,0.006872844530201308,0.16830919125228494,0.0
18262,1.0,0.05,0.00012146938156707131,9.52587984990214,0.006872844530201308,0.1319447588788976,0.0
18263,1.0,0.05,0.00012146938156707131,9.52587984990214,0.006872844530201308,0.1319447588788976,0.0
18264,1.0,0.05,0.00012146938156707131,9.52587984990214,0.006872844530201308,0.1319447588788976,0.0
18265,1.0,0.05,0.00012146938156707131,9.52587984990214,0.006749024081791242,0.1319447588788976,0.0
18266,1.0,0.05,0.00011879249052001694,9.52587984990214,0.007022745752720916,0.1319447588788976,0.0
18267,1.0,0.05,0.00012163484087283773,9.52587984990214,0.007022745752720916,0.1319447588788976,0.0
18268,1.0,0.05,0.00012125436549782027,9.52587984990214,0.0065837342510266066,0.1319447588788976,0.0
18269,1.0,0.05,0.00012125436549782027,9.52587984990214,0.0071669108175302695,0.1319447588788976,0.0
18270,1.0,0.05,0.00012125436549782027,9.52587984990214,0.0071669108175302695,0.1319447588788976,0.0
18271,1.0,0.05,0.00012125436549782027,9.52587984990214,0.0071669108175302695,0.1319447588788976,0.0
18272,1.0,0.05,0.00012125436549782027,9.52587984990214,0.006957352714891684,0.1319447588788976,0.0
18273,1.0,0.05,0.00012285292072617603,9.52587984990214,0.007027063093728075,0.1319447588788976,0.0
18274,1.0,0.05,0.00012285292072617603,9.52587984990214,0.00713813250543672,0.1319447588788976,0.0
18275,1.0,0.05,0.00012285292072617603,9.52587984990214,0.00713813250543672,0.11380573025778183,0.0
18276,1.0,0.05,0.00012285292072617603,9.52587984990214,0.00713813250543672,0.11380573025778183,0.0
18277,1.0,0.05,0.00012285292072617603,9.52587984990214,0.00713813250543672,0.11380573025778183,0.0
18278,1.0,0.05,0.00012285292072617603,9.52587984990214,0.00713813250543672,0.11548285030088376,0.0
18279,1.0,0.05,0.00012285292072617603,9.52587984990214,0.00713813250543672,0.11548285030088376,0.0
18280,1.0,0.05,0.00012285292072617603,11.05944536361676,0.00713813250543672,0.11548285030088376,0.0
18281,1.0,0.05,0.00012285292072617603,11.05944536361676,0.00713813250543672,0.11548285030088376,0.0
18282,1.0,0.05,0.00012285292072617603,11.05944536361676,0.00713813250543672,0.11548285030088376,0.0
18283,1.0,0.05,0.00012285292072617603,11.05944536361676,0.00713813250543672,0.1226909484715398,0.0
18284,1.0,0.05,0.00012285292072617603,11.05944536361676,0.00713813250543672,0.1226909484715398,0.0
18285,1.0,0.05,0.00012285292072617603,11.05944536361676,0.007582383674451373,0.1226909484715398,0.0
18286,1.0,0.05,0.00012285292072617603,11.05944536361676,0.007582383674451373,0.11535561486877176,0.0
18287,1.0,0.05,0.0001197867368766945,11.05944536361676,0.007582383674451373,0.11535561486877176,0.0
18288,1.0,0.05,0.0001197867368766945,11.05944536361676,0.007582383674451373,0.11535561486877176,0.0
18289,1.0,0.05,0.0001197867368766945,11.05944536361676,0.007582383674451373,0.11535561486877176,0.0
18290,1.0,0.05,0.0001197867368766945,11.05944536361676,0.007582383674451373,0.11535561486877176,0.0
18291,1.0,0.05,0.0001197867368766945,11.05944536361676,0.007055168775239381,0.11535561486877176,0.0
18292,1.0,0.05,0.0001197867368766945,11.05944536361676,0.007055168775239381,0.11535561486877176,0.0
18293,1.0,0.05,0.0001197867368766945,11.05944536361676,0.007055168775239381,0.15422727966842842,0.0
18294,1.0,0.05,0.0001197867368766945,11.05944536361676,0.007055168775239381,0.15422727966842842,0.0
18295,1.0,0.05,0.0001197867368766945,11.05944536361676,0.007055168775239381,0.15422727966842842,0.0
18296,1.0,0.05,0.0001197867368766945,11.05944536361676,0.007055168775239381,0.15422727966842842,0.0
18297,1.0,0.05,0.0001197867368766945,11.05944536361676,0.007055168775239381,0.15422727966842842,0.0
18298,1.0,0.05,0.0001197867368766945,11.05944536361676,0.00702591173606201,0.15422727966842842,0.0
18299,1.0,0.05,0.0001197867368766945,11.05944536361676,0.00702591173606201,0.15422727966842842,0.0
18300,1.0,0.05,0.0001197867368766945,11.05944536361676,0.00702591173606201,0.15422727966842842,0.0
18301,1.0,0.05,0.0001197867368766945,11.05944536361676,0.00702591173606201,0.15422727966842842,0.0
18302,1.0,0.05,0.0001197867368766945,11.05944536361676,0.00702591173606201,0.15422727966842842,0.0
18303,1.0,0.05,0.0001197867368766945,11.05944536361676,0.00702591173606201,0.15422727966842842,0.0
18304,1.0,0.05,0.0001197867368766945,11.05944536361676,0.00702591173606201,0.15422727966842842,0.0
18305,1.0,0.05,0.0001197867368766945,9.568361818600081,0.007038440749210291,0.15422727966842842,0.0
18306,1.0,0.05,0.0001197867368766945,9.568361818600081,0.007038440749210291,0.15422727966842842,0.0
18307,1.0,0.05,0.0001197867368766945,9.568361818600081,0.007038440749210291,0.15422727966842842,0.0
18308,1.0,0.05,0.0001197867368766945,9.568361818600081,0.007038440749210291,0.15422727966842842,0.0
18309,1.0,0.05,0.0001197867368766945,9.568361818600081,0.007038440749210291,0.15422727966842842,0.0
18310,1.0,0.05,0.0001197867368766945,9.568361818600081,0.007038440749210291,0.15422727966842842,0.0
18311,1.0,0.05,0.0001197867368766945,9.568361818600081,0.007038440749210291,0.1519942901204864,0.0
18312,1.0,0.05,0.0001197867368766945,9.568361818600081,0.007038440749210291,0.1519942901204864,0.0
18313,1.0,0.05,0.0001197867368766945,9.568361818600081,0.007038440749210291,0.1519942901204864,0.0
18314,1.0,0.05,0.0001197867368766945,9.568361818600081,0.007038440749210291,0.1519942901204864,0.0
18315,1.0,0.05,0.0001197867368766945,9.568361818600081,0.0071129801195762956,0.1519942901204864,0.0
18316,1.0,0.05,0.0001197867368766945,9.568361818600081,0.0071129801195762956,0.1519942901204864,0.0
18317,1.0,0.05,0.00011866555494791691,9.568361818600081,0.0071129801195762956,0.1519942901204864,0.0
18318,1.0,0.05,0.00011866555494791691,9.568361818600081,0.0071129801195762956,0.1519942901204864,0.0
18319,1.0,0.05,0.00011866555494791691,9.568361818600081,0.007268768584540495,0.1519942901204864,0.0
18320,1.0,0.05,0.00011866555494791691,9.568361818600081,0.007268768584540495,0.1519942901204864,0.0
18321,1.0,0.05,0.00011866555494791691,9.568361818600081,0.007268768584540495,0.1519942901204864,0.0
18322,1.0,0.05,0.00011866555494791691,9.568361818600081,0.007268768584540495,0.1519942901204864,0.0
18323,1.0,0.05,0.00011866555494791691,9.568361818600081,0.007268768584540495,0.1519942901204864,0.0
18324,1.0,0.05,0.00011866555494791691,9.568361818600081,0.007268768584540495,0.1519942901204864,0.0
18325,1.0,0.05,0.00011866555494791691,9.568361818600081,0.007268768584540495,0.1519942901204864,0.0
18326,1.0,0.05,0.00011866555494791691,9.568361818600081,0.007268768584540495,0.1519942901204864,0.0
18327,1.0,0.05,0.00011866555494791691,9.568361818600081,0.007268768584540495,0.1519942901204864,0.0
18328,1.0,0.05,0.00011866555494791691,9.568361818600081,0.007268768584540495,0.1519942901204864,0.0
18329,1.0,0.05,0.00011866555494791691,9.568361818600081,0.007268768584540495,0.1519942901204864,0.0
18330,1.0,0.05,0.00011866555494791691,9.801225625701449,0.007268768584540495,0.1519942901204864,0.0
18331,1.0,0.05,0.00011866555494791691,8.800396920441074,0.007268768584540495,0.1519942901204864,0.0
18332,1.0,0.05,0.00011866555494791691,8.800396920441074,0.007268768584540495,0.1519942901204864,0.0
18333,1.0,0.05,0.00011866555494791691,9.742459891692263,0.007268768584540495,0.1519942901204864,0.0
18334,1.0,0.05,0.00011866555494791691,9.742459891692263,0.007268768584540495,0.1519942901204864,0.0
18335,1.0,0.05,0.00011866555494791691,9.742459891692263,0.007268768584540495,0.1519942901204864,0.0
18336,1.0,0.05,0.00011866555494791691,9.742459891692263,0.007268768584540495,0.14345998125771364,0.0
18337,1.0,0.05,0.00011866555494791691,9.742459891692263,0.007268768584540495,0.14345998125771364,0.0
18338,1.0,0.05,0.00011866555494791691,9.742459891692263,0.007268768584540495,0.14345998125771364,0.0
18339,1.0,0.05,0.00011866555494791691,9.742459891692263,0.007268768584540495,0.14345998125771364,0.0
18340,1.0,0.05,0.00011866555494791691,9.742459891692263,0.007268768584540495,0.14345998125771364,0.0
18341,1.0,0.05,0.00011866555494791691,9.742459891692263,0.007333439416479744,0.14345998125771364,0.0
18342,1.0,0.05,0.00011866555494791691,9.742459891692263,0.007333439416479744,0.14345998125771364,0.0
18343,1.0,0.05,0.00011866555494791691,9.742459891692263,0.007333439416479744,0.11969969511441136,0.0
18344,1.0,0.05,0.00011866555494791691,9.742459891692263,0.007333439416479744,0.11969969511441136,0.0
18345,1.0,0.05,0.00011866555494791691,9.742459891692263,0.007333439416479744,0.11969969511441136,0.0
18346,1.0,0.05,0.00011866555494791691,9.742459891692263,0.007333439416479744,0.11969969511441136,0.0
18347,1.0,0.05,0.00012135108605796052,9.742459891692263,0.007333439416479744,0.11969969511441136,0.0
18348,1.0,0.05,0.00012135108605796052,9.742459891692263,0.007018579702844685,0.11969969511441136,0.0
18349,1.0,0.05,0.00012135108605796052,9.742459891692263,0.007018579702844685,0.11273137797008895,0.0
18350,1.0,0.05,0.00012135108605796052,9.742459891692263,0.007018579702844685,0.11273137797008895,0.0
18351,1.0,0.05,0.00012135108605796052,9.742459891692263,0.007445332274793791,0.10894659509780097,0.0
18352,1.0,0.05,0.00012135108605796052,9.742459891692263,0.007445332274793791,0.12566923647693568,0.0
18353,1.0,0.05,0.00012135108605796052,8.037711926726516,0.007042948881136144,0.12566923647693568,0.0
18354,1.0,0.05,0.00012135108605796052,8.037711926726516,0.007042948881136144,0.12566923647693568,0.0
18355,1.0,0.05,0.00012135108605796052,8.037711926726516,0.007042948881136144,0.1836546969303415,0.0
18356,1.0,0.05,0.00012135108605796052,8.037711926726516,0.007042948881136144,0.1836546969303415,0.0
18357,1.0,0.05,0.00012135108605796052,8.037711926726516,0.007042948881136144,0.17758774411541337,0.0
18358,1.0,0.05,0.00012135108605796052,8.037711926726516,0.007042948881136144,0.17758774411541337,0.0
18359,1.0,0.05,0.00011369514917099557,8.037711926726516,0.007042948881136144,0.15845584439057747,0.0
18360,1.0,0.05,0.00011369514917099557,10.617894066150129,0.007042948881136144,0.15845584439057747,0.0
18361,1.0,0.05,0.00011369514917099557,10.617894066150129,0.007042948881136144,0.15845584439057747,0.0
18362,1.0,0.05,0.00011369514917099557,10.617894066150129,0.0077221374289965635,0.15845584439057747,0.0
18363,1.0,0.05,0.00011369514917099557,10.617894066150129,0.0077221374289965635,0.15845584439057747,0.0
18364,1.0,0.05,0.00011369514917099557,10.617894066150129,0.0077221374289965635,0.15910702936116503,0.0
18365,1.0,0.05,0.00011369514917099557,10.617894066150129,0.0077221374289965635,0.15910702936116503,0.0
18366,1.0,0.05,0.00011369514917099557,10.617894066150129,0.0077221374289965635,0.17622533239043758,0.0
18367,1.0,0.05,0.00011369514917099557,10.617894066150129,0.0077221374289965635,0.17622533239043758,0.0
18368,1.0,0.05,0.00011369514917099557,10.617894066150129,0.0077221374289965635,0.11763605795788618,0.0
18369,1.0,0.05,0.00011369514917099557,10.617894066150129,0.0077221374289965635,0.11763605795788618,0.0
18370,1.0,0.05,0.00011369514917099557,10.617894066150129,0.007008539356724407,0.11763605795788618,0.0
18371,1.0,0.05,0.00011564392516838986,10.617894066150129,0.007008539356724407,0.14289065761525005,0.0
18372,1.0,0.05,0.00011564392516838986,10.617894066150129,0.007008539356724407,0.14289065761525005,0.0
18373,1.0,0.05,0.00011564392516838986,9.662748150620317,0.007008539356724407,0.14663252774899432,0.0
18374,1.0,0.05,0.00011564392516838986,9.662748150620317,0.006585463344505387,0.14663252774899432,0.0
18375,1.0,0.05,0.00011564392516838986,9.662748150620317,0.006585463344505387,0.14663252774899432,0.0
18376,1.0,0.05,0.00011564392516838986,9.662748150620317,0.006585463344505387,0.14663252774899432,0.0
18377,1.0,0.05,0.00011975574825680578,9.662748150620317,0.006585463344505387,0.14663252774899432,0.0
18378,1.0,0.05,0.00011975574825680578,9.662748150620317,0.006585463344505387,0.14663252774899432,0.0
18379,1.0,0.05,0.00011975574825680578,9.662748150620317,0.006585463344505387,0.14663252774899432,0.0
18380,1.0,0.05,0.00011975574825680578,9.662748150620317,0.00729673431040169,0.14663252774899432,0.0
18381,1.0,0.05,0.00011975574825680578,9.662748150620317,0.00729673431040169,0.14663252774899432,0.0
18382,1.0,0.05,0.00011975574825680578,9.662748150620317,0.00729673431040169,0.14663252774899432,0.0
18383,1.0,0.05,0.00011975574825680578,9.662748150620317,0.00729673431040169,0.14663252774899432,0.0
18384,1.0,0.05,0.00011975574825680578,9.662748150620317,0.00729673431040169,0.14663252774899432,0.0
18385,1.0,0.05,0.00011975574825680578,9.662748150620317,0.00729673431040169,0.14663252774899432,0.0
18386,1.0,0.05,0.00011975574825680578,9.662748150620317,0.008248091468500985,0.14663252774899432,0.0
18387,1.0,0.05,0.00011975574825680578,9.662748150620317,0.008248091468500985,0.14663252774899432,0.0
18388,1.0,0.05,0.00011975574825680578,9.662748150620317,0.006765295810957259,0.14663252774899432,0.0
18389,1.0,0.05,0.00011975574825680578,9.662748150620317,0.006765295810957259,0.14663252774899432,0.0
18390,1.0,0.05,0.00011975574825680578,9.662748150620317,0.006765295810957259,0.14663252774899432,0.0
18391,1.0,0.05,0.00011975574825680578,9.662748150620317,0.006765295810957259,0.14663252774899432,0.0
18392,1.0,0.05,0.00011975574825680578,5.205199407790943,0.006765295810957259,0.14663252774899432,0.0
18393,1.0,0.05,0.00012661218016413146,5.205199407790943,0.006765295810957259,0.14663252774899432,0.0
18394,1.0,0.05,0.00012661218016413146,5.205199407790943,0.006765295810957259,0.153469125702829,0.0
18395,1.0,0.05,0.00012661218016413146,4.3949277238451145,0.006765295810957259,0.153469125702829,0.0
18396,1.0,0.05,0.00012661218016413146,4.3949277238451145,0.006765295810957259,0.153469125702829,0.0
18397,1.0,0.05,0.00012661218016413146,4.3949277238451145,0.006765295810957259,0.153469125702829,0.0
18398,1.0,0.05,0.00012661218016413146,4.3949277238451145,0.006765295810957259,0.153469125702829,0.0
18399,1.0,0.05,0.00012661218016413146,4.3949277238451145,0.006765295810957259,0.153469125702829,0.0
18400,1.0,0.05,0.00012661218016413146,4.3949277238451145,0.006765295810957259,0.14152242353857006,0.0
18401,1.0,0.05,0.00012661218016413146,7.136218239256408,0.006765295810957259,0.14152242353857006,0.0
18402,1.0,0.05,0.00012661218016413146,7.136218239256408,0.006765295810957259,0.14152242353857006,0.0
18403,1.0,0.05,0.00012661218016413146,7.136218239256408,0.006765295810957259,0.14864999170020385,0.0
18404,1.0,0.05,0.00012661218016413146,7.136218239256408,0.007412882917764054,0.14864999170020385,0.0
18405,1.0,0.05,0.00012661218016413146,6.268472635500146,0.007412882917764054,0.14864999170020385,0.0
18406,1.0,0.05,0.00012661218016413146,6.268472635500146,0.007412882917764054,0.14864999170020385,0.0
18407,1.0,0.05,0.00012661218016413146,6.268472635500146,0.005663102784797536,0.14864999170020385,0.0
18408,1.0,0.05,0.00012661218016413146,7.225514311955152,0.005663102784797536,0.14864999170020385,0.0
18409,1.0,0.05,0.00013105851160164194,7.225514311955152,0.005663102784797536,0.11577462143685725,0.0
18410,1.0,0.05,0.00013105851160164194,7.225514311955152,0.005700493481061945,0.11577462143685725,0.0
18411,1.0,0.05,0.00013105851160164194,7.225514311955152,0.006078343767873824,0.11577462143685725,0.0
18412,1.0,0.05,0.00013105851160164194,7.225514311955152,0.006078343767873824,0.11577462143685725,0.0
18413,1.0,0.05,0.00013105851160164194,7.225514311955152,0.006078343767873824,0.11577462143685725,0.0
18414,1.0,0.05,0.00013105851160164194,7.225514311955152,0.006078343767873824,0.11577462143685725,0.0
18415,1.0,0.05,0.00013105851160164194,7.225514311955152,0.006078343767873824,0.11577462143685725,0.0
18416,1.0,0.05,0.00012982481982826006,9.13031633994521,0.0057711603827815434,0.11577462143685725,0.0
18417,1.0,0.05,0.00012384878996138837,9.13031633994521,0.0057711603827815434,0.11577462143685725,0.0
18418,1.0,0.05,0.00012384878996138837,9.13031633994521,0.0057711603827815434,0.11577462143685725,0.0
18419,1.0,0.05,0.0001306122071947311,9.13031633994521,0.0057711603827815434,0.11577462143685725,0.0
18420,1.0,0.05,0.0001306122071947311,9.13031633994521,0.0057711603827815434,0.11577462143685725,0.0
18421,1.0,0.05,0.0001306122071947311,7.527874471365209,0.0057711603827815434,0.11577462143685725,0.0
18422,1.0,0.05,0.0001306122071947311,7.527874471365209,0.0057711603827815434,0.11577462143685725,0.0
18423,1.0,0.05,0.0001306122071947311,11.270418526609618,0.0057711603827815434,0.10627259134314747,0.0
18424,1.0,0.05,0.0001306122071947311,11.270418526609618,0.0057711603827815434,0.10627259134314747,0.0
18425,1.0,0.05,0.0001306122071947311,11.270418526609618,0.0057711603827815434,0.10627259134314747,0.0
18426,1.0,0.05,0.0001306122071947311,11.270418526609618,0.0057711603827815434,0.10627259134314747,0.0
18427,1.0,0.05,0.0001306122071947311,11.270418526609618,0.006672743019517687,0.10627259134314747,0.0
18428,1.0,0.05,0.0001306122071947311,11.270418526609618,0.006672743019517687,0.10931822239904855,0.0
18429,1.0,0.05,0.0001306122071947311,11.270418526609618,0.006672743019517687,0.10931822239904855,0.0
18430,1.0,0.05,0.0001306122071947311,11.270418526609618,0.006672743019517687,0.0896803467201411,0.0
18431,1.0,0.05,0.0001306122071947311,11.270418526609618,0.006401212366849675,0.0896803467201411,0.0
18432,1.0,0.05,0.0001306122071947311,11.270418526609618,0.005854419035104147,0.0896803467201411,0.0
18433,1.0,0.05,0.00013021798905398155,11.270418526609618,0.005854419035104147,0.0896803467201411,0.0
18434,1.0,0.05,0.00013021798905398155,11.270418526609618,0.005854419035104147,0.0896803467201411,0.0
18435,1.0,0.05,0.00013021798905398155,11.270418526609618,0.005854419035104147,0.0896803467201411,0.0
18436,1.0,0.05,0.00013021798905398155,11.270418526609618,0.005854419035104147,0.08620262320410098,0.0
18437,1.0,0.05,0.00013021798905398155,11.270418526609618,0.005416730306078874,0.08620262320410098,0.0
18438,1.0,0.05,0.00013021798905398155,10.691438502265882,0.005416730306078874,0.08620262320410098,0.0
18439,1.0,0.05,0.00013021798905398155,9.322488528578248,0.005416730306078874,0.08620262320410098,0.0
18440,1.0,0.05,0.00013137144300883608,9.322488528578248,0.005416730306078874,0.08620262320410098,0.0
18441,1.0,0.05,0.00013137144300883608,9.322488528578248,0.005416730306078874,0.09826842828150631,0.0
18442,1.0,0.05,0.00013137144300883608,11.312396144987076,0.005416730306078874,0.09826842828150631,0.0
18443,1.0,0.05,0.00013137144300883608,11.312396144987076,0.005416730306078874,0.09826842828150631,0.0
18444,1.0,0.05,0.00013137144300883608,8.646773406006105,0.005416730306078874,0.08528421309937055,0.0
18445,1.0,0.05,0.00013137144300883608,8.646773406006105,0.005416730306078874,0.08528421309937055,0.0
18446,1.0,0.05,0.00013137144300883608,8.646773406006105,0.005416730306078874,0.08528421309937055,0.0
18447,1.0,0.05,0.00013137144300883608,8.646773406006105,0.005416730306078874,0.08528421309937055,0.0
18448,1.0,0.05,0.00013137144300883608,8.646773406006105,0.005416730306078874,0.1073993818445265,0.0
18449,1.0,0.05,0.00013137144300883608,8.646773406006105,0.005416730306078874,0.10137007380836978,0.0
18450,1.0,0.05,0.0001337939090369178,8.646773406006105,0.005525799038712619,0.10137007380836978,0.0
18451,1.0,0.05,0.0001337939090369178,8.646773406006105,0.005525799038712619,0.10137007380836978,0.0
18452,1.0,0.05,0.0001337939090369178,8.646773406006105,0.005525799038712619,0.10137007380836978,0.0
18453,1.0,0.05,0.0001337939090369178,8.646773406006105,0.005443700991214114,0.10137007380836978,0.0
18454,1.0,0.05,0.0001337939090369178,8.646773406006105,0.005443700991214114,0.10137007380836978,0.0
18455,1.0,0.05,0.0001337939090369178,8.646773406006105,0.005443700991214114,0.10137007380836978,0.0
18456,1.0,0.05,0.0001337939090369178,8.646773406006105,0.005443700991214114,0.10137007380836978,0.0
18457,1.0,0.05,0.0001337939090369178,8.646773406006105,0.005443700991214114,0.10137007380836978,0.0
18458,1.0,0.05,0.00013801177107134163,8.646773406006105,0.00543267667549207,0.10137007380836978,0.0
18459,1.0,0.05,0.00013801177107134163,8.646773406006105,0.00543267667549207,0.07058667076552141,0.0
18460,1.0,0.05,0.00013801177107134163,8.646773406006105,0.00543267667549207,0.07058667076552141,0.0
18461,1.0,0.05,0.00013801177107134163,8.646773406006105,0.00543267667549207,0.07058667076552141,0.0
18462,1.0,0.05,0.00013801177107134163,8.646773406006105,0.00543267667549207,0.07058667076552141,0.0
18463,1.0,0.05,0.00013801177107134163,8.646773406006105,0.00543267667549207,0.07867653420505784,0.0
18464,1.0,0.05,0.00013801177107134163,8.646773406006105,0.00543267667549207,0.0705373740345211,0.0
18465,1.0,0.05,0.00013300036595054608,8.646773406006105,0.00543267667549207,0.09897271370049518,0.0
18466,1.0,0.05,0.00013300036595054608,8.646773406006105,0.00543267667549207,0.09162407328796413,0.0
18467,1.0,0.05,0.00013300036595054608,8.646773406006105,0.00543267667549207,0.09162407328796413,0.0
18468,1.0,0.05,0.00013300036595054608,8.646773406006105,0.005721283945285409,0.09162407328796413,0.0
18469,1.0,0.05,0.00013300036595054608,8.646773406006105,0.005721283945285409,0.09162407328796413,0.0
18470,1.0,0.05,0.00013300036595054608,8.646773406006105,0.005721283945285409,0.09162407328796413,0.0
18471,1.0,0.05,0.00013300036595054608,8.646773406006105,0.005721283945285409,0.09162407328796413,0.0
18472,1.0,0.05,0.00013300036595054608,8.646773406006105,0.005721283945285409,0.09162407328796413,0.0
18473,1.0,0.05,0.00013300036595054608,8.646773406006105,0.005721283945285409,0.09881353519400299,0.0
18474,1.0,0.05,0.00013300036595054608,8.491971413346832,0.005721283945285409,0.09881353519400299,0.0
18475,1.0,0.05,0.00013300036595054608,8.491971413346832,0.005721283945285409,0.09881353519400299,0.0
18476,1.0,0.05,0.00013300036595054608,8.491971413346832,0.005721283945285409,0.09881353519400299,0.0
18477,1.0,0.05,0.00013300036595054608,8.491971413346832,0.005721283945285409,0.09881353519400299,0.0
18478,1.0,0.05,0.00013300036595054608,8.491971413346832,0.005721283945285409,0.09881353519400299,0.0
18479,1.0,0.05,0.00013300036595054608,8.491971413346832,0.005721283945285409,0.09881353519400299,0.0
18480,1.0,0.05,0.00013300036595054608,8.130526541929811,0.005721283945285409,0.08108707604672154,0.0
18481,1.0,0.05,0.00013300036595054608,8.130526541929811,0.005721283945285409,0.08108707604672154,0.0
18482,1.0,0.05,0.00013300036595054608,8.130526541929811,0.005721283945285409,0.08108707604672154,0.0
18483,1.0,0.05,0.00013300036595054608,8.130526541929811,0.005572352886072326,0.08108707604672154,0.0
18484,1.0,0.05,0.00013300036595054608,8.130526541929811,0.005435251344019547,0.08108707604672154,0.0
18485,1.0,0.05,0.00013300036595054608,8.130526541929811,0.005435251344019547,0.08108707604672154,0.0
18486,1.0,0.05,0.00013300036595054608,8.130526541929811,0.005435251344019547,0.08108707604672154,0.0
18487,1.0,0.05,0.00013300036595054608,8.130526541929811,0.005435251344019547,0.08108707604672154,0.0
18488,1.0,0.05,0.00013300036595054608,8.130526541929811,0.005435251344019547,0.08108707604672154,0.0
18489,1.0,0.05,0.00013300036595054608,8.130526541929811,0.005435251344019547,0.11163082962516219,0.0
18490,1.0,0.05,0.00013300036595054608,8.355169276559465,0.005435251344019547,0.10884695648050753,0.0
18491,1.0,0.05,0.00013300036595054608,8.355169276559465,0.005420078785081645,0.10884695648050753,0.0
18492,1.0,0.05,0.00013300036595054608,8.355169276559465,0.005420078785081645,0.10884695648050753,0.0
18493,1.0,0.05,0.00013035875565851521,8.355169276559465,0.005420078785081645,0.10884695648050753,0.0
18494,1.0,0.05,0.00013035875565851521,8.355169276559465,0.005420078785081645,0.10884695648050753,0.0
18495,1.0,0.05,0.00013007091481476228,8.355169276559465,0.005420078785081645,0.10884695648050753,0.0
18496,1.0,0.05,0.00013007091481476228,8.355169276559465,0.005420078785081645,0.10884695648050753,0.0
18497,1.0,0.05,0.00013007091481476228,8.355169276559465,0.005420078785081645,0.10884695648050753,0.0
18498,1.0,0.05,0.00013007091481476228,8.539717763442496,0.006253281332526609,0.08191048115541294,0.0
18499,1.0,0.05,0.00013625439064130447,8.539717763442496,0.006216848123784801,0.08191048115541294,0.0
18500,1.0,0.05,0.00013625439064130447,8.539717763442496,0.0052159271590138225,0.0920625926246104,0.0
18501,1.0,0.05,0.00013625439064130447,8.539717763442496,0.0052159271590138225,0.0920625926246104,0.0
18502,1.0,0.05,0.0001368793909353115,8.539717763442496,0.0052159271590138225,0.0920625926246104,0.0
18503,1.0,0.05,0.0001368793909353115,8.539717763442496,0.005850619493309598,0.08907655308400873,0.0
18504,1.0,0.05,0.0001368793909353115,8.539717763442496,0.005850619493309598,0.08907655308400873,0.0
18505,1.0,0.05,0.0001368793909353115,8.539717763442496,0.005850619493309598,0.08907655308400873,0.0
18506,1.0,0.05,0.0001368793909353115,8.539717763442496,0.005850619493309598,0.08907655308400873,0.0
18507,1.0,0.05,0.00012775490380470707,14.028876991276135,0.005850619493309598,0.08907655308400873,0.0
18508,1.0,0.05,0.00012775490380470707,14.028876991276135,0.005850619493309598,0.08907655308400873,0.0
18509,1.0,0.05,0.00012775490380470707,14.028876991276135,0.0073562597293002465,0.08907655308400873,0.0
18510,1.0,0.05,0.00012775490380470707,14.028876991276135,0.005721419493860249,0.08907655308400873,0.0
18511,1.0,0.05,0.00012775490380470707,14.028876991276135,0.005721419493860249,0.08907655308400873,0.0
18512,1.0,0.05,0.00012775490380470707,14.028876991276135,0.005721419493860249,0.08907655308400873,0.0
18513,1.0,0.05,0.00011844023833297767,14.028876991276135,0.006905888098386866,0.07742939339251209,0.0
18514,1.0,0.05,0.00011844023833297767,14.028876991276135,0.006905888098386866,0.07742939339251209,0.0
18515,1.0,0.05,0.00011844023833297767,14.028876991276135,0.007886221357806396,0.09865098897107119,0.0
18516,1.0,0.05,0.00011844023833297767,14.028876991276135,0.006183865724986606,0.09865098897107119,0.0
18517,1.0,0.05,0.00011844023833297767,14.028876991276135,0.006183865724986606,0.09865098897107119,0.0
18518,1.0,0.05,0.00011844023833297767,14.028876991276135,0.006183865724986606,0.09865098897107119,0.0
18519,1.0,0.05,0.00011844023833297767,14.028876991276135,0.007462593306508906,0.119277653330113,0.0
18520,1.0,0.05,0.00011844023833297767,14.028876991276135,0.007462593306508906,0.119277653330113,0.0
18521,1.0,0.05,0.00011844023833297767,14.028876991276135,0.007462593306508906,0.11265747109261415,0.0
18522,1.0,0.05,0.00011844023833297767,14.028876991276135,0.007462593306508906,0.11265747109261415,0.0
18523,1.0,0.05,0.00011844023833297767,14.028876991276135,0.007462593306508906,0.11265747109261415,0.0
18524,1.0,0.05,0.00011592082151942669,14.028876991276135,0.007462593306508906,0.11265747109261415,0.0
18525,1.0,0.05,0.00011592082151942669,14.028876991276135,0.007462593306508906,0.11265747109261415,0.0
18526,1.0,0.05,0.00011592082151942669,14.028876991276135,0.007462593306508906,0.11265747109261415,0.0
18527,1.0,0.05,0.00011592082151942669,14.028876991276135,0.007462593306508906,0.11265747109261415,0.0
18528,1.0,0.05,0.00011592082151942669,14.028876991276135,0.007462593306508906,0.11265747109261415,0.0
18529,1.0,0.05,0.00011592082151942669,14.028876991276135,0.007462593306508906,0.11265747109261415,0.0
18530,1.0,0.05,0.00011592082151942669,14.028876991276135,0.007462593306508906,0.11265747109261415,0.0
18531,1.0,0.05,0.00011592082151942669,14.028876991276135,0.007462593306508906,0.15469412277331213,0.0
18532,1.0,0.05,0.00011592082151942669,14.028876991276135,0.007462593306508906,0.15469412277331213,0.0
18533,1.0,0.05,0.00011592082151942669,14.028876991276135,0.007462593306508906,0.15469412277331213,0.0
18534,1.0,0.05,0.00011592082151942669,14.028876991276135,0.007462593306508906,0.11452531819478327,0.0
18535,1.0,0.05,0.00011592082151942669,10.888946373686153,0.0068692386522902224,0.11452531819478327,0.0
18536,1.0,0.05,0.00011592082151942669,10.888946373686153,0.0068692386522902224,0.14206756254597142,0.0
18537,1.0,0.05,0.00011592082151942669,10.76940493398115,0.0068692386522902224,0.13205777284488723,0.0
18538,1.0,0.05,0.00011592082151942669,10.76940493398115,0.0068692386522902224,0.13205777284488723,0.0
18539,1.0,0.05,0.00011592082151942669,9.928110478669112,0.0068692386522902224,0.15839638714402152,0.0
18540,1.0,0.05,0.00011592082151942669,9.928110478669112,0.0068692386522902224,0.15839638714402152,0.0
18541,1.0,0.05,0.00011592082151942669,9.928110478669112,0.0068692386522902224,0.15839638714402152,0.0
18542,1.0,0.05,0.00011592082151942669,9.928110478669112,0.008222231615621226,0.15839638714402152,0.0
18543,1.0,0.05,0.00011592082151942669,9.928110478669112,0.008222231615621226,0.15839638714402152,0.0
18544,1.0,0.05,0.00011592082151942669,9.928110478669112,0.008222231615621226,0.15839638714402152,0.0
18545,1.0,0.05,0.00011592082151942669,9.928110478669112,0.008222231615621226,0.15839638714402152,0.0
18546,1.0,0.05,0.00011592082151942669,9.928110478669112,0.0069843741303082145,0.15839638714402152,0.0
18547,1.0,0.05,0.00011592082151942669,9.928110478669112,0.0069843741303082145,0.15839638714402152,0.0
18548,1.0,0.05,0.00011592082151942669,8.812325681199027,0.0069843741303082145,0.15839638714402152,0.0
18549,1.0,0.05,0.00011592082151942669,8.812325681199027,0.0069843741303082145,0.15839638714402152,0.0
18550,1.0,0.05,0.00011592082151942669,8.812325681199027,0.0069843741303082145,0.15839638714402152,0.0
18551,1.0,0.05,0.00011592082151942669,8.812325681199027,0.0069843741303082145,0.15839638714402152,0.0
18552,1.0,0.05,0.00011592082151942669,8.812325681199027,0.0069843741303082145,0.15839638714402152,0.0
18553,1.0,0.05,0.00011592082151942669,8.812325681199027,0.0069843741303082145,0.1346199918355615,0.0
18554,1.0,0.05,0.00011592082151942669,8.812325681199027,0.0069843741303082145,0.1346199918355615,0.0
18555,1.0,0.05,0.00011592082151942669,8.812325681199027,0.0069843741303082145,0.17228712692124507,0.0
18556,1.0,0.05,0.00011592082151942669,8.812325681199027,0.0069843741303082145,0.17228712692124507,0.0
18557,1.0,0.05,0.00011592082151942669,8.812325681199027,0.007023337062102386,0.17228712692124507,0.0
18558,1.0,0.05,0.00011592082151942669,8.812325681199027,0.007023337062102386,0.17228712692124507,0.0
18559,1.0,0.05,0.00011592082151942669,8.812325681199027,0.007023337062102386,0.21171604625244528,0.0
18560,1.0,0.05,0.00011592082151942669,8.812325681199027,0.007023337062102386,0.13871954411969972,0.0
18561,1.0,0.05,0.00011592082151942669,8.812325681199027,0.007023337062102386,0.13871954411969972,0.0
18562,1.0,0.05,0.00011592082151942669,8.812325681199027,0.007023337062102386,0.13871954411969972,0.0
18563,1.0,0.05,0.00011592082151942669,8.812325681199027,0.007023337062102386,0.16682106402125693,0.0
18564,1.0,0.05,0.00011592082151942669,8.812325681199027,0.007023337062102386,0.16126247818605505,0.0
18565,1.0,0.05,0.00011592082151942669,8.812325681199027,0.007023337062102386,0.16126247818605505,0.0
18566,1.0,0.05,0.00011592082151942669,8.812325681199027,0.007714705227841599,0.16123701178917485,0.0
18567,1.0,0.05,0.00011592082151942669,8.812325681199027,0.007209221254325868,0.16123701178917485,0.0
18568,1.0,0.05,0.00011592082151942669,8.812325681199027,0.007510371814734659,0.16123701178917485,0.0
18569,1.0,0.05,0.00011592082151942669,8.812325681199027,0.007510371814734659,0.1908433603305756,0.0
18570,1.0,0.05,0.00011592082151942669,8.812325681199027,0.007510371814734659,0.1908433603305756,0.0
18571,1.0,0.05,0.00011499596111051212,8.812325681199027,0.007510371814734659,0.1908433603305756,0.0
18572,1.0,0.05,0.00011499596111051212,8.812325681199027,0.007510371814734659,0.1908433603305756,0.0
18573,1.0,0.05,0.00011499596111051212,8.812325681199027,0.007510371814734659,0.1908433603305756,0.0
18574,1.0,0.05,0.00011499596111051212,8.812325681199027,0.007510371814734659,0.1908433603305756,0.0
18575,1.0,0.05,0.00011802263752270077,6.149900686863319,0.007510371814734659,0.1908433603305756,0.0
18576,1.0,0.05,0.00011802263752270077,6.149900686863319,0.007733306825193727,0.20893280237142928,0.0
18577,1.0,0.05,0.00011802263752270077,6.149900686863319,0.007983400808099807,0.20893280237142928,0.0
18578,1.0,0.05,0.00011031060927633478,5.023598707186821,0.007459508928620576,0.20893280237142928,0.0
18579,1.0,0.05,0.00011031060927633478,12.337818127736114,0.007459508928620576,0.20893280237142928,0.0
18580,1.0,0.05,0.00011031060927633478,12.337818127736114,0.007459508928620576,0.20893280237142928,0.0
18581,1.0,0.05,0.00011031060927633478,12.337818127736114,0.007459508928620576,0.17432195045760074,0.0
18582,1.0,0.05,0.00011031060927633478,12.337818127736114,0.007459508928620576,0.17432195045760074,0.0
18583,1.0,0.05,0.00011836725997431767,12.337818127736114,0.007459508928620576,0.1646918040296473,0.0
18584,1.0,0.05,0.00010685746608265652,12.337818127736114,0.007459508928620576,0.1646918040296473,0.0
18585,1.0,0.05,0.00011703648390210291,11.598997516002356,0.007459508928620576,0.1646918040296473,0.0
18586,1.0,0.05,0.00011703648390210291,11.598997516002356,0.007459508928620576,0.1646918040296473,0.0
18587,1.0,0.05,0.00011703648390210291,12.154283207823482,0.007459508928620576,0.1646918040296473,0.0
18588,1.0,0.05,0.00011703648390210291,12.154283207823482,0.007459508928620576,0.14431737079521761,0.0
18589,1.0,0.05,0.00011703648390210291,12.154283207823482,0.007459508928620576,0.14431737079521761,0.0
18590,1.0,0.05,0.00011703648390210291,12.154283207823482,0.007459508928620576,0.14431737079521761,0.0
18591,1.0,0.05,0.00011703648390210291,12.154283207823482,0.007459508928620576,0.14431737079521761,0.0
18592,1.0,0.05,0.00011703648390210291,12.154283207823482,0.007459508928620576,0.14431737079521761,0.0
18593,1.0,0.05,0.00011703648390210291,12.154283207823482,0.007459508928620576,0.14431737079521761,0.0
18594,1.0,0.05,0.00011703648390210291,12.154283207823482,0.007459508928620576,0.14431737079521761,0.0
18595,1.0,0.05,0.00011703648390210291,9.777886575124015,0.006474180573962238,0.14431737079521761,0.0
18596,1.0,0.05,0.00011703648390210291,9.777886575124015,0.006474180573962238,0.1574682413777158,0.0
18597,1.0,0.05,0.00011703648390210291,9.777886575124015,0.008714204590402359,0.1574682413777158,0.0
18598,1.0,0.05,0.00011703648390210291,9.777886575124015,0.008422417475073076,0.1574682413777158,0.0
18599,1.0,0.05,0.00011149662534971917,9.777886575124015,0.008422417475073076,0.2152448126072159,0.0
18600,1.0,0.05,0.00011149662534971917,9.777886575124015,0.008422417475073076,0.2271981686174132,0.0
18601,1.0,0.05,0.00011149662534971917,9.777886575124015,0.008670817446897036,0.2271981686174132,0.0
18602,1.0,0.05,0.00011388835199204061,9.777886575124015,0.008601343549536582,0.2271981686174132,0.0
18603,1.0,0.05,0.00011388835199204061,9.777886575124015,0.008601343549536582,0.1364564157289364,0.0
18604,1.0,0.05,0.00011032119958153864,9.777886575124015,0.008601343549536582,0.1364564157289364,0.0
18605,1.0,0.05,0.00011032119958153864,9.777886575124015,0.008601343549536582,0.17610948194413156,0.0
18606,1.0,0.05,0.00011032119958153864,9.777886575124015,0.008601343549536582,0.17610948194413156,0.0
18607,1.0,0.05,0.00011032119958153864,9.777886575124015,0.008601343549536582,0.17610948194413156,0.0
18608,1.0,0.05,0.00010813549499132849,10.46386476194479,0.008601343549536582,0.21519502140492708,0.0
18609,1.0,0.05,0.00010813549499132849,10.46386476194479,0.008601343549536582,0.21519502140492708,0.0
18610,1.0,0.05,0.00010813549499132849,10.46386476194479,0.008601343549536582,0.21519502140492708,0.0
18611,1.0,0.05,0.00010813549499132849,10.46386476194479,0.008601343549536582,0.21519502140492708,0.0
18612,1.0,0.05,0.00010813549499132849,10.46386476194479,0.008601343549536582,0.21519502140492708,0.0
18613,1.0,0.05,0.00010813549499132849,10.46386476194479,0.008601343549536582,0.21519502140492708,0.0
18614,1.0,0.05,0.00010813549499132849,10.46386476194479,0.008387663439507805,0.21519502140492708,0.0
18615,1.0,0.05,0.00010946117938291128,10.46386476194479,0.008387663439507805,0.21519502140492708,0.0
18616,1.0,0.05,0.00010946117938291128,10.46386476194479,0.008387663439507805,0.21519502140492708,0.0
18617,1.0,0.05,0.00010946117938291128,10.46386476194479,0.008387663439507805,0.21519502140492708,0.0
18618,1.0,0.05,0.00010946117938291128,10.46386476194479,0.008387663439507805,0.21519502140492708,0.0
18619,1.0,0.05,0.00010946117938291128,10.46386476194479,0.008387663439507805,0.21519502140492708,0.0
18620,1.0,0.05,0.00010946117938291128,10.46386476194479,0.008387663439507805,0.21519502140492708,0.0
18621,1.0,0.05,0.00010946117938291128,10.46386476194479,0.007543454635947351,0.21519502140492708,0.0
18622,1.0,0.05,0.00010946117938291128,10.46386476194479,0.007543454635947351,0.21519502140492708,0.0
18623,1.0,0.05,0.00010946117938291128,10.46386476194479,0.007543454635947351,0.20081208574074177,0.0
18624,1.0,0.05,0.00011093984881852247,10.46386476194479,0.007543454635947351,0.20081208574074177,0.0
18625,1.0,0.05,0.00011093984881852247,12.270864591834723,0.007543454635947351,0.13558668957685416,0.0
18626,1.0,0.05,0.00011093984881852247,12.270864591834723,0.007543454635947351,0.13558668957685416,0.0
18627,1.0,0.05,0.00011093984881852247,12.270864591834723,0.007543454635947351,0.13558668957685416,0.0
18628,1.0,0.05,0.00011093984881852247,12.270864591834723,0.007543454635947351,0.13558668957685416,0.0
18629,1.0,0.05,0.00011093984881852247,12.270864591834723,0.007543454635947351,0.13558668957685416,0.0
18630,1.0,0.05,0.00011093984881852247,12.270864591834723,0.007543454635947351,0.13558668957685416,0.0
18631,1.0,0.05,0.00011093984881852247,12.270864591834723,0.007543454635947351,0.11542469290587251,0.0
18632,1.0,0.05,0.00011093984881852247,12.270864591834723,0.007543454635947351,0.11542469290587251,0.0
18633,1.0,0.05,0.00011093984881852247,12.270864591834723,0.007543454635947351,0.12328426117145536,0.0
18634,1.0,0.05,0.00011093984881852247,15.384365995964359,0.007543454635947351,0.12328426117145536,0.0
18635,1.0,0.05,0.0001217944001126549,15.384365995964359,0.007967782260864899,0.12328426117145536,0.0
18636,1.0,0.05,0.0001217944001126549,11.982236765226645,0.007967782260864899,0.12328426117145536,0.0
18637,1.0,0.05,0.0001217944001126549,11.982236765226645,0.007967782260864899,0.12328426117145536,0.0
18638,1.0,0.05,0.0001217944001126549,11.982236765226645,0.007967782260864899,0.1346651065302062,0.0
18639,1.0,0.05,0.0001217944001126549,11.982236765226645,0.007967782260864899,0.1346651065302062,0.0
18640,1.0,0.05,0.0001217944001126549,11.982236765226645,0.006329563658570598,0.1346651065302062,0.0
18641,1.0,0.05,0.0001217944001126549,11.982236765226645,0.006329563658570598,0.1346651065302062,0.0
18642,1.0,0.05,0.0001217944001126549,11.982236765226645,0.006329563658570598,0.1346651065302062,0.0
18643,1.0,0.05,0.0001217944001126549,11.982236765226645,0.006329563658570598,0.1183355349816323,0.0
18644,1.0,0.05,0.00012418944680759263,11.982236765226645,0.006736575039112537,0.1183355349816323,0.0
18645,1.0,0.05,0.0001252952398944629,11.982236765226645,0.006736575039112537,0.1183355349816323,0.0
18646,1.0,0.05,0.0001252952398944629,11.982236765226645,0.006736575039112537,0.1183355349816323,0.0
18647,1.0,0.05,0.0001252952398944629,11.982236765226645,0.006736575039112537,0.09949061494347426,0.0
18648,1.0,0.05,0.0001252952398944629,11.982236765226645,0.006736575039112537,0.09949061494347426,0.0
18649,1.0,0.05,0.0001252952398944629,11.982236765226645,0.006736575039112537,0.09949061494347426,0.0
18650,1.0,0.05,0.0001252952398944629,11.982236765226645,0.006736575039112537,0.0950867698167149,0.0
18651,1.0,0.05,0.00012326064733669177,11.982236765226645,0.006736575039112537,0.0950867698167149,0.0
18652,1.0,0.05,0.00012326064733669177,10.784996867057558,0.006736575039112537,0.14219490182889116,0.0
18653,1.0,0.05,0.00012326064733669177,5.341355820693508,0.006736575039112537,0.14219490182889116,0.0
18654,1.0,0.05,0.00012326064733669177,5.341355820693508,0.006736575039112537,0.14219490182889116,0.0
18655,1.0,0.05,0.00012326064733669177,5.341355820693508,0.006736575039112537,0.14219490182889116,0.0
18656,1.0,0.05,0.00012326064733669177,5.341355820693508,0.006736575039112537,0.14219490182889116,0.0
18657,1.0,0.05,0.00012326064733669177,5.341355820693508,0.006855552401937174,0.14219490182889116,0.0
18658,1.0,0.05,0.00012326064733669177,5.341355820693508,0.006855552401937174,0.14219490182889116,0.0
18659,1.0,0.05,0.00012326064733669177,5.341355820693508,0.006855552401937174,0.14219490182889116,0.0
18660,1.0,0.05,0.00012326064733669177,5.341355820693508,0.006855552401937174,0.18407661449344,0.0
18661,1.0,0.05,0.00012326064733669177,5.341355820693508,0.006855552401937174,0.18407661449344,0.0
18662,1.0,0.05,0.00012326064733669177,5.341355820693508,0.006855552401937174,0.18407661449344,0.0
18663,1.0,0.05,0.00012326064733669177,3.28209727095188,0.007202749530109455,0.18407661449344,0.0
18664,1.0,0.05,0.00012326064733669177,3.28209727095188,0.007202749530109455,0.18407661449344,0.0
18665,1.0,0.05,0.00012326064733669177,3.28209727095188,0.007202749530109455,0.18407661449344,0.0
18666,1.0,0.05,0.00012326064733669177,8.6177531540025,0.007202749530109455,0.160362747961509,0.0
18667,1.0,0.05,0.00012326064733669177,8.6177531540025,0.007202749530109455,0.160362747961509,0.0
18668,1.0,0.05,0.00012326064733669177,8.6177531540025,0.007202749530109455,0.160362747961509,0.0
18669,1.0,0.05,0.00012326064733669177,8.6177531540025,0.006758428980192931,0.11435034807195063,0.0
18670,1.0,0.05,0.00012326064733669177,8.6177531540025,0.006758428980192931,0.11435034807195063,0.0
18671,1.0,0.05,0.00012326064733669177,8.6177531540025,0.006758428980192931,0.11435034807195063,0.0
18672,1.0,0.05,0.00012326064733669177,8.6177531540025,0.006758428980192931,0.11435034807195063,0.0
18673,1.0,0.05,0.00012326064733669177,8.6177531540025,0.006758428980192931,0.11435034807195063,0.0
18674,1.0,0.05,0.00012326064733669177,8.6177531540025,0.006758428980192931,0.11435034807195063,0.0
18675,1.0,0.05,0.00012326064733669177,8.6177531540025,0.006758428980192931,0.11435034807195063,0.0
18676,1.0,0.05,0.00012326064733669177,8.6177531540025,0.006180511433579142,0.11435034807195063,0.0
18677,1.0,0.05,0.00012326064733669177,12.908605470879934,0.006180511433579142,0.11435034807195063,0.0
18678,1.0,0.05,0.00012326064733669177,12.908605470879934,0.006180511433579142,0.11435034807195063,0.0
18679,1.0,0.05,0.00012326064733669177,12.908605470879934,0.006180511433579142,0.11435034807195063,0.0
18680,1.0,0.05,0.00012326064733669177,12.908605470879934,0.006180511433579142,0.11435034807195063,0.0
18681,1.0,0.05,0.00012326064733669177,12.908605470879934,0.007301473709341669,0.11086086735801824,0.0
18682,1.0,0.05,0.00012326064733669177,10.125774602320362,0.007301473709341669,0.11086086735801824,0.0
18683,1.0,0.05,0.00012326064733669177,10.125774602320362,0.007301473709341669,0.11086086735801824,0.0
18684,1.0,0.05,0.00012326064733669177,10.125774602320362,0.007301473709341669,0.15208313480430896,0.0
18685,1.0,0.05,0.00012326064733669177,10.125774602320362,0.006917293521047151,0.15208313480430896,0.0
18686,1.0,0.05,0.00012326064733669177,10.125774602320362,0.006917293521047151,0.14440195894599062,0.0
18687,1.0,0.05,0.00012326064733669177,10.125774602320362,0.006917293521047151,0.14440195894599062,0.0
18688,1.0,0.05,0.00012326064733669177,10.125774602320362,0.006917293521047151,0.14440195894599062,0.0
18689,1.0,0.05,0.00012326064733669177,10.125774602320362,0.006917293521047151,0.14440195894599062,0.0
18690,1.0,0.05,0.00012326064733669177,10.125774602320362,0.006917293521047151,0.14440195894599062,0.0
18691,1.0,0.05,0.00012326064733669177,9.135200163407902,0.007157328798151165,0.14440195894599062,0.0
18692,1.0,0.05,0.00012326064733669177,9.135200163407902,0.007157328798151165,0.14440195894599062,0.0
18693,1.0,0.05,0.00012326064733669177,9.135200163407902,0.007157328798151165,0.14440195894599062,0.0
18694,1.0,0.05,0.00012326064733669177,9.135200163407902,0.007451307457533093,0.12269466070627018,0.0
18695,1.0,0.05,0.00012326064733669177,9.135200163407902,0.007011983502979259,0.12269466070627018,0.0
18696,1.0,0.05,0.00012326064733669177,9.135200163407902,0.007011983502979259,0.15231514537236032,0.0
18697,1.0,0.05,0.00012326064733669177,9.135200163407902,0.006692539669076101,0.15231514537236032,0.0
18698,1.0,0.05,0.00012326064733669177,7.588504225410901,0.006692539669076101,0.15231514537236032,0.0
18699,1.0,0.05,0.00011867653122074089,7.588504225410901,0.006692539669076101,0.15231514537236032,0.0
18700,1.0,0.05,0.00011867653122074089,7.588504225410901,0.0077169262846242094,0.15231514537236032,0.0
18701,1.0,0.05,0.00011867653122074089,7.588504225410901,0.0077169262846242094,0.15231514537236032,0.0
18702,1.0,0.05,0.00011867653122074089,7.588504225410901,0.0077169262846242094,0.15231514537236032,0.0
18703,1.0,0.05,0.00011853284222992572,7.588504225410901,0.007605709343294475,0.15231514537236032,0.0
18704,1.0,0.05,0.00011853284222992572,7.588504225410901,0.007605709343294475,0.15231514537236032,0.0
18705,1.0,0.05,0.00011943689654744628,7.588504225410901,0.007175653895712043,0.15231514537236032,0.0
18706,1.0,0.05,0.00011943689654744628,7.588504225410901,0.007175653895712043,0.15231514537236032,0.0
18707,1.0,0.05,0.00011943689654744628,7.588504225410901,0.007175653895712043,0.15231514537236032,0.0
18708,1.0,0.05,0.00011943689654744628,8.493639010720955,0.007175653895712043,0.15231514537236032,0.0
18709,1.0,0.05,0.00011943689654744628,8.493639010720955,0.007175653895712043,0.15231514537236032,0.0
18710,1.0,0.05,0.00011943689654744628,8.493639010720955,0.006815336253693648,0.15231514537236032,0.0
18711,1.0,0.05,0.00011943689654744628,8.493639010720955,0.007592899161620508,0.15231514537236032,0.0
18712,1.0,0.05,0.00011943689654744628,8.493639010720955,0.007224031991716627,0.15231514537236032,0.0
18713,1.0,0.05,0.00011943689654744628,8.493639010720955,0.007224031991716627,0.15231514537236032,0.0
18714,1.0,0.05,0.00011943689654744628,8.493639010720955,0.008413141950458081,0.15231514537236032,0.0
18715,1.0,0.05,0.00011943689654744628,8.493639010720955,0.0074971114114154415,0.15231514537236032,0.0
18716,1.0,0.05,0.00011943689654744628,8.493639010720955,0.00646276282839541,0.15231514537236032,0.0
18717,1.0,0.05,0.00011943689654744628,8.493639010720955,0.006976441233011923,0.15231514537236032,0.0
18718,1.0,0.05,0.00011943689654744628,8.493639010720955,0.006976441233011923,0.14860739811269144,0.0
18719,1.0,0.05,0.00011943689654744628,8.493639010720955,0.006976441233011923,0.14860739811269144,0.0
18720,1.0,0.05,0.00011943689654744628,8.493639010720955,0.006976441233011923,0.14251533152609464,0.0
18721,1.0,0.05,0.00011943689654744628,8.493639010720955,0.006976441233011923,0.14251533152609464,0.0
18722,1.0,0.05,0.00011943689654744628,8.493639010720955,0.006976441233011923,0.14251533152609464,0.0
18723,1.0,0.05,0.00011943689654744628,12.221903742113227,0.006976441233011923,0.14251533152609464,0.0
18724,1.0,0.05,0.00011943689654744628,12.221903742113227,0.007330984340460221,0.14251533152609464,0.0
18725,1.0,0.05,0.00011943689654744628,11.434258087411322,0.007330984340460221,0.14251533152609464,0.0
18726,1.0,0.05,0.00011943689654744628,11.434258087411322,0.007330984340460221,0.12170282923262202,0.0
18727,1.0,0.05,0.00011943689654744628,11.434258087411322,0.007330984340460221,0.1167275076919768,0.0
18728,1.0,0.05,0.00011943689654744628,10.776314630417062,0.007330984340460221,0.1167275076919768,0.0
18729,1.0,0.05,0.00011943689654744628,10.776314630417062,0.007330984340460221,0.1167275076919768,0.0
18730,1.0,0.05,0.00011943689654744628,10.776314630417062,0.007330984340460221,0.1167275076919768,0.0
18731,1.0,0.05,0.00011943689654744628,10.776314630417062,0.007330984340460221,0.1167275076919768,0.0
18732,1.0,0.05,0.00011943689654744628,10.776314630417062,0.007330984340460221,0.1167275076919768,0.0
18733,1.0,0.05,0.00012310250539359884,10.776314630417062,0.007330984340460221,0.1167275076919768,0.0
18734,1.0,0.05,0.0001202655236753599,10.776314630417062,0.007330984340460221,0.13691647491907574,0.0
18735,1.0,0.05,0.0001202655236753599,10.776314630417062,0.007330984340460221,0.13691647491907574,0.0
18736,1.0,0.05,0.0001202655236753599,5.801398765263059,0.007330984340460221,0.13691647491907574,0.0
18737,1.0,0.05,0.00012788528363159466,5.801398765263059,0.006681789772327174,0.13691647491907574,0.0
18738,1.0,0.05,0.00012788528363159466,5.801398765263059,0.006681789772327174,0.13691647491907574,0.0
18739,1.0,0.05,0.00012835586923700502,5.801398765263059,0.0063844572194134905,0.13691647491907574,0.0
18740,1.0,0.05,0.00012835586923700502,5.801398765263059,0.00616952335726415,0.13691647491907574,0.0
18741,1.0,0.05,0.00012835586923700502,5.801398765263059,0.00616952335726415,0.13691647491907574,0.0
18742,1.0,0.05,0.00012835586923700502,5.801398765263059,0.006523027899901389,0.13691647491907574,0.0
18743,1.0,0.05,0.00012835586923700502,5.801398765263059,0.006523027899901389,0.13691647491907574,0.0
18744,1.0,0.05,0.00012835586923700502,5.801398765263059,0.006523027899901389,0.13691647491907574,0.0
18745,1.0,0.05,0.00012835586923700502,5.856704658132259,0.006662049467971075,0.13691647491907574,0.0
18746,1.0,0.05,0.00012835586923700502,5.856704658132259,0.006662049467971075,0.13691647491907574,0.0
18747,1.0,0.05,0.00012835586923700502,5.856704658132259,0.006662049467971075,0.16348914813194546,0.0
18748,1.0,0.05,0.00012835586923700502,5.856704658132259,0.006662049467971075,0.16348914813194546,0.0
18749,1.0,0.05,0.00012835586923700502,5.856704658132259,0.006661163323963524,0.16348914813194546,0.0
18750,1.0,0.05,0.00012835586923700502,5.856704658132259,0.006661163323963524,0.16348914813194546,0.0
18751,1.0,0.05,0.00012835586923700502,5.856704658132259,0.006661163323963524,0.16348914813194546,0.0
18752,1.0,0.05,0.00012835586923700502,5.856704658132259,0.006661163323963524,0.16348914813194546,0.0
18753,1.0,0.05,0.00011589087624394512,5.856704658132259,0.006661163323963524,0.16348914813194546,0.0
18754,1.0,0.05,0.00012397207324600477,5.856704658132259,0.006661163323963524,0.16348914813194546,0.0
18755,1.0,0.05,0.00012397207324600477,5.856704658132259,0.006661163323963524,0.16348914813194546,0.0
18756,1.0,0.05,0.00012397207324600477,5.856704658132259,0.006661163323963524,0.16348914813194546,0.0
18757,1.0,0.05,0.00012397207324600477,6.836666788202649,0.006661163323963524,0.16348914813194546,0.0
18758,1.0,0.05,0.00012397207324600477,6.484337141244751,0.00683845103131761,0.16348914813194546,0.0
18759,1.0,0.05,0.00012397207324600477,6.484337141244751,0.00683845103131761,0.16348914813194546,0.0
18760,1.0,0.05,0.00012397207324600477,6.484337141244751,0.00683845103131761,0.16348914813194546,0.0
18761,1.0,0.05,0.00012397207324600477,6.484337141244751,0.00683845103131761,0.16348914813194546,0.0
18762,1.0,0.05,0.00012397207324600477,6.484337141244751,0.00683845103131761,0.16348914813194546,0.0
18763,1.0,0.05,0.00012397207324600477,6.484337141244751,0.00683845103131761,0.16348914813194546,0.0
18764,1.0,0.05,0.00012397207324600477,6.484337141244751,0.00683845103131761,0.16348914813194546,0.0
18765,1.0,0.05,0.00012397207324600477,6.484337141244751,0.00683845103131761,0.16348914813194546,0.0
18766,1.0,0.05,0.00012397207324600477,6.484337141244751,0.00683845103131761,0.16245027455868633,0.0
18767,1.0,0.05,0.00012397207324600477,6.484337141244751,0.00683845103131761,0.16245027455868633,0.0
18768,1.0,0.05,0.00012120772962719434,6.484337141244751,0.00683845103131761,0.16245027455868633,0.0
18769,1.0,0.05,0.00012120772962719434,10.52932286719765,0.00683845103131761,0.16245027455868633,0.0
18770,1.0,0.05,0.00011947701773883741,10.52932286719765,0.00683845103131761,0.16245027455868633,0.0
18771,1.0,0.05,0.00011947701773883741,10.52932286719765,0.00683845103131761,0.16245027455868633,0.0
18772,1.0,0.05,0.00011947701773883741,10.52932286719765,0.00683845103131761,0.11870049621243733,0.0
18773,1.0,0.05,0.00011947701773883741,10.52932286719765,0.00683845103131761,0.13589488433995225,0.0
18774,1.0,0.05,0.00011947701773883741,10.52932286719765,0.00683845103131761,0.13589488433995225,0.0
18775,1.0,0.05,0.00011947701773883741,10.52932286719765,0.00683845103131761,0.13589488433995225,0.0
18776,1.0,0.05,0.00011947701773883741,11.146150109272114,0.00683845103131761,0.13589488433995225,0.0
18777,1.0,0.05,0.00011947701773883741,7.671429377618793,0.00683845103131761,0.13589488433995225,0.0
18778,1.0,0.05,0.00011947701773883741,7.671429377618793,0.006302596811610884,0.13589488433995225,0.0
18779,1.0,0.05,0.00011947701773883741,7.671429377618793,0.0074644680586662985,0.13589488433995225,0.0
18780,1.0,0.05,0.00011947701773883741,7.671429377618793,0.006174168076908393,0.13589488433995225,0.0
18781,1.0,0.05,0.00011947701773883741,7.671429377618793,0.006174168076908393,0.13589488433995225,0.0
18782,1.0,0.05,0.00012772877753577786,7.671429377618793,0.006174168076908393,0.13589488433995225,0.0
18783,1.0,0.05,0.00012772877753577786,7.671429377618793,0.006174168076908393,0.1435253084067722,0.0
18784,1.0,0.05,0.00012772877753577786,7.671429377618793,0.006174168076908393,0.1435253084067722,0.0
18785,1.0,0.05,0.00012772877753577786,7.671429377618793,0.006174168076908393,0.1435253084067722,0.0
18786,1.0,0.05,0.00012772877753577786,7.671429377618793,0.006174168076908393,0.1435253084067722,0.0
18787,1.0,0.05,0.00012772877753577786,9.927557291175333,0.007117061595037969,0.1435253084067722,0.0
18788,1.0,0.05,0.00012772877753577786,9.927557291175333,0.007117061595037969,0.1435253084067722,0.0
18789,1.0,0.05,0.00012772877753577786,5.392306552114363,0.005962934037543409,0.1250896846816732,0.0
18790,1.0,0.05,0.00012772877753577786,5.392306552114363,0.005962934037543409,0.1250896846816732,0.0
18791,1.0,0.05,0.00012772877753577786,5.392306552114363,0.0056670170280212605,0.1250896846816732,0.0
18792,1.0,0.05,0.00012772877753577786,5.392306552114363,0.0056670170280212605,0.1250896846816732,0.0
18793,1.0,0.05,0.00012772877753577786,5.392306552114363,0.0056670170280212605,0.1258589338884971,0.0
18794,1.0,0.05,0.00012772877753577786,5.392306552114363,0.006421019987229567,0.13125749719226584,0.0
18795,1.0,0.05,0.00012772877753577786,5.392306552114363,0.007198572332422926,0.13125749719226584,0.0
18796,1.0,0.05,0.00012772877753577786,5.392306552114363,0.007198572332422926,0.13125749719226584,0.0
18797,1.0,0.05,0.00012772877753577786,5.392306552114363,0.007198572332422926,0.16049813606704166,0.0
18798,1.0,0.05,0.00012772877753577786,5.392306552114363,0.007198572332422926,0.16049813606704166,0.0
18799,1.0,0.05,0.00012772877753577786,5.392306552114363,0.007198572332422926,0.16049813606704166,0.0
18800,1.0,0.05,0.00012772877753577786,5.392306552114363,0.007198572332422926,0.16049813606704166,0.0
18801,1.0,0.05,0.00012772877753577786,5.392306552114363,0.007198572332422926,0.16049813606704166,0.0
18802,1.0,0.05,0.00012772877753577786,5.392306552114363,0.007198572332422926,0.16049813606704166,0.0
18803,1.0,0.05,0.00012772877753577786,5.392306552114363,0.007198572332422926,0.16049813606704166,0.0
18804,1.0,0.05,0.00012772877753577786,5.392306552114363,0.007198572332422926,0.16049813606704166,0.0
18805,1.0,0.05,0.00012772877753577786,5.392306552114363,0.007198572332422926,0.16049813606704166,0.0
18806,1.0,0.05,0.00012772877753577786,5.392306552114363,0.007198572332422926,0.16049813606704166,0.0
18807,1.0,0.05,0.00012673605830053103,5.392306552114363,0.007198572332422926,0.16049813606704166,0.0
18808,1.0,0.05,0.00012673605830053103,5.392306552114363,0.007198572332422926,0.16049813606704166,0.0
18809,1.0,0.05,0.00011520979828285222,5.392306552114363,0.007198572332422926,0.16049813606704166,0.0
18810,1.0,0.05,0.00011544613186081759,5.392306552114363,0.007198572332422926,0.16049813606704166,0.0
18811,1.0,0.05,0.00011544613186081759,5.392306552114363,0.007231122475218955,0.18747956270869626,0.0
18812,1.0,0.05,0.00011544613186081759,5.392306552114363,0.007231122475218955,0.18747956270869626,0.0
18813,1.0,0.05,0.00011544613186081759,5.392306552114363,0.007231122475218955,0.18747956270869626,0.0
18814,1.0,0.05,0.00011332188970840784,5.392306552114363,0.007231122475218955,0.18747956270869626,0.0
18815,1.0,0.05,0.00011332188970840784,5.392306552114363,0.007023558180639696,0.18747956270869626,0.0
18816,1.0,0.05,0.00011332188970840784,5.392306552114363,0.007023558180639696,0.18333565474580135,0.0
18817,1.0,0.05,0.00011332188970840784,5.392306552114363,0.007023558180639696,0.18333565474580135,0.0
18818,1.0,0.05,0.00011332188970840784,5.392306552114363,0.008249458266177604,0.18333565474580135,0.0
18819,1.0,0.05,0.00011332188970840784,8.123839571849942,0.008249458266177604,0.18333565474580135,0.0
18820,1.0,0.05,0.00011332188970840784,8.123839571849942,0.007210433444803029,0.18333565474580135,0.0
18821,1.0,0.05,0.00011332188970840784,8.862814884202308,0.007210433444803029,0.18333565474580135,0.0
18822,1.0,0.05,0.00011332188970840784,8.862814884202308,0.007210433444803029,0.18333565474580135,0.0
18823,1.0,0.05,0.00011332188970840784,8.862814884202308,0.007378814687631197,0.18333565474580135,0.0
18824,1.0,0.05,0.00011332188970840784,8.862814884202308,0.007378814687631197,0.18597999304416069,0.0
18825,1.0,0.05,0.00011332188970840784,8.862814884202308,0.007378814687631197,0.18597999304416069,0.0
18826,1.0,0.05,0.00011332188970840784,8.862814884202308,0.007378814687631197,0.18597999304416069,0.0
18827,1.0,0.05,0.00011332188970840784,8.862814884202308,0.007331510890235348,0.18597999304416069,0.0
18828,1.0,0.05,0.00011332188970840784,8.862814884202308,0.007331510890235348,0.18597999304416069,0.0
18829,1.0,0.05,0.00011332188970840784,8.862814884202308,0.007331510890235348,0.18597999304416069,0.0
18830,1.0,0.05,0.00011332188970840784,8.862814884202308,0.007331510890235348,0.18597999304416069,0.0
18831,1.0,0.05,0.00011332188970840784,8.256642985087964,0.007331510890235348,0.18597999304416069,0.0
18832,1.0,0.05,0.00011332188970840784,8.256642985087964,0.007331510890235348,0.18597999304416069,0.0
18833,1.0,0.05,0.00011332188970840784,8.256642985087964,0.007331510890235348,0.167293968303379,0.0
18834,1.0,0.05,0.00011332188970840784,8.256642985087964,0.007331510890235348,0.15675860824495425,0.0
18835,1.0,0.05,0.00011332188970840784,12.662617004515852,0.007331510890235348,0.15675860824495425,0.0
18836,1.0,0.05,0.00011332188970840784,12.662617004515852,0.007331510890235348,0.14150583055172575,0.0
18837,1.0,0.05,0.00011718220082189781,12.713361739249578,0.007331510890235348,0.14150583055172575,0.0
18838,1.0,0.05,0.00011718220082189781,12.713361739249578,0.007331510890235348,0.14150583055172575,0.0
18839,1.0,0.05,0.00011718220082189781,12.713361739249578,0.007331510890235348,0.14150583055172575,0.0
18840,1.0,0.05,0.00011718220082189781,12.713361739249578,0.007331510890235348,0.14150583055172575,0.0
18841,1.0,0.05,0.00011718220082189781,12.713361739249578,0.007331510890235348,0.1096531588881925,0.0
18842,1.0,0.05,0.00011718220082189781,12.713361739249578,0.007331510890235348,0.1474128662696565,0.0
18843,1.0,0.05,0.00011718220082189781,12.713361739249578,0.007331510890235348,0.1474128662696565,0.0
18844,1.0,0.05,0.00011718220082189781,12.713361739249578,0.007331510890235348,0.1474128662696565,0.0
18845,1.0,0.05,0.00011718220082189781,13.583931310563486,0.007331510890235348,0.14864429239137783,0.0
18846,1.0,0.05,0.00011718220082189781,13.583931310563486,0.007331510890235348,0.14864429239137783,0.0
18847,1.0,0.05,0.00011718220082189781,13.583931310563486,0.007331510890235348,0.14864429239137783,0.0
18848,1.0,0.05,0.00011718220082189781,13.583931310563486,0.007331510890235348,0.14864429239137783,0.0
18849,1.0,0.05,0.00011718220082189781,13.583931310563486,0.008037817305756163,0.14864429239137783,0.0
18850,1.0,0.05,0.00011718220082189781,13.583931310563486,0.006993063833817295,0.14864429239137783,0.0
18851,1.0,0.05,0.00011718220082189781,13.583931310563486,0.006993063833817295,0.14864429239137783,0.0
18852,1.0,0.05,0.00011718220082189781,9.784868264511289,0.006993063833817295,0.12251719915659559,0.0
18853,1.0,0.05,0.00011718220082189781,9.784868264511289,0.006993063833817295,0.12251719915659559,0.0
18854,1.0,0.05,0.00011718220082189781,9.784868264511289,0.006993063833817295,0.11843120272339858,0.0
18855,1.0,0.05,0.00011718220082189781,9.784868264511289,0.00671642308267947,0.11843120272339858,0.0
18856,1.0,0.05,0.00011718220082189781,9.784868264511289,0.00671642308267947,0.11843120272339858,0.0
18857,1.0,0.05,0.00011718220082189781,9.784868264511289,0.00671642308267947,0.16348164915138827,0.0
18858,1.0,0.05,0.00011718220082189781,9.784868264511289,0.00671642308267947,0.16348164915138827,0.0
18859,1.0,0.05,0.00011718220082189781,9.784868264511289,0.007803870936542985,0.16348164915138827,0.0
18860,1.0,0.05,0.00011718220082189781,9.784868264511289,0.007803870936542985,0.16348164915138827,0.0
18861,1.0,0.05,0.00011718220082189781,10.56218451039311,0.007803870936542985,0.14833618979483978,0.0
18862,1.0,0.05,0.00011718220082189781,10.56218451039311,0.007803870936542985,0.14833618979483978,0.0
18863,1.0,0.05,0.00011718220082189781,10.56218451039311,0.007803870936542985,0.19084436536863197,0.0
18864,1.0,0.05,0.00011718220082189781,10.56218451039311,0.007803870936542985,0.19084436536863197,0.0
18865,1.0,0.05,0.00011718220082189781,10.56218451039311,0.008214044240224132,0.19084436536863197,0.0
18866,1.0,0.05,0.00011718220082189781,10.604173018928904,0.008214044240224132,0.12373549348360194,0.0
18867,1.0,0.05,0.00011718220082189781,10.604173018928904,0.007244369466828083,0.12373549348360194,0.0
18868,1.0,0.05,0.00011718220082189781,10.604173018928904,0.007244369466828083,0.1277502049518698,0.0
18869,1.0,0.05,0.00011718220082189781,10.604173018928904,0.007244369466828083,0.1277502049518698,0.0
18870,1.0,0.05,0.00011718220082189781,10.604173018928904,0.007244369466828083,0.1277502049518698,0.0
18871,1.0,0.05,0.00011718220082189781,10.604173018928904,0.007244369466828083,0.1277502049518698,0.0
18872,1.0,0.05,0.00011044347719308172,10.604173018928904,0.007244369466828083,0.1277502049518698,0.0
18873,1.0,0.05,0.00011044347719308172,10.604173018928904,0.007244369466828083,0.1277502049518698,0.0
18874,1.0,0.05,0.00011044347719308172,10.604173018928904,0.007244369466828083,0.1277502049518698,0.0
18875,1.0,0.05,0.00011044347719308172,10.604173018928904,0.007244369466828083,0.1277502049518698,0.0
18876,1.0,0.05,0.00011044347719308172,10.604173018928904,0.007244369466828083,0.1277502049518698,0.0
18877,1.0,0.05,0.00011044347719308172,10.604173018928904,0.007550271842062209,0.1516506142968255,0.0
18878,1.0,0.05,0.00011044347719308172,10.604173018928904,0.007550271842062209,0.1516506142968255,0.0
18879,1.0,0.05,0.00011044347719308172,10.604173018928904,0.007550271842062209,0.1516506142968255,0.0
18880,1.0,0.05,0.00011044347719308172,10.604173018928904,0.007550271842062209,0.1516506142968255,0.0
18881,1.0,0.05,0.00011044347719308172,10.604173018928904,0.007550271842062209,0.1619652439883661,0.0
18882,1.0,0.05,0.00011044347719308172,10.604173018928904,0.00767321854457458,0.1619652439883661,0.0
18883,1.0,0.05,0.00011044347719308172,13.264298470478877,0.00767321854457458,0.1619652439883661,0.0
18884,1.0,0.05,0.00011044347719308172,13.264298470478877,0.00767321854457458,0.1619652439883661,0.0
18885,1.0,0.05,0.00011044347719308172,13.264298470478877,0.00767321854457458,0.1619652439883661,0.0
18886,1.0,0.05,0.00011044347719308172,13.264298470478877,0.00767321854457458,0.1619652439883661,0.0
18887,1.0,0.05,0.00011044347719308172,13.264298470478877,0.00767321854457458,0.1619652439883661,0.0
18888,1.0,0.05,0.00011044347719308172,13.264298470478877,0.00767321854457458,0.1619652439883661,0.0
18889,1.0,0.05,0.00011426857271204678,13.264298470478877,0.00767321854457458,0.1619652439883661,0.0
18890,1.0,0.05,0.00011426857271204678,13.264298470478877,0.00767321854457458,0.1619652439883661,0.0
18891,1.0,0.05,0.00011426857271204678,13.264298470478877,0.007453109509756054,0.1619652439883661,0.0
18892,1.0,0.05,0.00011426857271204678,13.264298470478877,0.007453109509756054,0.1619652439883661,0.0
18893,1.0,0.05,0.00011426857271204678,13.264298470478877,0.007949435640678426,0.1619652439883661,0.0
18894,1.0,0.05,0.00011463010648619499,13.264298470478877,0.007949435640678426,0.1619652439883661,0.0
18895,1.0,0.05,0.00011463010648619499,13.264298470478877,0.007949435640678426,0.1619652439883661,0.0
18896,1.0,0.05,0.00011463010648619499,13.264298470478877,0.007949435640678426,0.1619652439883661,0.0
18897,1.0,0.05,0.00011463010648619499,13.264298470478877,0.0075766931087015085,0.1619652439883661,0.0
18898,1.0,0.05,0.00011463010648619499,6.144235274843936,0.0075766931087015085,0.1619652439883661,0.0
18899,1.0,0.05,0.00011463010648619499,6.144235274843936,0.0075766931087015085,0.1619652439883661,0.0
18900,1.0,0.05,0.00011463010648619499,6.144235274843936,0.0075766931087015085,0.1619652439883661,0.0
18901,1.0,0.05,0.00011463010648619499,6.144235274843936,0.0075766931087015085,0.1619652439883661,0.0
18902,1.0,0.05,0.00011463010648619499,6.144235274843936,0.0075766931087015085,0.1619652439883661,0.0
18903,1.0,0.05,0.00011546932724019096,6.144235274843936,0.0075766931087015085,0.1619652439883661,0.0
18904,1.0,0.05,0.00011546932724019096,6.144235274843936,0.0072613479499014,0.1619652439883661,0.0
18905,1.0,0.05,0.00011546932724019096,6.144235274843936,0.0072613479499014,0.1619652439883661,0.0
18906,1.0,0.05,0.00011546932724019096,6.144235274843936,0.0072613479499014,0.16472130205226101,0.0
18907,1.0,0.05,0.00011546932724019096,6.144235274843936,0.0072613479499014,0.16472130205226101,0.0
18908,1.0,0.05,0.00011546932724019096,6.144235274843936,0.007766961420169706,0.16472130205226101,0.0
18909,1.0,0.05,0.00011546932724019096,6.144235274843936,0.007766961420169706,0.17179372498917067,0.0
18910,1.0,0.05,0.00011546932724019096,9.89707076924762,0.007766961420169706,0.17179372498917067,0.0
18911,1.0,0.05,0.00011546932724019096,9.89707076924762,0.007766961420169706,0.17179372498917067,0.0
18912,1.0,0.05,0.00011546932724019096,9.89707076924762,0.007095270095768353,0.17179372498917067,0.0
18913,1.0,0.05,0.00011546932724019096,9.89707076924762,0.007095270095768353,0.17179372498917067,0.0
18914,1.0,0.05,0.00011546932724019096,9.89707076924762,0.007095270095768353,0.17179372498917067,0.0
18915,1.0,0.05,0.00011546932724019096,9.89707076924762,0.007095270095768353,0.17179372498917067,0.0
18916,1.0,0.05,0.00011546932724019096,9.89707076924762,0.007095270095768353,0.15395103306116514,0.0
18917,1.0,0.05,0.00011546932724019096,10.054358601889362,0.007095270095768353,0.15395103306116514,0.0
18918,1.0,0.05,0.00011546932724019096,10.054358601889362,0.007095270095768353,0.15395103306116514,0.0
18919,1.0,0.05,0.00011546932724019096,10.054358601889362,0.007095270095768353,0.15395103306116514,0.0
18920,1.0,0.05,0.00011546932724019096,10.054358601889362,0.007095270095768353,0.15395103306116514,0.0
18921,1.0,0.05,0.00011546932724019096,10.054358601889362,0.007095270095768353,0.15395103306116514,0.0
18922,1.0,0.05,0.00011546932724019096,10.054358601889362,0.007095270095768353,0.15395103306116514,0.0
18923,1.0,0.05,0.00011546932724019096,10.054358601889362,0.007095270095768353,0.15395103306116514,0.0
18924,1.0,0.05,0.00012026010041346916,10.054358601889362,0.007095270095768353,0.15395103306116514,0.0
18925,1.0,0.05,0.00012026010041346916,10.054358601889362,0.007095270095768353,0.15395103306116514,0.0
18926,1.0,0.05,0.00012026010041346916,10.054358601889362,0.007095270095768353,0.15395103306116514,0.0
18927,1.0,0.05,0.00012026010041346916,10.054358601889362,0.007095270095768353,0.15395103306116514,0.0
18928,1.0,0.05,0.00012026010041346916,10.054358601889362,0.007095270095768353,0.15395103306116514,0.0
18929,1.0,0.05,0.00011475390640296054,10.054358601889362,0.007095270095768353,0.1393281920353664,0.0
18930,1.0,0.05,0.00011475390640296054,10.054358601889362,0.007095270095768353,0.1393281920353664,0.0
18931,1.0,0.05,0.00011475390640296054,10.054358601889362,0.007494163646616152,0.1393281920353664,0.0
18932,1.0,0.05,0.00011475390640296054,10.054358601889362,0.007494163646616152,0.1393281920353664,0.0
18933,1.0,0.05,0.00011475390640296054,10.054358601889362,0.007494163646616152,0.1393281920353664,0.0
18934,1.0,0.05,0.00011475390640296054,10.054358601889362,0.007494163646616152,0.15722728958138288,0.0
18935,1.0,0.05,0.00011475390640296054,10.054358601889362,0.007494163646616152,0.15722728958138288,0.0
18936,1.0,0.05,0.00011475390640296054,10.054358601889362,0.007494163646616152,0.15722728958138288,0.0
18937,1.0,0.05,0.00011475390640296054,10.054358601889362,0.007494163646616152,0.15722728958138288,0.0
18938,1.0,0.05,0.00011475390640296054,10.054358601889362,0.007494163646616152,0.15722728958138288,0.0
18939,1.0,0.05,0.00011475390640296054,10.054358601889362,0.007494163646616152,0.13146385371086425,0.0
18940,1.0,0.05,0.00011475390640296054,10.054358601889362,0.007494163646616152,0.13146385371086425,0.0
18941,1.0,0.05,0.00011475390640296054,10.054358601889362,0.007494163646616152,0.13146385371086425,0.0
18942,1.0,0.05,0.00011831797035755777,11.476161685701797,0.007494163646616152,0.13146385371086425,0.0
18943,1.0,0.05,0.00011831797035755777,11.476161685701797,0.007220150875474278,0.13146385371086425,0.0
18944,1.0,0.05,0.00011831797035755777,11.476161685701797,0.007220150875474278,0.13146385371086425,0.0
18945,1.0,0.05,0.00011831797035755777,11.476161685701797,0.007220150875474278,0.13146385371086425,0.0
18946,1.0,0.05,0.00011831797035755777,11.476161685701797,0.007220150875474278,0.13146385371086425,0.0
18947,1.0,0.05,0.00011831797035755777,11.476161685701797,0.007220150875474278,0.13146385371086425,0.0
18948,1.0,0.05,0.00011831797035755777,11.476161685701797,0.007220150875474278,0.13146385371086425,0.0
18949,1.0,0.05,0.00011831797035755777,12.049742764882694,0.007220150875474278,0.1503762913817978,0.0
18950,1.0,0.05,0.00011831797035755777,12.049742764882694,0.007220150875474278,0.11245976210842598,0.0
18951,1.0,0.05,0.00011831797035755777,12.049742764882694,0.007220150875474278,0.11245976210842598,0.0
18952,1.0,0.05,0.00011831797035755777,12.049742764882694,0.007220150875474278,0.11245976210842598,0.0
18953,1.0,0.05,0.00011831797035755777,12.049742764882694,0.007018352949301746,0.11245976210842598,0.0
18954,1.0,0.05,0.00011831797035755777,12.049742764882694,0.007018352949301746,0.11245976210842598,0.0
18955,1.0,0.05,0.00011831797035755777,12.049742764882694,0.007018352949301746,0.11245976210842598,0.0
18956,1.0,0.05,0.00011831797035755777,12.049742764882694,0.007018352949301746,0.11245976210842598,0.0
18957,1.0,0.05,0.00011831797035755777,12.049742764882694,0.007018352949301746,0.11773580168946093,0.0
18958,1.0,0.05,0.00011831797035755777,12.049742764882694,0.007018352949301746,0.11773580168946093,0.0
18959,1.0,0.05,0.00011831797035755777,12.049742764882694,0.007018352949301746,0.11773580168946093,0.0
18960,1.0,0.05,0.00011831797035755777,12.049742764882694,0.007018352949301746,0.11773580168946093,0.0
18961,1.0,0.05,0.00011831797035755777,12.049742764882694,0.007018352949301746,0.11773580168946093,0.0
18962,1.0,0.05,0.00011831797035755777,12.049742764882694,0.007018352949301746,0.11773580168946093,0.0
18963,1.0,0.05,0.00011831797035755777,13.852942335333495,0.007018352949301746,0.11773580168946093,0.0
18964,1.0,0.05,0.00011831797035755777,13.852942335333495,0.007018352949301746,0.11773580168946093,0.0
18965,1.0,0.05,0.00011831797035755777,13.852942335333495,0.007018352949301746,0.11773580168946093,0.0
18966,1.0,0.05,0.00011831797035755777,13.852942335333495,0.007018352949301746,0.11773580168946093,0.0
18967,1.0,0.05,0.00012178619218250682,13.852942335333495,0.007018352949301746,0.12189369498317176,0.0
18968,1.0,0.05,0.00012178619218250682,13.852942335333495,0.007018352949301746,0.12189369498317176,0.0
18969,1.0,0.05,0.00012178619218250682,13.852942335333495,0.007018352949301746,0.12189369498317176,0.0
18970,1.0,0.05,0.00012178619218250682,13.852942335333495,0.007018352949301746,0.12189369498317176,0.0
18971,1.0,0.05,0.0001208284890403809,12.909900553670823,0.007018352949301746,0.12189369498317176,0.0
18972,1.0,0.05,0.0001208284890403809,12.909900553670823,0.0072082876408692854,0.12189369498317176,0.0
18973,1.0,0.05,0.0001208284890403809,12.909900553670823,0.0072082876408692854,0.09712794280099266,0.0
18974,1.0,0.05,0.0001208284890403809,11.939470224988398,0.0072082876408692854,0.09712794280099266,0.0
18975,1.0,0.05,0.0001208284890403809,11.939470224988398,0.0072082876408692854,0.09712794280099266,0.0
18976,1.0,0.05,0.0001208284890403809,11.934022697516383,0.0072082876408692854,0.09712794280099266,0.0
18977,1.0,0.05,0.0001208284890403809,11.934022697516383,0.0072082876408692854,0.09712794280099266,0.0
18978,1.0,0.05,0.00011858722396898459,12.845369616316077,0.0072082876408692854,0.09712794280099266,0.0
18979,1.0,0.05,0.00011858722396898459,12.845369616316077,0.0072082876408692854,0.09712794280099266,0.0
18980,1.0,0.05,0.00011858722396898459,12.845369616316077,0.0072082876408692854,0.09712794280099266,0.0
18981,1.0,0.05,0.0001247681105473377,12.845369616316077,0.0072082876408692854,0.09712794280099266,0.0
18982,1.0,0.05,0.0001247681105473377,12.845369616316077,0.0072082876408692854,0.09712794280099266,0.0
18983,1.0,0.05,0.0001247681105473377,12.845369616316077,0.00709667436900896,0.09712794280099266,0.0
18984,1.0,0.05,0.0001247681105473377,12.845369616316077,0.00709667436900896,0.09712794280099266,0.0
18985,1.0,0.05,0.00012539929958888777,12.845369616316077,0.00709667436900896,0.09712794280099266,0.0
18986,1.0,0.05,0.00012756338856484797,12.845369616316077,0.0062314232601897125,0.09712794280099266,0.0
18987,1.0,0.05,0.00012756338856484797,12.845369616316077,0.0062314232601897125,0.08993560422821531,0.0
18988,1.0,0.05,0.00012756338856484797,12.845369616316077,0.0062314232601897125,0.08993560422821531,0.0
18989,1.0,0.05,0.00012756338856484797,12.845369616316077,0.0062314232601897125,0.09078736545136376,0.0
18990,1.0,0.05,0.00012756338856484797,12.845369616316077,0.0062314232601897125,0.11386112052027605,0.0
18991,1.0,0.05,0.00012756338856484797,12.845369616316077,0.0062314232601897125,0.11386112052027605,0.0
18992,1.0,0.05,0.00012756338856484797,12.845369616316077,0.0062314232601897125,0.11386112052027605,0.0
18993,1.0,0.05,0.00012756338856484797,12.845369616316077,0.0062314232601897125,0.11386112052027605,0.0
18994,1.0,0.05,0.00012756338856484797,12.845369616316077,0.0062314232601897125,0.11386112052027605,0.0
18995,1.0,0.05,0.00012756338856484797,12.845369616316077,0.007555877510599102,0.11386112052027605,0.0
18996,1.0,0.05,0.00011821449682049382,12.845369616316077,0.007555877510599102,0.11386112052027605,0.0
18997,1.0,0.05,0.00011821449682049382,12.845369616316077,0.007555877510599102,0.11386112052027605,0.0
18998,1.0,0.05,0.00011741833060551895,12.845369616316077,0.007276040993325672,0.11386112052027605,0.0
18999,1.0,0.05,0.00011741833060551895,14.561214311520516,0.006811675921621338,0.11386112052027605,0.0
19000,1.0,0.05,0.00011741833060551895,14.561214311520516,0.006811675921621338,0.11386112052027605,0.0
19001,1.0,0.05,0.00011741833060551895,14.561214311520516,0.006811675921621338,0.11386112052027605,0.0
19002,1.0,0.05,0.00011741833060551895,14.561214311520516,0.006811675921621338,0.11386112052027605,0.0
19003,1.0,0.05,0.00011741833060551895,14.561214311520516,0.006811675921621338,0.11386112052027605,0.0
19004,1.0,0.05,0.00011741833060551895,15.011708321708838,0.006811675921621338,0.11386112052027605,0.0
19005,1.0,0.05,0.00011741833060551895,15.011708321708838,0.006811675921621338,0.11386112052027605,0.0
19006,1.0,0.05,0.00011741833060551895,15.011708321708838,0.007677139896501778,0.11386112052027605,0.0
19007,1.0,0.05,0.00011741833060551895,15.011708321708838,0.007677139896501778,0.11386112052027605,0.0
19008,1.0,0.05,0.00011741833060551895,15.011708321708838,0.007677139896501778,0.11386112052027605,0.0
19009,1.0,0.05,0.00011741833060551895,15.011708321708838,0.007677139896501778,0.11386112052027605,0.0
19010,1.0,0.05,0.00011692400334884921,15.011708321708838,0.007677139896501778,0.11386112052027605,0.0
19011,1.0,0.05,0.00011692400334884921,15.011708321708838,0.007677139896501778,0.11386112052027605,0.0
19012,1.0,0.05,0.00011692400334884921,15.011708321708838,0.007506692990919667,0.11386112052027605,0.0
19013,1.0,0.05,0.00011692400334884921,15.011708321708838,0.007647291113718454,0.11386112052027605,0.0
19014,1.0,0.05,0.00011692400334884921,15.011708321708838,0.007647291113718454,0.11386112052027605,0.0
19015,1.0,0.05,0.00011692400334884921,15.011708321708838,0.007647291113718454,0.11386112052027605,0.0
19016,1.0,0.05,0.00011692400334884921,15.011708321708838,0.007647291113718454,0.11386112052027605,0.0
19017,1.0,0.05,0.00011692400334884921,15.011708321708838,0.007647291113718454,0.11386112052027605,0.0
19018,1.0,0.05,0.00011692400334884921,15.011708321708838,0.007647291113718454,0.11386112052027605,0.0
19019,1.0,0.05,0.00011692400334884921,15.011708321708838,0.006479155630656246,0.11386112052027605,0.0
19020,1.0,0.05,0.00011692400334884921,9.36765281694582,0.007334611680137834,0.11386112052027605,0.0
19021,1.0,0.05,0.00011692400334884921,9.36765281694582,0.007334611680137834,0.11386112052027605,0.0
19022,1.0,0.05,0.00011692400334884921,9.925617413267872,0.007334611680137834,0.11386112052027605,0.0
19023,1.0,0.05,0.00011692400334884921,9.925617413267872,0.007334611680137834,0.11386112052027605,0.0
19024,1.0,0.05,0.00011692400334884921,9.925617413267872,0.007334611680137834,0.11386112052027605,0.0
19025,1.0,0.05,0.00011692400334884921,9.925617413267872,0.007109021861528895,0.11386112052027605,0.0
19026,1.0,0.05,0.00011692400334884921,9.925617413267872,0.007109021861528895,0.11386112052027605,0.0
19027,1.0,0.05,0.00011692400334884921,9.925617413267872,0.007109021861528895,0.11386112052027605,0.0
19028,1.0,0.05,0.0001161008320743732,9.925617413267872,0.007109021861528895,0.11263988132825753,0.0
19029,1.0,0.05,0.0001161008320743732,9.925617413267872,0.007109021861528895,0.11263988132825753,0.0
19030,1.0,0.05,0.0001161008320743732,9.925617413267872,0.007109021861528895,0.11263988132825753,0.0
19031,1.0,0.05,0.0001161008320743732,9.925617413267872,0.007109021861528895,0.15515078826248258,0.0
19032,1.0,0.05,0.0001161008320743732,9.925617413267872,0.007109021861528895,0.15515078826248258,0.0
19033,1.0,0.05,0.0001161008320743732,9.925617413267872,0.007109021861528895,0.15515078826248258,0.0
19034,1.0,0.05,0.0001161008320743732,9.925617413267872,0.007109021861528895,0.15515078826248258,0.0
19035,1.0,0.05,0.0001161008320743732,9.925617413267872,0.007109021861528895,0.15515078826248258,0.0
19036,1.0,0.05,0.0001161008320743732,9.925617413267872,0.007109021861528895,0.15515078826248258,0.0
19037,1.0,0.05,0.0001161008320743732,9.925617413267872,0.007109021861528895,0.15515078826248258,0.0
19038,1.0,0.05,0.0001161008320743732,9.925617413267872,0.007109021861528895,0.15515078826248258,0.0
19039,1.0,0.05,0.0001161008320743732,9.925617413267872,0.0067860718217411875,0.15515078826248258,0.0
19040,1.0,0.05,0.0001161008320743732,9.925617413267872,0.0067860718217411875,0.15515078826248258,0.0
19041,1.0,0.05,0.0001161008320743732,9.925617413267872,0.0067860718217411875,0.12307470846109878,0.0
19042,1.0,0.05,0.0001161008320743732,9.925617413267872,0.0067860718217411875,0.12307470846109878,0.0
19043,1.0,0.05,0.0001161008320743732,10.265099212640607,0.0067860718217411875,0.12307470846109878,0.0
19044,1.0,0.05,0.0001161008320743732,10.265099212640607,0.0067860718217411875,0.1237775790693965,0.0
19045,1.0,0.05,0.0001161008320743732,10.265099212640607,0.0067860718217411875,0.1237775790693965,0.0
19046,1.0,0.05,0.0001161008320743732,10.265099212640607,0.0067860718217411875,0.16014316089035358,0.0
19047,1.0,0.05,0.0001161008320743732,10.265099212640607,0.007046595212175107,0.16014316089035358,0.0
19048,1.0,0.05,0.0001161008320743732,10.265099212640607,0.006955524825311282,0.16014316089035358,0.0
19049,1.0,0.05,0.0001161008320743732,13.612833970500276,0.007762002602788709,0.14491776811312074,0.0
19050,1.0,0.05,0.0001161008320743732,13.612833970500276,0.007762002602788709,0.14491776811312074,0.0
19051,1.0,0.05,0.0001161008320743732,13.612833970500276,0.007762002602788709,0.14491776811312074,0.0
19052,1.0,0.05,0.0001161008320743732,13.612833970500276,0.007762002602788709,0.14491776811312074,0.0
19053,1.0,0.05,0.0001161008320743732,13.612833970500276,0.007762002602788709,0.14491776811312074,0.0
19054,1.0,0.05,0.0001161008320743732,13.612833970500276,0.007762002602788709,0.14491776811312074,0.0
19055,1.0,0.05,0.0001161008320743732,13.612833970500276,0.007762002602788709,0.14491776811312074,0.0
19056,1.0,0.05,0.0001161008320743732,13.612833970500276,0.007654468572479931,0.14491776811312074,0.0
19057,1.0,0.05,0.0001161008320743732,8.794340648242738,0.007654468572479931,0.14491776811312074,0.0
19058,1.0,0.05,0.0001161008320743732,8.794340648242738,0.007654468572479931,0.14491776811312074,0.0
19059,1.0,0.05,0.0001161008320743732,8.794340648242738,0.007654468572479931,0.14491776811312074,0.0
19060,1.0,0.05,0.0001161008320743732,8.794340648242738,0.007654468572479931,0.1386289617464812,0.0
19061,1.0,0.05,0.0001161008320743732,9.27449132895579,0.007654468572479931,0.1386289617464812,0.0
19062,1.0,0.05,0.0001161008320743732,9.27449132895579,0.007654468572479931,0.1386289617464812,0.0
19063,1.0,0.05,0.0001161008320743732,9.993954113198427,0.007654468572479931,0.1386289617464812,0.0
19064,1.0,0.05,0.0001161008320743732,9.993954113198427,0.007654468572479931,0.1386289617464812,0.0
19065,1.0,0.05,0.0001161008320743732,9.993954113198427,0.007759492165223739,0.1386289617464812,0.0
19066,1.0,0.05,0.0001161008320743732,9.993954113198427,0.007759492165223739,0.1386289617464812,0.0
19067,1.0,0.05,0.0001161008320743732,9.993954113198427,0.007759492165223739,0.1386289617464812,0.0
19068,1.0,0.05,0.0001161008320743732,9.993954113198427,0.007759492165223739,0.1386289617464812,0.0
19069,1.0,0.05,0.0001161008320743732,9.993954113198427,0.006724637184268293,0.1386289617464812,0.0
19070,1.0,0.05,0.0001161008320743732,11.449365011634697,0.006724637184268293,0.1386289617464812,0.0
19071,1.0,0.05,0.0001161008320743732,11.449365011634697,0.008401903037901644,0.1386289617464812,0.0
19072,1.0,0.05,0.0001161008320743732,11.449365011634697,0.008401903037901644,0.1386289617464812,0.0
19073,1.0,0.05,0.0001161008320743732,11.449365011634697,0.008401903037901644,0.1386289617464812,0.0
19074,1.0,0.05,0.0001161008320743732,11.449365011634697,0.008401903037901644,0.1386289617464812,0.0
19075,1.0,0.05,0.0001161008320743732,11.449365011634697,0.008704609693030581,0.1386289617464812,0.0
19076,1.0,0.05,0.0001161008320743732,11.629462300478949,0.008704609693030581,0.1386289617464812,0.0
19077,1.0,0.05,0.0001161008320743732,11.629462300478949,0.008704609693030581,0.1386289617464812,0.0
19078,1.0,0.05,0.0001161008320743732,11.629462300478949,0.007078786965612501,0.14409543655569176,0.0
19079,1.0,0.05,0.0001161008320743732,11.629462300478949,0.007078786965612501,0.14409543655569176,0.0
19080,1.0,0.05,0.0001161008320743732,9.879912346604542,0.007078786965612501,0.14409543655569176,0.0
19081,1.0,0.05,0.0001161008320743732,9.879912346604542,0.007078786965612501,0.14409543655569176,0.0
19082,1.0,0.05,0.0001161008320743732,9.879912346604542,0.007078786965612501,0.14409543655569176,0.0
19083,1.0,0.05,0.0001161008320743732,9.879912346604542,0.007078786965612501,0.14409543655569176,0.0
19084,1.0,0.05,0.0001161008320743732,9.879912346604542,0.007078786965612501,0.12091299245057704,0.0
19085,1.0,0.05,0.0001161008320743732,15.573704797405213,0.007078786965612501,0.12091299245057704,0.0
19086,1.0,0.05,0.0001161008320743732,15.573704797405213,0.007078786965612501,0.10947947728479593,0.0
19087,1.0,0.05,0.0001161008320743732,15.573704797405213,0.007078786965612501,0.10947947728479593,0.0
19088,1.0,0.05,0.0001161008320743732,15.573704797405213,0.007094890982258989,0.10947947728479593,0.0
19089,1.0,0.05,0.0001161008320743732,15.573704797405213,0.007094890982258989,0.10947947728479593,0.0
19090,1.0,0.05,0.0001161008320743732,15.573704797405213,0.007094890982258989,0.10947947728479593,0.0
19091,1.0,0.05,0.00011783334066273822,15.573704797405213,0.007094890982258989,0.10947947728479593,0.0
19092,1.0,0.05,0.00011783334066273822,15.573704797405213,0.007094890982258989,0.10947947728479593,0.0
19093,1.0,0.05,0.00011783334066273822,15.573704797405213,0.007094890982258989,0.10947947728479593,0.0
19094,1.0,0.05,0.00011783334066273822,15.573704797405213,0.007094890982258989,0.10947947728479593,0.0
19095,1.0,0.05,0.00011783334066273822,15.573704797405213,0.007094890982258989,0.10947947728479593,0.0
19096,1.0,0.05,0.00011783334066273822,11.160982359722098,0.007094890982258989,0.10947947728479593,0.0
19097,1.0,0.05,0.00011783334066273822,11.160982359722098,0.007094890982258989,0.10947947728479593,0.0
19098,1.0,0.05,0.00011783334066273822,11.160982359722098,0.007094890982258989,0.10366354613395931,0.0
19099,1.0,0.05,0.00011783334066273822,11.160982359722098,0.007094890982258989,0.1516321793761869,0.0
19100,1.0,0.05,0.00011783334066273822,11.160982359722098,0.007094890982258989,0.1516321793761869,0.0
19101,1.0,0.05,0.00011783334066273822,11.160982359722098,0.007292211420402746,0.1516321793761869,0.0
19102,1.0,0.05,0.00011783334066273822,11.160982359722098,0.007292211420402746,0.1452154192241185,0.0
19103,1.0,0.05,0.00011783334066273822,11.160982359722098,0.007965494619260625,0.1452154192241185,0.0
19104,1.0,0.05,0.00011783334066273822,11.92932750408859,0.007965494619260625,0.1364244517354077,0.0
19105,1.0,0.05,0.00011783334066273822,11.92932750408859,0.007433514132352068,0.1364244517354077,0.0
19106,1.0,0.05,0.00011783334066273822,11.92932750408859,0.006990007155432688,0.1364244517354077,0.0
19107,1.0,0.05,0.00011783334066273822,11.92932750408859,0.006990007155432688,0.1364244517354077,0.0
19108,1.0,0.05,0.00011783334066273822,11.92932750408859,0.006990007155432688,0.1364244517354077,0.0
19109,1.0,0.05,0.00011783334066273822,9.08325282328532,0.006990007155432688,0.1364244517354077,0.0
19110,1.0,0.05,0.00011783334066273822,9.08325282328532,0.007201390998802796,0.1364244517354077,0.0
19111,1.0,0.05,0.00011783334066273822,9.08325282328532,0.007201390998802796,0.1618962013817962,0.0
19112,1.0,0.05,0.00011783334066273822,9.08325282328532,0.007201390998802796,0.1618962013817962,0.0
19113,1.0,0.05,0.00011783334066273822,9.08325282328532,0.007201390998802796,0.1618962013817962,0.0
19114,1.0,0.05,0.00011783334066273822,9.08325282328532,0.007201390998802796,0.1618962013817962,0.0
19115,1.0,0.05,0.00011783334066273822,9.08325282328532,0.007201390998802796,0.1618962013817962,0.0
19116,1.0,0.05,0.00011783334066273822,9.08325282328532,0.007201390998802796,0.1618962013817962,0.0
19117,1.0,0.05,0.00011783334066273822,8.855336931640238,0.007201390998802796,0.1618962013817962,0.0
19118,1.0,0.05,0.00011783334066273822,8.855336931640238,0.007856058340745155,0.1618962013817962,0.0
19119,1.0,0.05,0.00011189847130191003,8.855336931640238,0.007856058340745155,0.1618962013817962,0.0
19120,1.0,0.05,0.00010932378638754256,8.855336931640238,0.007856058340745155,0.1618962013817962,0.0
19121,1.0,0.05,0.00010932378638754256,8.855336931640238,0.007856058340745155,0.1618962013817962,0.0
19122,1.0,0.05,0.00010932378638754256,8.855336931640238,0.007230949620150563,0.1618962013817962,0.0
19123,1.0,0.05,0.00010932378638754256,8.855336931640238,0.007230949620150563,0.1618962013817962,0.0
19124,1.0,0.05,0.00010932378638754256,8.855336931640238,0.007681553524939436,0.1618962013817962,0.0
19125,1.0,0.05,0.00011893399208824266,12.300414882132515,0.007447195603109397,0.1618962013817962,0.0
19126,1.0,0.05,0.00011893399208824266,12.300414882132515,0.007447195603109397,0.1618962013817962,0.0
19127,1.0,0.05,0.00011893399208824266,12.300414882132515,0.007447195603109397,0.1618962013817962,0.0
19128,1.0,0.05,0.00011893399208824266,12.300414882132515,0.007447195603109397,0.1618962013817962,0.0
19129,1.0,0.05,0.00011893399208824266,12.300414882132515,0.007447195603109397,0.1618962013817962,0.0
19130,1.0,0.05,0.00011893399208824266,12.300414882132515,0.007447195603109397,0.1618962013817962,0.0
19131,1.0,0.05,0.00011893399208824266,12.300414882132515,0.007447195603109397,0.1618962013817962,0.0
19132,1.0,0.05,0.00010877995058399972,12.300414882132515,0.007447195603109397,0.1618962013817962,0.0
19133,1.0,0.05,0.00010877995058399972,12.300414882132515,0.007447195603109397,0.1618962013817962,0.0
19134,1.0,0.05,0.00010877995058399972,12.300414882132515,0.007447195603109397,0.1618962013817962,0.0
19135,1.0,0.05,0.00010877995058399972,12.300414882132515,0.007447195603109397,0.1618962013817962,0.0
19136,1.0,0.05,0.00010877995058399972,12.300414882132515,0.007447195603109397,0.1618962013817962,0.0
19137,1.0,0.05,0.00010877995058399972,12.300414882132515,0.007447195603109397,0.1618962013817962,0.0
19138,1.0,0.05,0.00010877995058399972,12.300414882132515,0.007447195603109397,0.1618962013817962,0.0
19139,1.0,0.05,0.00010877995058399972,12.300414882132515,0.007447195603109397,0.1618962013817962,0.0
19140,1.0,0.05,0.00010877995058399972,17.017244215584398,0.007447195603109397,0.1618962013817962,0.0
19141,1.0,0.05,0.00010877995058399972,17.017244215584398,0.007447195603109397,0.13250921789570985,0.0
19142,1.0,0.05,0.0001101064974117471,17.017244215584398,0.007432333330167799,0.13250921789570985,0.0
19143,1.0,0.05,0.0001101064974117471,17.017244215584398,0.007432333330167799,0.13250921789570985,0.0
19144,1.0,0.05,0.0001101064974117471,17.017244215584398,0.007432333330167799,0.13250921789570985,0.0
19145,1.0,0.05,0.0001101064974117471,17.017244215584398,0.007432333330167799,0.13250921789570985,0.0
19146,1.0,0.05,0.0001101064974117471,17.017244215584398,0.007432333330167799,0.13250921789570985,0.0
19147,1.0,0.05,0.0001101064974117471,17.017244215584398,0.007432333330167799,0.13250921789570985,0.0
19148,1.0,0.05,0.0001101064974117471,14.176135355960298,0.007432333330167799,0.117130436475775,0.0
19149,1.0,0.05,0.0001101064974117471,12.415254628339255,0.007432333330167799,0.117130436475775,0.0
19150,1.0,0.05,0.0001101064974117471,12.415254628339255,0.007432333330167799,0.14888754269428384,0.0
19151,1.0,0.05,0.0001101064974117471,12.415254628339255,0.007432333330167799,0.18854946659008365,0.0
19152,1.0,0.05,0.0001101064974117471,11.389123267132106,0.007432333330167799,0.18854946659008365,0.0
19153,1.0,0.05,0.0001126666688397796,10.508648534165673,0.007432333330167799,0.18854946659008365,0.0
19154,1.0,0.05,0.0001126666688397796,10.508648534165673,0.007118293326132255,0.1772910781654235,0.0
19155,1.0,0.05,0.0001126666688397796,10.508648534165673,0.007118293326132255,0.21271410606048896,0.0
19156,1.0,0.05,0.0001126666688397796,10.508648534165673,0.007118293326132255,0.1691168447600566,0.0
19157,1.0,0.05,0.00011099473518146486,10.508648534165673,0.007118293326132255,0.1691168447600566,0.0
19158,1.0,0.05,0.00011099473518146486,10.508648534165673,0.007118293326132255,0.1691168447600566,0.0
19159,1.0,0.05,0.00011099473518146486,10.508648534165673,0.007118293326132255,0.1691168447600566,0.0
19160,1.0,0.05,0.00011099473518146486,10.250474575518595,0.007118293326132255,0.1691168447600566,0.0
19161,1.0,0.05,0.00011099473518146486,9.635238949674857,0.007118293326132255,0.1691168447600566,0.0
19162,1.0,0.05,0.00011099473518146486,9.635238949674857,0.007118293326132255,0.1691168447600566,0.0
19163,1.0,0.05,0.00011099473518146486,9.635238949674857,0.00778472618074079,0.1691168447600566,0.0
19164,1.0,0.05,0.00011099473518146486,9.555497382169364,0.00778472618074079,0.1691168447600566,0.0
19165,1.0,0.05,0.00011099473518146486,9.555497382169364,0.00778472618074079,0.1691168447600566,0.0
19166,1.0,0.05,0.00011099473518146486,9.555497382169364,0.00778472618074079,0.1691168447600566,0.0
19167,1.0,0.05,0.00011099473518146486,9.555497382169364,0.00778472618074079,0.1691168447600566,0.0
19168,1.0,0.05,0.00011099473518146486,9.555497382169364,0.00778472618074079,0.1691168447600566,0.0
19169,1.0,0.05,0.00011099473518146486,9.555497382169364,0.007603610307136011,0.1691168447600566,0.0
19170,1.0,0.05,0.00011099473518146486,9.555497382169364,0.007603610307136011,0.1691168447600566,0.0
19171,1.0,0.05,0.00011099473518146486,9.555497382169364,0.007603610307136011,0.1691168447600566,0.0
19172,1.0,0.05,0.00011099473518146486,9.555497382169364,0.007603610307136011,0.1691168447600566,0.0
19173,1.0,0.05,0.00011275937434644182,9.555497382169364,0.007603610307136011,0.14969887417318672,0.0
19174,1.0,0.05,0.00011275937434644182,10.702554551565143,0.007603610307136011,0.14969887417318672,0.0
19175,1.0,0.05,0.00011275937434644182,10.702554551565143,0.007603610307136011,0.14969887417318672,0.0
19176,1.0,0.05,0.00011275937434644182,10.702554551565143,0.007603610307136011,0.14969887417318672,0.0
19177,1.0,0.05,0.00011275937434644182,10.702554551565143,0.007603610307136011,0.14969887417318672,0.0
19178,1.0,0.05,0.00011975794014922541,10.702554551565143,0.007603610307136011,0.14969887417318672,0.0
19179,1.0,0.05,0.00011975794014922541,10.702554551565143,0.006571584913905587,0.14969887417318672,0.0
19180,1.0,0.05,0.00011975794014922541,10.702554551565143,0.006571584913905587,0.14969887417318672,0.0
19181,1.0,0.05,0.00011975794014922541,10.838670937325972,0.006571584913905587,0.15741499906455872,0.0
19182,1.0,0.05,0.0001202094772286868,10.838670937325972,0.006571584913905587,0.15741499906455872,0.0
19183,1.0,0.05,0.0001202094772286868,7.343857743257971,0.006571584913905587,0.15741499906455872,0.0
19184,1.0,0.05,0.0001202094772286868,7.343857743257971,0.006571584913905587,0.15741499906455872,0.0
19185,1.0,0.05,0.0001202094772286868,7.870344939153725,0.006571584913905587,0.15741499906455872,0.0
19186,1.0,0.05,0.0001202094772286868,7.870344939153725,0.006571584913905587,0.15741499906455872,0.0
19187,1.0,0.05,0.0001202094772286868,7.870344939153725,0.007472754142797053,0.15741499906455872,0.0
19188,1.0,0.05,0.0001202094772286868,8.51948133551626,0.007472754142797053,0.1606473373445662,0.0
19189,1.0,0.05,0.0001202094772286868,8.51948133551626,0.007472754142797053,0.1606473373445662,0.0
19190,1.0,0.05,0.0001202094772286868,8.51948133551626,0.007472754142797053,0.1482083144488892,0.0
19191,1.0,0.05,0.0001202094772286868,8.51948133551626,0.007472754142797053,0.1272131749041946,0.0
19192,1.0,0.05,0.0001202094772286868,8.51948133551626,0.007472754142797053,0.1272131749041946,0.0
19193,1.0,0.05,0.0001202094772286868,15.690607156343916,0.007472754142797053,0.1272131749041946,0.0
19194,1.0,0.05,0.0001202094772286868,15.690607156343916,0.007472754142797053,0.09144375447083328,0.0
19195,1.0,0.05,0.00013005505015246003,15.690607156343916,0.007472754142797053,0.09144375447083328,0.0
19196,1.0,0.05,0.00012909943514960155,10.033682354686178,0.005955846469020108,0.09144375447083328,0.0
19197,1.0,0.05,0.00012909943514960155,10.033682354686178,0.005955846469020108,0.09144375447083328,0.0
19198,1.0,0.05,0.00012909943514960155,10.033682354686178,0.005955846469020108,0.09144375447083328,0.0
19199,1.0,0.05,0.00012909943514960155,10.033682354686178,0.005955846469020108,0.09144375447083328,0.0
19200,1.0,0.05,0.00012909943514960155,10.033682354686178,0.005955846469020108,0.11061243203741146,0.0
19201,1.0,0.05,0.00012909943514960155,10.033682354686178,0.005955846469020108,0.11061243203741146,0.0
19202,1.0,0.05,0.00012909943514960155,10.033682354686178,0.005778183286019432,0.11061243203741146,0.0
19203,1.0,0.05,0.00012909943514960155,11.059993945250895,0.005778183286019432,0.11061243203741146,0.0
19204,1.0,0.05,0.00012909943514960155,11.059993945250895,0.005778183286019432,0.11061243203741146,0.0
19205,1.0,0.05,0.00012909943514960155,11.059993945250895,0.005778183286019432,0.11001718423983496,0.0
19206,1.0,0.05,0.00012909943514960155,11.059993945250895,0.005778183286019432,0.11001718423983496,0.0
19207,1.0,0.05,0.00012509785207932532,11.059993945250895,0.005778183286019432,0.11001718423983496,0.0
19208,1.0,0.05,0.00012509785207932532,11.059993945250895,0.005778183286019432,0.11001718423983496,0.0
19209,1.0,0.05,0.00012509785207932532,11.059993945250895,0.005778183286019432,0.11001718423983496,0.0
19210,1.0,0.05,0.00012509785207932532,11.059993945250895,0.005778183286019432,0.11001718423983496,0.0
19211,1.0,0.05,0.00012509785207932532,11.059993945250895,0.005778183286019432,0.11001718423983496,0.0
19212,1.0,0.05,0.00012509785207932532,11.059993945250895,0.007375729192370765,0.11001718423983496,0.0
19213,1.0,0.05,0.00012509785207932532,11.059993945250895,0.007375729192370765,0.11001718423983496,0.0
19214,1.0,0.05,0.00012509785207932532,11.059993945250895,0.007375729192370765,0.11001718423983496,0.0
19215,1.0,0.05,0.00012509785207932532,11.059993945250895,0.007375729192370765,0.11001718423983496,0.0
19216,1.0,0.05,0.00012509785207932532,11.059993945250895,0.007375729192370765,0.11001718423983496,0.0
19217,1.0,0.05,0.00011559832600576103,9.97524873837068,0.007375729192370765,0.11001718423983496,0.0
19218,1.0,0.05,0.00011559832600576103,9.97524873837068,0.007375729192370765,0.11001718423983496,0.0
19219,1.0,0.05,0.00011559832600576103,9.97524873837068,0.007375729192370765,0.11001718423983496,0.0
19220,1.0,0.05,0.00011559832600576103,10.084796935629072,0.007375729192370765,0.13928124222207938,0.0
19221,1.0,0.05,0.00011559832600576103,10.084796935629072,0.007375729192370765,0.13928124222207938,0.0
19222,1.0,0.05,0.00011559832600576103,9.536546452723499,0.0076673096750566475,0.12507126353725684,0.0
19223,1.0,0.05,0.00011559832600576103,9.536546452723499,0.0076673096750566475,0.12507126353725684,0.0
19224,1.0,0.05,0.00011559832600576103,9.536546452723499,0.00767573080605777,0.12507126353725684,0.0
19225,1.0,0.05,0.00011559832600576103,10.700218752384757,0.00767573080605777,0.1434221095834395,0.0
19226,1.0,0.05,0.00011559832600576103,10.700218752384757,0.00767573080605777,0.1434221095834395,0.0
19227,1.0,0.05,0.00011559832600576103,10.700218752384757,0.00767573080605777,0.12760608744988255,0.0
19228,1.0,0.05,0.00011559832600576103,10.700218752384757,0.00767573080605777,0.12760608744988255,0.0
19229,1.0,0.05,0.00011559832600576103,10.700218752384757,0.00767573080605777,0.12760608744988255,0.0
19230,1.0,0.05,0.00011559832600576103,10.700218752384757,0.00767573080605777,0.12760608744988255,0.0
19231,1.0,0.05,0.00011559832600576103,10.700218752384757,0.00767573080605777,0.12760608744988255,0.0
19232,1.0,0.05,0.00011696283877361194,10.700218752384757,0.00767573080605777,0.1184327211592582,0.0
19233,1.0,0.05,0.00011696283877361194,14.295145636828295,0.006812042377392432,0.1184327211592582,0.0
19234,1.0,0.05,0.00011696283877361194,14.295145636828295,0.006812042377392432,0.12386179216130155,0.0
19235,1.0,0.05,0.00012410150105626082,8.914337913215476,0.006812042377392432,0.12386179216130155,0.0
19236,1.0,0.05,0.00012410150105626082,8.914337913215476,0.006812042377392432,0.12386179216130155,0.0
19237,1.0,0.05,0.00012410150105626082,8.914337913215476,0.007293642792435845,0.12386179216130155,0.0
19238,1.0,0.05,0.00012410150105626082,8.914337913215476,0.006948613061460766,0.12386179216130155,0.0
19239,1.0,0.05,0.00012410150105626082,8.914337913215476,0.006948613061460766,0.12386179216130155,0.0
19240,1.0,0.05,0.0001229738693034844,9.657722970303809,0.006948613061460766,0.12386179216130155,0.0
19241,1.0,0.05,0.0001229738693034844,9.657722970303809,0.006948613061460766,0.12386179216130155,0.0
19242,1.0,0.05,0.0001229738693034844,9.657722970303809,0.006948613061460766,0.12386179216130155,0.0
19243,1.0,0.05,0.0001229738693034844,9.657722970303809,0.006435678410681895,0.12386179216130155,0.0
19244,1.0,0.05,0.0001229738693034844,9.108231994466749,0.006435678410681895,0.12386179216130155,0.0
19245,1.0,0.05,0.0001229738693034844,9.108231994466749,0.006435678410681895,0.12386179216130155,0.0
19246,1.0,0.05,0.0001229738693034844,9.108231994466749,0.006435678410681895,0.12386179216130155,0.0
19247,1.0,0.05,0.0001229738693034844,9.108231994466749,0.006812334443522826,0.12386179216130155,0.0
19248,1.0,0.05,0.00012298632578406306,9.108231994466749,0.006812334443522826,0.12386179216130155,0.0
19249,1.0,0.05,0.00012298632578406306,9.108231994466749,0.006812334443522826,0.12386179216130155,0.0
19250,1.0,0.05,0.00012298632578406306,7.74836853492944,0.007156752859078791,0.12386179216130155,0.0
19251,1.0,0.05,0.00012298632578406306,7.74836853492944,0.006973420894768567,0.1627347811983634,0.0
19252,1.0,0.05,0.00012298632578406306,7.74836853492944,0.006973420894768567,0.1627347811983634,0.0
19253,1.0,0.05,0.00012298632578406306,7.74836853492944,0.006973420894768567,0.1627347811983634,0.0
19254,1.0,0.05,0.00011470500304986008,7.74836853492944,0.006973420894768567,0.1627347811983634,0.0
19255,1.0,0.05,0.00011470500304986008,7.74836853492944,0.006973420894768567,0.1627347811983634,0.0
19256,1.0,0.05,0.00011470500304986008,7.74836853492944,0.006973420894768567,0.1627347811983634,0.0
19257,1.0,0.05,0.00011470500304986008,7.74836853492944,0.006973420894768567,0.1627347811983634,0.0
19258,1.0,0.05,0.00012182470151789918,7.74836853492944,0.006973420894768567,0.17846518439146195,0.0
19259,1.0,0.05,0.00012182470151789918,7.74836853492944,0.006973420894768567,0.17846518439146195,0.0
19260,1.0,0.05,0.00012182470151789918,7.74836853492944,0.006973420894768567,0.17846518439146195,0.0
19261,1.0,0.05,0.00012182470151789918,7.74836853492944,0.006973420894768567,0.17846518439146195,0.0
19262,1.0,0.05,0.00012182470151789918,7.74836853492944,0.006973420894768567,0.17846518439146195,0.0
19263,1.0,0.05,0.00012182470151789918,6.180313989923363,0.006913783844758423,0.17846518439146195,0.0
19264,1.0,0.05,0.00012182470151789918,6.180313989923363,0.006913783844758423,0.17846518439146195,0.0
19265,1.0,0.05,0.00012182470151789918,6.180313989923363,0.006913783844758423,0.17846518439146195,0.0
19266,1.0,0.05,0.00012182470151789918,6.180313989923363,0.006805947034675591,0.17846518439146195,0.0
19267,1.0,0.05,0.00012182470151789918,6.180313989923363,0.006805947034675591,0.14740214817094952,0.0
19268,1.0,0.05,0.00012182470151789918,6.180313989923363,0.006805947034675591,0.14740214817094952,0.0
19269,1.0,0.05,0.00012182470151789918,6.180313989923363,0.006381199756911398,0.14740214817094952,0.0
19270,1.0,0.05,0.00012182470151789918,6.180313989923363,0.006381199756911398,0.14740214817094952,0.0
19271,1.0,0.05,0.00012182470151789918,6.180313989923363,0.006381199756911398,0.13650134740071582,0.0
19272,1.0,0.05,0.00012182470151789918,6.180313989923363,0.006381199756911398,0.13650134740071582,0.0
19273,1.0,0.05,0.00012182470151789918,6.180313989923363,0.006381199756911398,0.14844723561633275,0.0
19274,1.0,0.05,0.00012182470151789918,6.180313989923363,0.006381199756911398,0.14844723561633275,0.0
19275,1.0,0.05,0.00012182470151789918,6.180313989923363,0.006381199756911398,0.14844723561633275,0.0
19276,1.0,0.05,0.00012182470151789918,6.180313989923363,0.006381199756911398,0.14844723561633275,0.0
19277,1.0,0.05,0.00012182470151789918,6.180313989923363,0.006381199756911398,0.16873515172926795,0.0
19278,1.0,0.05,0.00012182470151789918,6.180313989923363,0.007462614248471736,0.16873515172926795,0.0
19279,1.0,0.05,0.00012182470151789918,6.180313989923363,0.007462614248471736,0.16873515172926795,0.0
19280,1.0,0.05,0.00012182470151789918,6.422890611302719,0.007221676265995766,0.16873515172926795,0.0
19281,1.0,0.05,0.00012182470151789918,6.422890611302719,0.007064421019704114,0.16873515172926795,0.0
19282,1.0,0.05,0.00012182470151789918,6.422890611302719,0.007064421019704114,0.13583301753190605,0.0
19283,1.0,0.05,0.00012182470151789918,6.422890611302719,0.007064421019704114,0.13583301753190605,0.0
19284,1.0,0.05,0.00012182470151789918,6.422890611302719,0.007064421019704114,0.13583301753190605,0.0
19285,1.0,0.05,0.00012182470151789918,6.422890611302719,0.007064421019704114,0.13583301753190605,0.0
19286,1.0,0.05,0.00012182470151789918,6.422890611302719,0.007064421019704114,0.13583301753190605,0.0
19287,1.0,0.05,0.00012182470151789918,11.414462708231738,0.007064421019704114,0.13583301753190605,0.0
19288,1.0,0.05,0.00012182470151789918,11.414462708231738,0.007064421019704114,0.13583301753190605,0.0
19289,1.0,0.05,0.00012182470151789918,11.414462708231738,0.00658619534073726,0.13583301753190605,0.0
19290,1.0,0.05,0.00012182470151789918,11.414462708231738,0.00658619534073726,0.13583301753190605,0.0
19291,1.0,0.05,0.00012182470151789918,11.414462708231738,0.00658619534073726,0.10124894994757302,0.0
19292,1.0,0.05,0.00012182470151789918,14.526784611563158,0.00658619534073726,0.10124894994757302,0.0
19293,1.0,0.05,0.00012182470151789918,14.526784611563158,0.00658619534073726,0.10124894994757302,0.0
19294,1.0,0.05,0.00012182470151789918,14.526784611563158,0.006812193438395512,0.10124894994757302,0.0
19295,1.0,0.05,0.00012182470151789918,14.526784611563158,0.006812193438395512,0.10124894994757302,0.0
19296,1.0,0.05,0.00012182470151789918,14.526784611563158,0.006812193438395512,0.1036475864973869,0.0
19297,1.0,0.05,0.00012182470151789918,14.526784611563158,0.006812193438395512,0.1036475864973869,0.0
19298,1.0,0.05,0.00012182470151789918,14.526784611563158,0.006812193438395512,0.1036475864973869,0.0
19299,1.0,0.05,0.00012182470151789918,10.598804905421531,0.006812193438395512,0.1036475864973869,0.0
19300,1.0,0.05,0.00012182470151789918,10.598804905421531,0.006812193438395512,0.1036475864973869,0.0
19301,1.0,0.05,0.00012182470151789918,10.598804905421531,0.006812193438395512,0.1036475864973869,0.0
19302,1.0,0.05,0.00012182470151789918,10.598804905421531,0.006812193438395512,0.1036475864973869,0.0
19303,1.0,0.05,0.00012182470151789918,10.598804905421531,0.006812193438395512,0.1036475864973869,0.0
19304,1.0,0.05,0.00012182470151789918,10.598804905421531,0.006561424121960673,0.1036475864973869,0.0
19305,1.0,0.05,0.00012182470151789918,10.598804905421531,0.007380854652745999,0.1036475864973869,0.0
19306,1.0,0.05,0.00012182470151789918,10.598804905421531,0.007380854652745999,0.1036475864973869,0.0
19307,1.0,0.05,0.00012182470151789918,10.598804905421531,0.007380854652745999,0.1036475864973869,0.0
19308,1.0,0.05,0.00011620181060439186,10.598804905421531,0.007380854652745999,0.1570392429690839,0.0
19309,1.0,0.05,0.00011620181060439186,10.598804905421531,0.007380854652745999,0.15970945256015376,0.0
19310,1.0,0.05,0.00011620181060439186,10.598804905421531,0.007380854652745999,0.15970945256015376,0.0
19311,1.0,0.05,0.00011452528902118084,10.598804905421531,0.007380854652745999,0.15970945256015376,0.0
19312,1.0,0.05,0.00011452528902118084,10.598804905421531,0.007380854652745999,0.15970945256015376,0.0
19313,1.0,0.05,0.00011079146328979291,10.598804905421531,0.00802927331018598,0.15970945256015376,0.0
19314,1.0,0.05,0.00011079146328979291,10.598804905421531,0.00802927331018598,0.15970945256015376,0.0
19315,1.0,0.05,0.00011079146328979291,10.598804905421531,0.00802927331018598,0.15970945256015376,0.0
19316,1.0,0.05,0.00011079146328979291,10.598804905421531,0.00802927331018598,0.15970945256015376,0.0
19317,1.0,0.05,0.00011079146328979291,10.598804905421531,0.00802927331018598,0.2162945355351687,0.0
19318,1.0,0.05,0.00011079146328979291,10.598804905421531,0.00802927331018598,0.22890665780135822,0.0
19319,1.0,0.05,0.00011079146328979291,10.598804905421531,0.00802927331018598,0.22890665780135822,0.0
19320,1.0,0.05,0.00011079146328979291,10.598804905421531,0.00802927331018598,0.22890665780135822,0.0
19321,1.0,0.05,0.00011079146328979291,12.785955493999836,0.00802927331018598,0.20153579906146513,0.0
19322,1.0,0.05,0.00011079146328979291,12.785955493999836,0.00802927331018598,0.20153579906146513,0.0
19323,1.0,0.05,0.00011079146328979291,12.785955493999836,0.00802927331018598,0.20153579906146513,0.0
19324,1.0,0.05,0.00011079146328979291,12.785955493999836,0.00802927331018598,0.20153579906146513,0.0
19325,1.0,0.05,0.00011079146328979291,12.785955493999836,0.00805350625956214,0.20153579906146513,0.0
19326,1.0,0.05,0.00011079146328979291,12.785955493999836,0.00805350625956214,0.20153579906146513,0.0
19327,1.0,0.05,0.00011079146328979291,12.785955493999836,0.00805350625956214,0.20153579906146513,0.0
19328,1.0,0.05,0.00011079146328979291,12.785955493999836,0.00805350625956214,0.20153579906146513,0.0
19329,1.0,0.05,0.00011079146328979291,12.785955493999836,0.00805350625956214,0.20153579906146513,0.0
19330,1.0,0.05,0.00011079146328979291,12.785955493999836,0.00805350625956214,0.20153579906146513,0.0
19331,1.0,0.05,0.00011085592001248596,12.785955493999836,0.00805350625956214,0.20153579906146513,0.0
19332,1.0,0.05,0.00011085592001248596,12.393297334113711,0.00805350625956214,0.20153579906146513,0.0
19333,1.0,0.05,0.00011085592001248596,12.393297334113711,0.00805350625956214,0.20153579906146513,0.0
19334,1.0,0.05,0.00011085592001248596,12.393297334113711,0.00805350625956214,0.22017244927974358,0.0
19335,1.0,0.05,0.00011085592001248596,12.393297334113711,0.007579765723278808,0.11699875752253042,0.0
19336,1.0,0.05,0.00011085592001248596,12.393297334113711,0.007579765723278808,0.11699875752253042,0.0
19337,1.0,0.05,0.00011085592001248596,12.393297334113711,0.007579765723278808,0.11699875752253042,0.0
19338,1.0,0.05,0.00011085592001248596,12.393297334113711,0.007579765723278808,0.11243793370035621,0.0
19339,1.0,0.05,0.00011085592001248596,12.393297334113711,0.007579765723278808,0.1887802340810157,0.0
19340,1.0,0.05,0.00011085592001248596,12.393297334113711,0.007579765723278808,0.1111288149511424,0.0
19341,1.0,0.05,0.00011085592001248596,12.393297334113711,0.007579765723278808,0.1111288149511424,0.0
19342,1.0,0.05,0.00011085592001248596,12.393297334113711,0.007579765723278808,0.1111288149511424,0.0
19343,1.0,0.05,0.00011085592001248596,12.393297334113711,0.007579765723278808,0.1111288149511424,0.0
19344,1.0,0.05,0.00011085592001248596,17.53496221337602,0.007579765723278808,0.12162488076359154,0.0
19345,1.0,0.05,0.00011085592001248596,17.53496221337602,0.007579765723278808,0.12162488076359154,0.0
19346,1.0,0.05,0.00011085592001248596,17.53496221337602,0.007579765723278808,0.12162488076359154,0.0
19347,1.0,0.05,0.00011085592001248596,17.53496221337602,0.007579765723278808,0.12162488076359154,0.0
19348,1.0,0.05,0.00011085592001248596,17.53496221337602,0.007579765723278808,0.12162488076359154,0.0
19349,1.0,0.05,0.00011085592001248596,19.778541414809837,0.007579765723278808,0.12162488076359154,0.0
19350,1.0,0.05,0.00011085592001248596,19.778541414809837,0.007579765723278808,0.12162488076359154,0.0
19351,1.0,0.05,0.00011085592001248596,14.315585500514743,0.007579765723278808,0.12162488076359154,0.0
19352,1.0,0.05,0.00011085592001248596,14.315585500514743,0.007579765723278808,0.12162488076359154,0.0
19353,1.0,0.05,0.00011085592001248596,14.315585500514743,0.007579765723278808,0.12162488076359154,0.0
19354,1.0,0.05,0.00011085592001248596,14.315585500514743,0.007579765723278808,0.12162488076359154,0.0
19355,1.0,0.05,0.00011085592001248596,14.315585500514743,0.007579765723278808,0.12162488076359154,0.0
19356,1.0,0.05,0.00011085592001248596,14.315585500514743,0.007985979277124109,0.12162488076359154,0.0
19357,1.0,0.05,0.00011085592001248596,14.315585500514743,0.007985979277124109,0.17793826451354358,0.0
19358,1.0,0.05,0.00011085592001248596,14.315585500514743,0.007985979277124109,0.12562183175513708,0.0
19359,1.0,0.05,0.00011085592001248596,14.315585500514743,0.007985979277124109,0.12562183175513708,0.0
19360,1.0,0.05,0.00011085592001248596,14.315585500514743,0.007985979277124109,0.12562183175513708,0.0
19361,1.0,0.05,0.00011085592001248596,14.315585500514743,0.00795978871649222,0.13916322964901714,0.0
19362,1.0,0.05,0.00011085592001248596,10.884352146541815,0.00795978871649222,0.13916322964901714,0.0
19363,1.0,0.05,0.00011085592001248596,10.884352146541815,0.00795978871649222,0.2173820746618527,0.0
19364,1.0,0.05,0.00011085592001248596,10.884352146541815,0.00795978871649222,0.2173820746618527,0.0
19365,1.0,0.05,0.00011085592001248596,10.884352146541815,0.00795978871649222,0.2173820746618527,0.0
19366,1.0,0.05,0.00011085592001248596,10.884352146541815,0.00795978871649222,0.23921345812013972,0.0
19367,1.0,0.05,0.00011085592001248596,10.884352146541815,0.00795978871649222,0.23921345812013972,0.0
19368,1.0,0.05,0.00011085592001248596,10.884352146541815,0.00795978871649222,0.23921345812013972,0.0
19369,1.0,0.05,0.00011085592001248596,10.884352146541815,0.00795978871649222,0.13265648084415915,0.0
19370,1.0,0.05,0.00011085592001248596,10.884352146541815,0.00795978871649222,0.13265648084415915,0.0
19371,1.0,0.05,0.00011085592001248596,10.884352146541815,0.00795978871649222,0.13265648084415915,0.0
19372,1.0,0.05,0.00011194846542865638,15.255967608505188,0.00795978871649222,0.13265648084415915,0.0
19373,1.0,0.05,0.00011194846542865638,15.579745319439155,0.008114571086814045,0.13265648084415915,0.0
19374,1.0,0.05,0.00011194846542865638,15.579745319439155,0.008114571086814045,0.13265648084415915,0.0
19375,1.0,0.05,0.00011194846542865638,15.579745319439155,0.008114571086814045,0.13265648084415915,0.0
19376,1.0,0.05,0.00011194846542865638,18.64057857993069,0.008114571086814045,0.13265648084415915,0.0
19377,1.0,0.05,0.00011194846542865638,18.64057857993069,0.008114571086814045,0.13265648084415915,0.0
19378,1.0,0.05,0.00011194846542865638,18.64057857993069,0.008114571086814045,0.13265648084415915,0.0
19379,1.0,0.05,0.00011538399812678723,18.64057857993069,0.006767245016585671,0.13265648084415915,0.0
19380,1.0,0.05,0.00011538399812678723,20.929504913446223,0.00819584441721904,0.13265648084415915,0.0
19381,1.0,0.05,0.00011538399812678723,20.929504913446223,0.00819584441721904,0.13265648084415915,0.0
19382,1.0,0.05,0.00011538399812678723,20.929504913446223,0.00819584441721904,0.13265648084415915,0.0
19383,1.0,0.05,0.00011538399812678723,20.929504913446223,0.00819584441721904,0.13265648084415915,0.0
19384,1.0,0.05,0.00011538399812678723,6.037056494573562,0.00819584441721904,0.13265648084415915,0.0
19385,1.0,0.05,0.00011538399812678723,6.037056494573562,0.006913565591354127,0.12628981120211372,0.0
19386,1.0,0.05,0.00011538399812678723,6.037056494573562,0.008232696270287918,0.21882685230596594,0.0
19387,1.0,0.05,0.00011538399812678723,6.037056494573562,0.007224424907769894,0.14763679612242414,0.0
19388,1.0,0.05,0.00011538399812678723,7.922801671551795,0.007224424907769894,0.14763679612242414,0.0
19389,1.0,0.05,0.0001144638325850729,7.922801671551795,0.007224424907769894,0.14763679612242414,0.0
19390,1.0,0.05,0.0001144638325850729,7.922801671551795,0.007224424907769894,0.19226898996537498,0.0
19391,1.0,0.05,0.0001144638325850729,7.922801671551795,0.007224424907769894,0.19226898996537498,0.0
19392,1.0,0.05,0.0001144638325850729,7.922801671551795,0.007224424907769894,0.19226898996537498,0.0
19393,1.0,0.05,0.0001144638325850729,7.922801671551795,0.007224424907769894,0.19226898996537498,0.0
19394,1.0,0.05,0.0001144638325850729,7.922801671551795,0.007224424907769894,0.19226898996537498,0.0
19395,1.0,0.05,0.0001144638325850729,7.507778508120566,0.007224424907769894,0.19226898996537498,0.0
19396,1.0,0.05,0.0001144638325850729,7.507778508120566,0.007224424907769894,0.15542453591470223,0.0
19397,1.0,0.05,0.0001144638325850729,16.905620675012287,0.007224424907769894,0.15542453591470223,0.0
19398,1.0,0.05,0.0001144638325850729,16.905620675012287,0.007914169529736644,0.15542453591470223,0.0
19399,1.0,0.05,0.0001144638325850729,16.905620675012287,0.007914169529736644,0.15542453591470223,0.0
19400,1.0,0.05,0.0001144638325850729,16.905620675012287,0.007936496141217376,0.11372518633242784,0.0
19401,1.0,0.05,0.0001144638325850729,16.905620675012287,0.007936496141217376,0.11372518633242784,0.0
19402,1.0,0.05,0.0001144638325850729,16.905620675012287,0.007936496141217376,0.11372518633242784,0.0
19403,1.0,0.05,0.0001144638325850729,16.905620675012287,0.007936496141217376,0.11895237681395576,0.0
19404,1.0,0.05,0.0001144638325850729,18.543406957247228,0.007936496141217376,0.11895237681395576,0.0
19405,1.0,0.05,0.0001144638325850729,18.543406957247228,0.007961874556411962,0.11895237681395576,0.0
19406,1.0,0.05,0.0001144638325850729,18.543406957247228,0.007961874556411962,0.11895237681395576,0.0
19407,1.0,0.05,0.0001144638325850729,18.543406957247228,0.007961874556411962,0.1095407785960468,0.0
19408,1.0,0.05,0.0001144638325850729,18.543406957247228,0.006920104381049312,0.1095407785960468,0.0
19409,1.0,0.05,0.0001144638325850729,18.543406957247228,0.0071418996972365065,0.1095407785960468,0.0
19410,1.0,0.05,0.0001144638325850729,18.543406957247228,0.0071418996972365065,0.1095407785960468,0.0
19411,1.0,0.05,0.0001144638325850729,11.852800814663937,0.0071418996972365065,0.10935560224147778,0.0
19412,1.0,0.05,0.0001144638325850729,17.509585194036333,0.0071418996972365065,0.10935560224147778,0.0
19413,1.0,0.05,0.0001144638325850729,17.509585194036333,0.0071418996972365065,0.10935560224147778,0.0
19414,1.0,0.05,0.0001144638325850729,11.710915859828958,0.0071418996972365065,0.11935469228789888,0.0
19415,1.0,0.05,0.0001144638325850729,11.710915859828958,0.0071418996972365065,0.11935469228789888,0.0
19416,1.0,0.05,0.0001144638325850729,11.710915859828958,0.0071418996972365065,0.11935469228789888,0.0
19417,1.0,0.05,0.0001144638325850729,11.710915859828958,0.0071418996972365065,0.11935469228789888,0.0
19418,1.0,0.05,0.0001144638325850729,5.253947194572746,0.0071418996972365065,0.1801017872004992,0.0
19419,1.0,0.05,0.0001144638325850729,5.253947194572746,0.007309412450485126,0.19400197624360754,0.0
19420,1.0,0.05,0.0001144638325850729,5.253947194572746,0.007309412450485126,0.19400197624360754,0.0
19421,1.0,0.05,0.0001144638325850729,5.253947194572746,0.007309412450485126,0.19400197624360754,0.0
19422,1.0,0.05,0.0001144638325850729,6.6430954191094855,0.007309412450485126,0.19400197624360754,0.0
19423,1.0,0.05,0.0001144638325850729,6.6430954191094855,0.007309412450485126,0.19400197624360754,0.0
19424,1.0,0.05,0.0001144638325850729,6.6430954191094855,0.007309412450485126,0.1767433096853285,0.0
19425,1.0,0.05,0.0001144638325850729,6.6430954191094855,0.007309412450485126,0.1767433096853285,0.0
19426,1.0,0.05,0.0001144638325850729,6.6430954191094855,0.007309412450485126,0.1767433096853285,0.0
19427,1.0,0.05,0.0001144638325850729,6.6430954191094855,0.007309412450485126,0.1767433096853285,0.0
19428,1.0,0.05,0.0001144638325850729,6.6430954191094855,0.007309412450485126,0.1767433096853285,0.0
19429,1.0,0.05,0.00011488967317457361,6.6430954191094855,0.007309412450485126,0.1767433096853285,0.0
19430,1.0,0.05,0.00011488967317457361,6.6430954191094855,0.007309412450485126,0.1767433096853285,0.0
19431,1.0,0.05,0.00011488967317457361,9.544300401497125,0.007125635681511427,0.1767433096853285,0.0
19432,1.0,0.05,0.00011488967317457361,9.544300401497125,0.007125635681511427,0.1767433096853285,0.0
19433,1.0,0.05,0.00011488967317457361,9.544300401497125,0.007238191512055254,0.1767433096853285,0.0
19434,1.0,0.05,0.00011488967317457361,9.544300401497125,0.008176002694750115,0.1767433096853285,0.0
19435,1.0,0.05,0.00011488967317457361,9.544300401497125,0.008176002694750115,0.1767433096853285,0.0
19436,1.0,0.05,0.00011488967317457361,9.544300401497125,0.007305624088411952,0.21446570269213291,0.0
19437,1.0,0.05,0.00011488967317457361,9.544300401497125,0.007201792369161343,0.11819520050977678,0.0
19438,1.0,0.05,0.00011488967317457361,9.544300401497125,0.007201792369161343,0.11819520050977678,0.0
19439,1.0,0.05,0.00011488967317457361,9.544300401497125,0.007201792369161343,0.11819520050977678,0.0
19440,1.0,0.05,0.00011488967317457361,9.544300401497125,0.007201792369161343,0.11819520050977678,0.0
19441,1.0,0.05,0.00012015301953833718,9.544300401497125,0.007201792369161343,0.11819520050977678,0.0
19442,1.0,0.05,0.00012015301953833718,9.544300401497125,0.007092047399913976,0.11819520050977678,0.0
19443,1.0,0.05,0.00012015301953833718,9.544300401497125,0.007092047399913976,0.14356523086532397,0.0
19444,1.0,0.05,0.00012015301953833718,13.674931517717297,0.007092047399913976,0.10285412420873317,0.0
19445,1.0,0.05,0.00012015301953833718,13.674931517717297,0.006694808457023587,0.10285412420873317,0.0
19446,1.0,0.05,0.00012015301953833718,13.674931517717297,0.006694808457023587,0.09767843987871289,0.0
19447,1.0,0.05,0.00012015301953833718,13.674931517717297,0.006694808457023587,0.09767843987871289,0.0
19448,1.0,0.05,0.00012015301953833718,13.674931517717297,0.0070445141866863825,0.09767843987871289,0.0
19449,1.0,0.05,0.00012015301953833718,13.674931517717297,0.0070445141866863825,0.09767843987871289,0.0
19450,1.0,0.05,0.00012015301953833718,13.674931517717297,0.0070445141866863825,0.09767843987871289,0.0
19451,1.0,0.05,0.00012015301953833718,13.674931517717297,0.0070445141866863825,0.09767843987871289,0.0
19452,1.0,0.05,0.00012015301953833718,13.674931517717297,0.0070445141866863825,0.09767843987871289,0.0
19453,1.0,0.05,0.00012408848038124895,13.674931517717297,0.0070445141866863825,0.09767843987871289,0.0
19454,1.0,0.05,0.00012408848038124895,13.674931517717297,0.0070445141866863825,0.09646655922284585,0.0
19455,1.0,0.05,0.00012408848038124895,13.674931517717297,0.0070445141866863825,0.09646655922284585,0.0
19456,1.0,0.05,0.00012069623018046098,13.674931517717297,0.0070445141866863825,0.09646655922284585,0.0
19457,1.0,0.05,0.00012069623018046098,13.674931517717297,0.00672365872130075,0.09646655922284585,0.0
19458,1.0,0.05,0.00012069623018046098,13.674931517717297,0.00672365872130075,0.09646655922284585,0.0
19459,1.0,0.05,0.00012069623018046098,13.674931517717297,0.007084845291505836,0.09646655922284585,0.0
19460,1.0,0.05,0.00012069623018046098,13.674931517717297,0.007084845291505836,0.09646655922284585,0.0
19461,1.0,0.05,0.00012069623018046098,14.210849426886512,0.007084845291505836,0.09646655922284585,0.0
19462,1.0,0.05,0.00012069623018046098,14.210849426886512,0.007084845291505836,0.09646655922284585,0.0
19463,1.0,0.05,0.00012069623018046098,14.210849426886512,0.007084845291505836,0.14790618630742774,0.0
19464,1.0,0.05,0.00012069623018046098,4.808339649553474,0.007084845291505836,0.14364166654327942,0.0
19465,1.0,0.05,0.00012069623018046098,4.808339649553474,0.007084845291505836,0.1983627347690797,0.0
19466,1.0,0.05,0.00012069623018046098,4.808339649553474,0.007966819505664779,0.1983627347690797,0.0
19467,1.0,0.05,0.00012069623018046098,4.808339649553474,0.007966819505664779,0.1983627347690797,0.0
19468,1.0,0.05,0.00012069623018046098,3.922594047408438,0.007966819505664779,0.14966001292824946,0.0
19469,1.0,0.05,0.00012069623018046098,4.221485627691777,0.007966819505664779,0.14966001292824946,0.0
19470,1.0,0.05,0.00012069623018046098,8.74661701873434,0.007966819505664779,0.14966001292824946,0.0
19471,1.0,0.05,0.00012069623018046098,8.74661701873434,0.007966819505664779,0.14966001292824946,0.0
19472,1.0,0.05,0.00012069623018046098,8.74661701873434,0.007966819505664779,0.14966001292824946,0.0
19473,1.0,0.05,0.00012069623018046098,8.74661701873434,0.007966819505664779,0.14966001292824946,0.0
19474,1.0,0.05,0.00011796697109279121,8.74661701873434,0.007966819505664779,0.14966001292824946,0.0
19475,1.0,0.05,0.00011796697109279121,8.74661701873434,0.007588536241739845,0.14966001292824946,0.0
19476,1.0,0.05,0.00011796697109279121,8.74661701873434,0.007588536241739845,0.14966001292824946,0.0
19477,1.0,0.05,0.00011796697109279121,8.74661701873434,0.007921152718850374,0.14966001292824946,0.0
19478,1.0,0.05,0.00011796697109279121,8.74661701873434,0.007921152718850374,0.14966001292824946,0.0
19479,1.0,0.05,0.00011796697109279121,8.74661701873434,0.006555852762274306,0.14966001292824946,0.0
19480,1.0,0.05,0.00011796697109279121,8.74661701873434,0.006555852762274306,0.14966001292824946,0.0
19481,1.0,0.05,0.00011796697109279121,8.74661701873434,0.006555852762274306,0.14966001292824946,0.0
19482,1.0,0.05,0.00011796697109279121,8.74661701873434,0.006555852762274306,0.14966001292824946,0.0
19483,1.0,0.05,0.00011796697109279121,8.74661701873434,0.006555852762274306,0.14966001292824946,0.0
19484,1.0,0.05,0.00012213905310471467,8.74661701873434,0.006555852762274306,0.14966001292824946,0.0
19485,1.0,0.05,0.00012213905310471467,8.74661701873434,0.006555852762274306,0.14966001292824946,0.0
19486,1.0,0.05,0.00012213905310471467,8.74661701873434,0.006555852762274306,0.14966001292824946,0.0
19487,1.0,0.05,0.00012213905310471467,8.74661701873434,0.006555852762274306,0.14966001292824946,0.0
19488,1.0,0.05,0.00012213905310471467,8.74661701873434,0.006555852762274306,0.14966001292824946,0.0
19489,1.0,0.05,0.00012213905310471467,8.74661701873434,0.006555852762274306,0.14966001292824946,0.0
19490,1.0,0.05,0.00012213905310471467,8.74661701873434,0.006555852762274306,0.14966001292824946,0.0
19491,1.0,0.05,0.00012213905310471467,8.74661701873434,0.006555852762274306,0.14966001292824946,0.0
19492,1.0,0.05,0.00012213905310471467,8.74661701873434,0.006555852762274306,0.12907083444865078,0.0
19493,1.0,0.05,0.00012213905310471467,8.74661701873434,0.006555852762274306,0.12907083444865078,0.0
19494,1.0,0.05,0.00012213905310471467,8.74661701873434,0.006555852762274306,0.09876645873358811,0.0
19495,1.0,0.05,0.00012213905310471467,8.74661701873434,0.006555852762274306,0.09876645873358811,0.0
19496,1.0,0.05,0.00012213905310471467,8.74661701873434,0.006555852762274306,0.09876645873358811,0.0
19497,1.0,0.05,0.00012213905310471467,8.74661701873434,0.006555852762274306,0.09876645873358811,0.0
19498,1.0,0.05,0.00012213905310471467,8.74661701873434,0.006555852762274306,0.09876645873358811,0.0
19499,1.0,0.05,0.00012213905310471467,8.74661701873434,0.006555852762274306,0.09876645873358811,0.0
19500,1.0,0.05,0.00012213905310471467,8.74661701873434,0.006555852762274306,0.09876645873358811,0.0
19501,1.0,0.05,0.00012213905310471467,8.74661701873434,0.006555852762274306,0.15666904817445673,0.0
19502,1.0,0.05,0.00012213905310471467,8.74661701873434,0.007421692607082497,0.15666904817445673,0.0
19503,1.0,0.05,0.00012213905310471467,8.74661701873434,0.007421692607082497,0.15666904817445673,0.0
19504,1.0,0.05,0.00012213905310471467,8.74661701873434,0.007421692607082497,0.15666904817445673,0.0
19505,1.0,0.05,0.00012213905310471467,8.74661701873434,0.007421692607082497,0.15666904817445673,0.0
19506,1.0,0.05,0.00012213905310471467,10.416276293831743,0.007421692607082497,0.15666904817445673,0.0
19507,1.0,0.05,0.00012213905310471467,10.416276293831743,0.007421692607082497,0.15666904817445673,0.0
19508,1.0,0.05,0.00012213905310471467,10.416276293831743,0.007421692607082497,0.15666904817445673,0.0
19509,1.0,0.05,0.00012213905310471467,10.416276293831743,0.007024643048402995,0.15666904817445673,0.0
19510,1.0,0.05,0.00012213905310471467,10.416276293831743,0.007024643048402995,0.15666904817445673,0.0
19511,1.0,0.05,0.00012213905310471467,10.416276293831743,0.006608470879106859,0.10938558583566024,0.0
19512,1.0,0.05,0.00012213905310471467,10.416276293831743,0.006608470879106859,0.10938558583566024,0.0
19513,1.0,0.05,0.00012260473621074144,10.416276293831743,0.006608470879106859,0.10938558583566024,0.0
19514,1.0,0.05,0.00012260473621074144,10.416276293831743,0.006608470879106859,0.10938558583566024,0.0
19515,1.0,0.05,0.00012260473621074144,10.416276293831743,0.006608470879106859,0.10938558583566024,0.0
19516,1.0,0.05,0.00012260473621074144,13.732486700752773,0.006608470879106859,0.10938558583566024,0.0
19517,1.0,0.05,0.00012260473621074144,13.732486700752773,0.006608470879106859,0.10938558583566024,0.0
19518,1.0,0.05,0.00012260473621074144,13.732486700752773,0.006608470879106859,0.10938558583566024,0.0
19519,1.0,0.05,0.00012260473621074144,13.732486700752773,0.006608470879106859,0.10667496182188577,0.0
19520,1.0,0.05,0.00012260473621074144,13.732486700752773,0.006608470879106859,0.09013835962499045,0.0
19521,1.0,0.05,0.00012260473621074144,13.732486700752773,0.006608470879106859,0.09013835962499045,0.0
19522,1.0,0.05,0.00012260473621074144,13.732486700752773,0.006608470879106859,0.09013835962499045,0.0
19523,1.0,0.05,0.00012260473621074144,13.732486700752773,0.007152953030312146,0.09021752872354519,0.0
19524,1.0,0.05,0.00012260473621074144,13.732486700752773,0.006910669991884276,0.07921439895142704,0.0
19525,1.0,0.05,0.00012260473621074144,13.732486700752773,0.006910669991884276,0.07921439895142704,0.0
19526,1.0,0.05,0.00012260473621074144,13.732486700752773,0.00661300573889405,0.07669641244945054,0.0
19527,1.0,0.05,0.00012260473621074144,13.732486700752773,0.00661300573889405,0.07669641244945054,0.0
19528,1.0,0.05,0.00012260473621074144,13.732486700752773,0.00661300573889405,0.07669641244945054,0.0
19529,1.0,0.05,0.00012260473621074144,13.732486700752773,0.006856019341380763,0.10938999937778367,0.0
19530,1.0,0.05,0.00012260473621074144,14.314877168827707,0.006856019341380763,0.10938999937778367,0.0
19531,1.0,0.05,0.00012260473621074144,14.314877168827707,0.006856019341380763,0.10938999937778367,0.0
19532,1.0,0.05,0.00012260473621074144,14.314877168827707,0.006856019341380763,0.10938999937778367,0.0
19533,1.0,0.05,0.00012260473621074144,14.314877168827707,0.006856019341380763,0.10123395029471086,0.0
19534,1.0,0.05,0.00012260473621074144,14.314877168827707,0.006856019341380763,0.10123395029471086,0.0
19535,1.0,0.05,0.00012260473621074144,14.314877168827707,0.006856019341380763,0.10123395029471086,0.0
19536,1.0,0.05,0.00012260473621074144,14.314877168827707,0.006856019341380763,0.10123395029471086,0.0
19537,1.0,0.05,0.00012260473621074144,11.430318607415884,0.005942540709696234,0.10123395029471086,0.0
19538,1.0,0.05,0.00012260473621074144,11.430318607415884,0.005942540709696234,0.10123395029471086,0.0
19539,1.0,0.05,0.00012260473621074144,11.430318607415884,0.005942540709696234,0.10123395029471086,0.0
19540,1.0,0.05,0.00012260473621074144,11.430318607415884,0.005942540709696234,0.10123395029471086,0.0
19541,1.0,0.05,0.00012260473621074144,11.430318607415884,0.005942540709696234,0.10123395029471086,0.0
19542,1.0,0.05,0.00012260473621074144,11.430318607415884,0.005863725600338084,0.10123395029471086,0.0
19543,1.0,0.05,0.00012260473621074144,11.430318607415884,0.005863725600338084,0.10123395029471086,0.0
19544,1.0,0.05,0.00011888170417813619,11.430318607415884,0.005863725600338084,0.10123395029471086,0.0
19545,1.0,0.05,0.00011888170417813619,11.430318607415884,0.005863725600338084,0.10123395029471086,0.0
19546,1.0,0.05,0.00011888170417813619,11.430318607415884,0.005863725600338084,0.10123395029471086,0.0
19547,1.0,0.05,0.00013572548761271963,11.430318607415884,0.005863725600338084,0.10123395029471086,0.0
19548,1.0,0.05,0.00013537516096387452,11.430318607415884,0.005863725600338084,0.09203977814562161,0.0
19549,1.0,0.05,0.00013537516096387452,11.430318607415884,0.005863725600338084,0.09203977814562161,0.0
19550,1.0,0.05,0.00013537516096387452,10.425862448901285,0.005863725600338084,0.09800856453493623,0.0
19551,1.0,0.05,0.00013537516096387452,6.017240703929701,0.005863725600338084,0.09800856453493623,0.0
19552,1.0,0.05,0.00013537516096387452,6.017240703929701,0.005863725600338084,0.0934730414873273,0.0
19553,1.0,0.05,0.00013537516096387452,6.017240703929701,0.005863725600338084,0.13184861164371423,0.0
19554,1.0,0.05,0.00013537516096387452,6.017240703929701,0.005863725600338084,0.13184861164371423,0.0
19555,1.0,0.05,0.00013537516096387452,6.017240703929701,0.005863725600338084,0.13184861164371423,0.0
19556,1.0,0.05,0.00013537516096387452,6.017240703929701,0.005863725600338084,0.09184023537826147,0.0
19557,1.0,0.05,0.00013537516096387452,6.017240703929701,0.005863725600338084,0.12171300315189704,0.0
19558,1.0,0.05,0.00013537516096387452,6.017240703929701,0.005863725600338084,0.12171300315189704,0.0
19559,1.0,0.05,0.00013537516096387452,6.017240703929701,0.005863725600338084,0.12171300315189704,0.0
19560,1.0,0.05,0.00013537516096387452,6.017240703929701,0.005863725600338084,0.12171300315189704,0.0
19561,1.0,0.05,0.00013537516096387452,6.017240703929701,0.005863725600338084,0.12171300315189704,0.0
19562,1.0,0.05,0.00013537516096387452,6.017240703929701,0.005581784082141691,0.10590105967110586,0.0
19563,1.0,0.05,0.00013537516096387452,6.017240703929701,0.005546309425238747,0.10590105967110586,0.0
19564,1.0,0.05,0.00013537516096387452,6.017240703929701,0.005546309425238747,0.10590105967110586,0.0
19565,1.0,0.05,0.00013537516096387452,6.017240703929701,0.005546309425238747,0.10590105967110586,0.0
19566,1.0,0.05,0.00013537516096387452,6.017240703929701,0.005465450396141246,0.10590105967110586,0.0
19567,1.0,0.05,0.00013537516096387452,6.017240703929701,0.005465450396141246,0.10590105967110586,0.0
19568,1.0,0.05,0.00013004975709350809,6.017240703929701,0.005465450396141246,0.10590105967110586,0.0
19569,1.0,0.05,0.00013004975709350809,6.017240703929701,0.005465450396141246,0.10590105967110586,0.0
19570,1.0,0.05,0.00013004975709350809,6.017240703929701,0.005465450396141246,0.10590105967110586,0.0
19571,1.0,0.05,0.0001279354839264528,4.838945998889415,0.005465450396141246,0.10590105967110586,0.0
19572,1.0,0.05,0.0001279354839264528,4.838945998889415,0.005465450396141246,0.10590105967110586,0.0
19573,1.0,0.05,0.0001279354839264528,4.838945998889415,0.005465450396141246,0.12478570210085879,0.0
19574,1.0,0.05,0.00013467338797331139,4.838945998889415,0.005465450396141246,0.12478570210085879,0.0
19575,1.0,0.05,0.00013467338797331139,4.838945998889415,0.005465450396141246,0.12478570210085879,0.0
19576,1.0,0.05,0.00013467338797331139,4.838945998889415,0.005465450396141246,0.0961850323992611,0.0
19577,1.0,0.05,0.00013467338797331139,4.838945998889415,0.005465450396141246,0.09733793101872106,0.0
19578,1.0,0.05,0.00013467338797331139,4.838945998889415,0.005465450396141246,0.0884623090895565,0.0
19579,1.0,0.05,0.00013467338797331139,4.838945998889415,0.005465450396141246,0.0884623090895565,0.0
19580,1.0,0.05,0.00013467338797331139,7.949540151796825,0.005465450396141246,0.0884623090895565,0.0
19581,1.0,0.05,0.00013467338797331139,7.949540151796825,0.005465450396141246,0.0884623090895565,0.0
19582,1.0,0.05,0.00013467338797331139,9.72492652719994,0.005465450396141246,0.0884623090895565,0.0
19583,1.0,0.05,0.00013467338797331139,9.72492652719994,0.005465450396141246,0.0884623090895565,0.0
19584,1.0,0.05,0.00013467338797331139,9.72492652719994,0.005465450396141246,0.0884623090895565,0.0
19585,1.0,0.05,0.00013467338797331139,9.72492652719994,0.005465450396141246,0.0884623090895565,0.0
19586,1.0,0.05,0.00013350236020436405,9.72492652719994,0.005465450396141246,0.0884623090895565,0.0
19587,1.0,0.05,0.00013350236020436405,9.72492652719994,0.005465450396141246,0.0884623090895565,0.0
19588,1.0,0.05,0.00013350236020436405,9.72492652719994,0.005465450396141246,0.0884623090895565,0.0
19589,1.0,0.05,0.00013350236020436405,9.72492652719994,0.005465450396141246,0.08128595678185842,0.0
19590,1.0,0.05,0.00013350236020436405,9.72492652719994,0.005465450396141246,0.08128595678185842,0.0
19591,1.0,0.05,0.00013350236020436405,8.65266638149977,0.005465450396141246,0.08128595678185842,0.0
19592,1.0,0.05,0.00013350236020436405,8.65266638149977,0.005465450396141246,0.08128595678185842,0.0
19593,1.0,0.05,0.00013350236020436405,8.65266638149977,0.005465450396141246,0.08128595678185842,0.0
19594,1.0,0.05,0.00013350236020436405,8.65266638149977,0.005465450396141246,0.08128595678185842,0.0
19595,1.0,0.05,0.00013350236020436405,8.65266638149977,0.005465450396141246,0.08128595678185842,0.0
19596,1.0,0.05,0.00013350236020436405,8.65266638149977,0.005465450396141246,0.08128595678185842,0.0
19597,1.0,0.05,0.00013350236020436405,8.65266638149977,0.0055000574520200065,0.08128595678185842,0.0
19598,1.0,0.05,0.00013350236020436405,8.65266638149977,0.0055000574520200065,0.11201967461361997,0.0
19599,1.0,0.05,0.00012993491435913992,8.65266638149977,0.0055000574520200065,0.11202295686904286,0.0
19600,1.0,0.05,0.00012993491435913992,11.310907567614123,0.0055000574520200065,0.09533209282920008,0.0
19601,1.0,0.05,0.00012993491435913992,11.310907567614123,0.0055000574520200065,0.09533209282920008,0.0
19602,1.0,0.05,0.00012993491435913992,11.310907567614123,0.0055000574520200065,0.09533209282920008,0.0
19603,1.0,0.05,0.00012993491435913992,11.310907567614123,0.0055000574520200065,0.09533209282920008,0.0
19604,1.0,0.05,0.00012993491435913992,11.310907567614123,0.0055000574520200065,0.09533209282920008,0.0
19605,1.0,0.05,0.00012993491435913992,10.788565214038243,0.0055000574520200065,0.09533209282920008,0.0
19606,1.0,0.05,0.00012993491435913992,10.788565214038243,0.0055000574520200065,0.10948591837091709,0.0
19607,1.0,0.05,0.00012993491435913992,10.788565214038243,0.0055000574520200065,0.10948591837091709,0.0
19608,1.0,0.05,0.00012993491435913992,10.788565214038243,0.0055000574520200065,0.10182640410910723,0.0
19609,1.0,0.05,0.00012993491435913992,10.788565214038243,0.0055000574520200065,0.10182640410910723,0.0
19610,1.0,0.05,0.00012993491435913992,10.788565214038243,0.0055000574520200065,0.10182640410910723,0.0
19611,1.0,0.05,0.00012993491435913992,10.788565214038243,0.0055000574520200065,0.1049421244841463,0.0
19612,1.0,0.05,0.00012993491435913992,10.788565214038243,0.0055000574520200065,0.1049421244841463,0.0
19613,1.0,0.05,0.00012993491435913992,10.788565214038243,0.0055000574520200065,0.1049421244841463,0.0
19614,1.0,0.05,0.00012993491435913992,12.62811069139336,0.0055000574520200065,0.1049421244841463,0.0
19615,1.0,0.05,0.00012993491435913992,6.620908925228861,0.006332987382819056,0.1049421244841463,0.0
19616,1.0,0.05,0.00012993491435913992,6.620908925228861,0.006332987382819056,0.1049421244841463,0.0
19617,1.0,0.05,0.00012993491435913992,6.620908925228861,0.006332987382819056,0.1049421244841463,0.0
19618,1.0,0.05,0.00012993491435913992,6.620908925228861,0.006332987382819056,0.13741305214013116,0.0
19619,1.0,0.05,0.00012737375467176078,6.620908925228861,0.006332987382819056,0.13741305214013116,0.0
19620,1.0,0.05,0.00012737375467176078,6.620908925228861,0.006332987382819056,0.13741305214013116,0.0
19621,1.0,0.05,0.00012737375467176078,6.620908925228861,0.006332987382819056,0.13741305214013116,0.0
19622,1.0,0.05,0.00012737375467176078,6.620908925228861,0.006332987382819056,0.13741305214013116,0.0
19623,1.0,0.05,0.00012737375467176078,6.620908925228861,0.006332987382819056,0.13741305214013116,0.0
19624,1.0,0.05,0.00012737375467176078,6.620908925228861,0.006332987382819056,0.13741305214013116,0.0
19625,1.0,0.05,0.00012737375467176078,6.620908925228861,0.006332987382819056,0.13741305214013116,0.0
19626,1.0,0.05,0.00012737375467176078,7.76377103780375,0.006332987382819056,0.13741305214013116,0.0
19627,1.0,0.05,0.00012737375467176078,7.76377103780375,0.006332987382819056,0.13741305214013116,0.0
19628,1.0,0.05,0.00012737375467176078,7.76377103780375,0.006332987382819056,0.13741305214013116,0.0
19629,1.0,0.05,0.00012737375467176078,7.76377103780375,0.006332987382819056,0.13741305214013116,0.0
19630,1.0,0.05,0.000126230377098596,7.76377103780375,0.006332987382819056,0.13741305214013116,0.0
19631,1.0,0.05,0.000126230377098596,7.76377103780375,0.006332987382819056,0.13741305214013116,0.0
19632,1.0,0.05,0.000126230377098596,7.76377103780375,0.006332987382819056,0.13741305214013116,0.0
19633,1.0,0.05,0.000126230377098596,7.76377103780375,0.006895166867759291,0.13741305214013116,0.0
19634,1.0,0.05,0.000126230377098596,7.76377103780375,0.006895166867759291,0.13741305214013116,0.0
19635,1.0,0.05,0.000126230377098596,7.76377103780375,0.006895166867759291,0.13741305214013116,0.0
19636,1.0,0.05,0.000126230377098596,7.76377103780375,0.005468996096921149,0.13741305214013116,0.0
19637,1.0,0.05,0.000126230377098596,5.9179157032722,0.005468996096921149,0.13741305214013116,0.0
19638,1.0,0.05,0.000126230377098596,6.996955900743757,0.005468996096921149,0.13741305214013116,0.0
19639,1.0,0.05,0.000126230377098596,6.996955900743757,0.005468996096921149,0.13580492374744646,0.0
19640,1.0,0.05,0.000126230377098596,6.996955900743757,0.006608200251734729,0.10556705085019698,0.0
19641,1.0,0.05,0.000126230377098596,6.996955900743757,0.0061219513356982275,0.10556705085019698,0.0
19642,1.0,0.05,0.000126230377098596,6.996955900743757,0.0061219513356982275,0.10556705085019698,0.0
19643,1.0,0.05,0.000126230377098596,6.996955900743757,0.0061219513356982275,0.10556705085019698,0.0
19644,1.0,0.05,0.000126230377098596,6.996955900743757,0.0061219513356982275,0.10556705085019698,0.0
19645,1.0,0.05,0.000126230377098596,6.996955900743757,0.0061219513356982275,0.13625360103370507,0.0
19646,1.0,0.05,0.000126230377098596,6.996955900743757,0.0061219513356982275,0.13625360103370507,0.0
19647,1.0,0.05,0.000126230377098596,6.996955900743757,0.00648516552720986,0.13625360103370507,0.0
19648,1.0,0.05,0.000126230377098596,6.996955900743757,0.00648516552720986,0.13625360103370507,0.0
19649,1.0,0.05,0.000126230377098596,6.996955900743757,0.00648516552720986,0.13625360103370507,0.0
19650,1.0,0.05,0.000126230377098596,6.996955900743757,0.00648516552720986,0.13625360103370507,0.0
19651,1.0,0.05,0.000126230377098596,6.996955900743757,0.00648516552720986,0.13625360103370507,0.0
19652,1.0,0.05,0.000126230377098596,6.996955900743757,0.00648516552720986,0.13625360103370507,0.0
19653,1.0,0.05,0.000126230377098596,6.996955900743757,0.00648516552720986,0.13625360103370507,0.0
19654,1.0,0.05,0.000126230377098596,6.996955900743757,0.00648516552720986,0.13625360103370507,0.0
19655,1.0,0.05,0.000126230377098596,6.996955900743757,0.00648516552720986,0.12897024360842801,0.0
19656,1.0,0.05,0.000126230377098596,6.996955900743757,0.00648516552720986,0.11904377169383508,0.0
19657,1.0,0.05,0.000126230377098596,13.408193426728829,0.00648516552720986,0.11904377169383508,0.0
19658,1.0,0.05,0.000126230377098596,13.408193426728829,0.0067757690338638476,0.11904377169383508,0.0
19659,1.0,0.05,0.000126230377098596,13.408193426728829,0.0067757690338638476,0.11904377169383508,0.0
19660,1.0,0.05,0.000126230377098596,13.408193426728829,0.0067757690338638476,0.11904377169383508,0.0
19661,1.0,0.05,0.000126230377098596,13.408193426728829,0.0067757690338638476,0.11904377169383508,0.0
19662,1.0,0.05,0.000126230377098596,4.366769699162049,0.0067757690338638476,0.11904377169383508,0.0
19663,1.0,0.05,0.000126230377098596,4.366769699162049,0.0067757690338638476,0.11904377169383508,0.0
19664,1.0,0.05,0.000126230377098596,4.366769699162049,0.0067757690338638476,0.11904377169383508,0.0
19665,1.0,0.05,0.000126230377098596,4.366769699162049,0.0067757690338638476,0.11904377169383508,0.0
19666,1.0,0.05,0.000126230377098596,4.366769699162049,0.005450439844773273,0.1278366446716274,0.0
19667,1.0,0.05,0.000126230377098596,11.426506706016525,0.0061324696236865735,0.1278366446716274,0.0
19668,1.0,0.05,0.000126230377098596,11.426506706016525,0.0061324696236865735,0.09248453746606093,0.0
19669,1.0,0.05,0.000126230377098596,11.426506706016525,0.0061324696236865735,0.09248453746606093,0.0
19670,1.0,0.05,0.000126230377098596,11.426506706016525,0.0061324696236865735,0.09248453746606093,0.0
19671,1.0,0.05,0.000126230377098596,11.426506706016525,0.0061324696236865735,0.09248453746606093,0.0
19672,1.0,0.05,0.00012183628893577689,11.426506706016525,0.006968067265081975,0.09248453746606093,0.0
19673,1.0,0.05,0.00012183628893577689,11.426506706016525,0.006968067265081975,0.09248453746606093,0.0
19674,1.0,0.05,0.00012183628893577689,11.426506706016525,0.006968067265081975,0.09248453746606093,0.0
19675,1.0,0.05,0.00012183628893577689,11.426506706016525,0.006968067265081975,0.09248453746606093,0.0
19676,1.0,0.05,0.00012183628893577689,18.369152559208743,0.007359964348472755,0.09248453746606093,0.0
19677,1.0,0.05,0.00012183628893577689,18.369152559208743,0.007359964348472755,0.09248453746606093,0.0
19678,1.0,0.05,0.00012183628893577689,18.369152559208743,0.007359964348472755,0.09248453746606093,0.0
19679,1.0,0.05,0.00012183628893577689,18.369152559208743,0.007359964348472755,0.09248453746606093,0.0
19680,1.0,0.05,0.00012183628893577689,18.369152559208743,0.007359964348472755,0.09248453746606093,0.0
19681,1.0,0.05,0.00012183628893577689,18.369152559208743,0.007359964348472755,0.09248453746606093,0.0
19682,1.0,0.05,0.00012183628893577689,12.05453745886939,0.00692918653494363,0.09248453746606093,0.0
19683,1.0,0.05,0.0001214182328515832,12.05453745886939,0.00692918653494363,0.1401471865021638,0.0
19684,1.0,0.05,0.0001214182328515832,12.05453745886939,0.00692918653494363,0.1401471865021638,0.0
19685,1.0,0.05,0.0001214182328515832,12.05453745886939,0.00692918653494363,0.1401471865021638,0.0
19686,1.0,0.05,0.0001214182328515832,12.05453745886939,0.00692918653494363,0.1401471865021638,0.0
19687,1.0,0.05,0.0001214182328515832,12.05453745886939,0.00692918653494363,0.10380869049184081,0.0
19688,1.0,0.05,0.0001214182328515832,12.05453745886939,0.00692918653494363,0.10380869049184081,0.0
19689,1.0,0.05,0.0001214182328515832,11.599548589553706,0.00692918653494363,0.10121606726370731,0.0
19690,1.0,0.05,0.0001214182328515832,9.44834920841393,0.00692918653494363,0.10121606726370731,0.0
19691,1.0,0.05,0.0001214182328515832,9.44834920841393,0.00692918653494363,0.16089548742232246,0.0
19692,1.0,0.05,0.0001214182328515832,9.44834920841393,0.00692918653494363,0.16089548742232246,0.0
19693,1.0,0.05,0.0001214182328515832,9.78909632506975,0.00692918653494363,0.16089548742232246,0.0
19694,1.0,0.05,0.0001214182328515832,9.78909632506975,0.006681874903753531,0.16089548742232246,0.0
19695,1.0,0.05,0.0001214182328515832,9.78909632506975,0.006878153391500038,0.14369370997428088,0.0
19696,1.0,0.05,0.0001214182328515832,9.78909632506975,0.006878153391500038,0.14369370997428088,0.0
19697,1.0,0.05,0.0001214182328515832,9.78909632506975,0.00800840719335129,0.1480412978350027,0.0
19698,1.0,0.05,0.0001214182328515832,9.78909632506975,0.00800840719335129,0.1480412978350027,0.0
19699,1.0,0.05,0.0001214182328515832,9.78909632506975,0.00800840719335129,0.1480412978350027,0.0
19700,1.0,0.05,0.0001214182328515832,9.78909632506975,0.00800840719335129,0.1480412978350027,0.0
19701,1.0,0.05,0.0001214182328515832,9.78909632506975,0.007205960143634753,0.1480412978350027,0.0
19702,1.0,0.05,0.00012026617284350568,9.78909632506975,0.007205960143634753,0.1480412978350027,0.0
19703,1.0,0.05,0.00012026617284350568,9.78909632506975,0.007205960143634753,0.1480412978350027,0.0
19704,1.0,0.05,0.00012026617284350568,9.78909632506975,0.007205960143634753,0.1480412978350027,0.0
19705,1.0,0.05,0.00012026617284350568,9.78909632506975,0.007205960143634753,0.1480412978350027,0.0
19706,1.0,0.05,0.0001168148012266488,9.78909632506975,0.00763028087624802,0.1480412978350027,0.0
19707,1.0,0.05,0.0001168148012266488,9.78909632506975,0.007619283687313034,0.1480412978350027,0.0
19708,1.0,0.05,0.0001168148012266488,9.78909632506975,0.007619283687313034,0.1480412978350027,0.0
19709,1.0,0.05,0.0001168148012266488,9.78909632506975,0.007619283687313034,0.1480412978350027,0.0
19710,1.0,0.05,0.0001168148012266488,9.78909632506975,0.007619283687313034,0.1480412978350027,0.0
19711,1.0,0.05,0.0001168148012266488,9.78909632506975,0.007619283687313034,0.1480412978350027,0.0
19712,1.0,0.05,0.0001168148012266488,9.78909632506975,0.007619283687313034,0.1480412978350027,0.0
19713,1.0,0.05,0.0001168148012266488,9.78909632506975,0.007619283687313034,0.1480412978350027,0.0
19714,1.0,0.05,0.0001168148012266488,9.78909632506975,0.007619283687313034,0.1480412978350027,0.0
19715,1.0,0.05,0.00011805956936533436,9.78909632506975,0.007619283687313034,0.1480412978350027,0.0
19716,1.0,0.05,0.00011805956936533436,10.606388533556327,0.0077250082224664075,0.1480412978350027,0.0
19717,1.0,0.05,0.00011805956936533436,10.606388533556327,0.0077250082224664075,0.1480412978350027,0.0
19718,1.0,0.05,0.00011805956936533436,10.606388533556327,0.0077250082224664075,0.1480412978350027,0.0
19719,1.0,0.05,0.00011805956936533436,10.606388533556327,0.0077250082224664075,0.1480412978350027,0.0
19720,1.0,0.05,0.00011805956936533436,10.606388533556327,0.0077250082224664075,0.1362906454123265,0.0
19721,1.0,0.05,0.00011805956936533436,10.606388533556327,0.0077250082224664075,0.1362906454123265,0.0
19722,1.0,0.05,0.00011805956936533436,10.606388533556327,0.007521446648964836,0.1362906454123265,0.0
19723,1.0,0.05,0.00011805956936533436,10.606388533556327,0.007521446648964836,0.1362906454123265,0.0
19724,1.0,0.05,0.00011805956936533436,10.606388533556327,0.008684832554153529,0.1362906454123265,0.0
19725,1.0,0.05,0.00011736225524553596,10.606388533556327,0.008684832554153529,0.1754694300652673,0.0
19726,1.0,0.05,0.00011736225524553596,10.606388533556327,0.008684832554153529,0.1754694300652673,0.0
19727,1.0,0.05,0.00011736225524553596,10.606388533556327,0.008684832554153529,0.1754694300652673,0.0
19728,1.0,0.05,0.00011736225524553596,10.606388533556327,0.008684832554153529,0.1754694300652673,0.0
19729,1.0,0.05,0.00010585688012046845,10.606388533556327,0.0087125396784179,0.1754694300652673,0.0
19730,1.0,0.05,0.00010585688012046845,10.606388533556327,0.007407290498317592,0.1754694300652673,0.0
19731,1.0,0.05,0.00010585688012046845,10.606388533556327,0.00892425357847753,0.1754694300652673,0.0
19732,1.0,0.05,0.00010585688012046845,10.606388533556327,0.00892425357847753,0.1754694300652673,0.0
19733,1.0,0.05,0.00010585688012046845,10.606388533556327,0.00892425357847753,0.1754694300652673,0.0
19734,1.0,0.05,0.00011869064597598778,10.606388533556327,0.00892425357847753,0.1754694300652673,0.0
19735,1.0,0.05,0.00011869064597598778,10.606388533556327,0.008475756883492938,0.1754694300652673,0.0
19736,1.0,0.05,0.00011869064597598778,10.606388533556327,0.008555101960977715,0.19433756845802838,0.0
19737,1.0,0.05,0.00011869064597598778,6.223785090897252,0.008555101960977715,0.19433756845802838,0.0
19738,1.0,0.05,0.00011934802482707878,6.223785090897252,0.007432456764039433,0.19433756845802838,0.0
19739,1.0,0.05,0.00011934802482707878,6.223785090897252,0.007432456764039433,0.19433756845802838,0.0
19740,1.0,0.05,0.00011934802482707878,6.223785090897252,0.0074755571076466805,0.21714418042715605,0.0
19741,1.0,0.05,0.00011934802482707878,6.223785090897252,0.0074755571076466805,0.21714418042715605,0.0
19742,1.0,0.05,0.00011934802482707878,5.998902762732229,0.0074755571076466805,0.18965725136307424,0.0
19743,1.0,0.05,0.00011722845796835007,5.998902762732229,0.0074755571076466805,0.18965725136307424,0.0
19744,1.0,0.05,0.00011722845796835007,5.998902762732229,0.0074755571076466805,0.1800334695903277,0.0
19745,1.0,0.05,0.00011722845796835007,9.806349010879671,0.0074755571076466805,0.1800334695903277,0.0
19746,1.0,0.05,0.0001185831542893388,9.806349010879671,0.0074755571076466805,0.1800334695903277,0.0
19747,1.0,0.05,0.0001185831542893388,9.806349010879671,0.0074755571076466805,0.1858023946438162,0.0
19748,1.0,0.05,0.0001185831542893388,9.806349010879671,0.007493161887366476,0.16458693047356537,0.0
19749,1.0,0.05,0.0001185831542893388,9.806349010879671,0.007493161887366476,0.16458693047356537,0.0
19750,1.0,0.05,0.0001185831542893388,9.806349010879671,0.007472143686984308,0.16458693047356537,0.0
19751,1.0,0.05,0.0001185831542893388,9.806349010879671,0.007472143686984308,0.11338541451291309,0.0
19752,1.0,0.05,0.0001185831542893388,9.806349010879671,0.007472143686984308,0.11338541451291309,0.0
19753,1.0,0.05,0.0001185831542893388,9.806349010879671,0.007472143686984308,0.11338541451291309,0.0
19754,1.0,0.05,0.0001185831542893388,9.806349010879671,0.007472143686984308,0.11338541451291309,0.0
19755,1.0,0.05,0.0001185831542893388,9.806349010879671,0.007472143686984308,0.11338541451291309,0.0
19756,1.0,0.05,0.0001185831542893388,9.806349010879671,0.006969448798302845,0.11338541451291309,0.0
19757,1.0,0.05,0.00012667040386078399,9.806349010879671,0.006969448798302845,0.11338541451291309,0.0
19758,1.0,0.05,0.00012667040386078399,9.806349010879671,0.006969448798302845,0.11338541451291309,0.0
19759,1.0,0.05,0.00012667040386078399,9.806349010879671,0.006969448798302845,0.11338541451291309,0.0
19760,1.0,0.05,0.00012667040386078399,9.806349010879671,0.006969448798302845,0.11338541451291309,0.0
19761,1.0,0.05,0.00012848580853949733,9.806349010879671,0.006969448798302845,0.11338541451291309,0.0
19762,1.0,0.05,0.00012848580853949733,9.806349010879671,0.006969448798302845,0.11338541451291309,0.0
19763,1.0,0.05,0.00012848580853949733,11.130782042399545,0.006969448798302845,0.11338541451291309,0.0
19764,1.0,0.05,0.00012848580853949733,11.130782042399545,0.006969448798302845,0.11338541451291309,0.0
19765,1.0,0.05,0.00011617778315885945,11.892579661065852,0.006969448798302845,0.11338541451291309,0.0
19766,1.0,0.05,0.00011617778315885945,11.892579661065852,0.006969448798302845,0.12395806315714887,0.0
19767,1.0,0.05,0.00011617778315885945,11.892579661065852,0.006969448798302845,0.12395806315714887,0.0
19768,1.0,0.05,0.00011617778315885945,11.892579661065852,0.006969448798302845,0.12395806315714887,0.0
19769,1.0,0.05,0.00012111244893808476,11.892579661065852,0.006969448798302845,0.12395806315714887,0.0
19770,1.0,0.05,0.00012111244893808476,9.725435212729863,0.006969448798302845,0.12395806315714887,0.0
19771,1.0,0.05,0.00012111244893808476,9.725435212729863,0.006969448798302845,0.12395806315714887,0.0
19772,1.0,0.05,0.00012232352954212605,9.725435212729863,0.006969448798302845,0.12395806315714887,0.0
19773,1.0,0.05,0.00012232352954212605,9.725435212729863,0.006969448798302845,0.12395806315714887,0.0
19774,1.0,0.05,0.00012232352954212605,12.498093206270937,0.006969448798302845,0.12395806315714887,0.0
19775,1.0,0.05,0.00012232352954212605,12.498093206270937,0.006562765476917784,0.12395806315714887,0.0
19776,1.0,0.05,0.00012232352954212605,12.498093206270937,0.006562765476917784,0.12395806315714887,0.0
19777,1.0,0.05,0.00012232352954212605,12.498093206270937,0.006562765476917784,0.12395806315714887,0.0
19778,1.0,0.05,0.00012232352954212605,12.498093206270937,0.006562765476917784,0.12395806315714887,0.0
19779,1.0,0.05,0.00012232352954212605,12.498093206270937,0.007193612988407981,0.12395806315714887,0.0
19780,1.0,0.05,0.0001220725092744453,12.498093206270937,0.007193612988407981,0.12395806315714887,0.0
19781,1.0,0.05,0.0001220725092744453,12.498093206270937,0.007193612988407981,0.12395806315714887,0.0
19782,1.0,0.05,0.0001220725092744453,12.896961523287189,0.006491704184584888,0.12395806315714887,0.0
19783,1.0,0.05,0.0001220725092744453,12.896961523287189,0.006491704184584888,0.08972944394403756,0.0
19784,1.0,0.05,0.0001220725092744453,12.896961523287189,0.0065990865634325165,0.09600398626701352,0.0
19785,1.0,0.05,0.0001220725092744453,12.896961523287189,0.0065990865634325165,0.09600398626701352,0.0
19786,1.0,0.05,0.0001220725092744453,12.896961523287189,0.0065990865634325165,0.13602093633054835,0.0
19787,1.0,0.05,0.0001220725092744453,12.896961523287189,0.0065990865634325165,0.08920656211997333,0.0
19788,1.0,0.05,0.0001220725092744453,12.896961523287189,0.006805136733467967,0.08920656211997333,0.0
19789,1.0,0.05,0.0001220725092744453,12.896961523287189,0.006805136733467967,0.08920656211997333,0.0
19790,1.0,0.05,0.0001220725092744453,12.896961523287189,0.006805136733467967,0.08920656211997333,0.0
19791,1.0,0.05,0.0001220725092744453,12.896961523287189,0.006805136733467967,0.08920656211997333,0.0
19792,1.0,0.05,0.00011913785187054419,12.896961523287189,0.006805136733467967,0.12451506612015706,0.0
19793,1.0,0.05,0.00011913785187054419,12.896961523287189,0.006805136733467967,0.12451506612015706,0.0
19794,1.0,0.05,0.00011913785187054419,12.896961523287189,0.006805136733467967,0.12451506612015706,0.0
19795,1.0,0.05,0.00011913785187054419,12.896961523287189,0.006805136733467967,0.12234642957341482,0.0
19796,1.0,0.05,0.00011913785187054419,12.896961523287189,0.006805136733467967,0.12234642957341482,0.0
19797,1.0,0.05,0.00011913785187054419,12.896961523287189,0.0068138178600244985,0.12234642957341482,0.0
19798,1.0,0.05,0.00011913785187054419,12.896961523287189,0.0068138178600244985,0.12234642957341482,0.0
19799,1.0,0.05,0.00011913785187054419,12.896961523287189,0.0068138178600244985,0.12234642957341482,0.0
19800,1.0,0.05,0.00011913785187054419,12.896961523287189,0.0068138178600244985,0.12234642957341482,0.0
19801,1.0,0.05,0.00011913785187054419,12.896961523287189,0.0068138178600244985,0.12234642957341482,0.0
19802,1.0,0.05,0.00011913785187054419,13.652381510420739,0.006787730127244848,0.12234642957341482,0.0
19803,1.0,0.05,0.00011913785187054419,13.652381510420739,0.006787730127244848,0.12234642957341482,0.0
19804,1.0,0.05,0.00011913785187054419,13.652381510420739,0.006787730127244848,0.12234642957341482,0.0
19805,1.0,0.05,0.00011913785187054419,13.652381510420739,0.006787730127244848,0.11359180379430378,0.0
19806,1.0,0.05,0.00011913785187054419,13.652381510420739,0.006987083684343115,0.11359180379430378,0.0
19807,1.0,0.05,0.00011913785187054419,13.652381510420739,0.006987083684343115,0.11359180379430378,0.0
19808,1.0,0.05,0.00011913785187054419,15.359338300450801,0.006987083684343115,0.11359180379430378,0.0
19809,1.0,0.05,0.00011913785187054419,15.359338300450801,0.006987083684343115,0.11359180379430378,0.0
19810,1.0,0.05,0.00011815652744420829,15.359338300450801,0.007732324304646947,0.11359180379430378,0.0
19811,1.0,0.05,0.00011815652744420829,9.117991736620468,0.007732324304646947,0.11359180379430378,0.0
19812,1.0,0.05,0.00011815652744420829,9.587005956488227,0.007732324304646947,0.2063848648757921,0.0
19813,1.0,0.05,0.00011815652744420829,9.587005956488227,0.007793986810642429,0.2063848648757921,0.0
19814,1.0,0.05,0.00011043223974171897,9.587005956488227,0.0076188484186821325,0.2063848648757921,0.0
19815,1.0,0.05,0.00011043223974171897,9.587005956488227,0.0076188484186821325,0.2063848648757921,0.0
19816,1.0,0.05,0.00011043223974171897,9.587005956488227,0.0076188484186821325,0.2063848648757921,0.0
19817,1.0,0.05,0.00011043223974171897,9.587005956488227,0.0076188484186821325,0.1601583642466735,0.0
19818,1.0,0.05,0.00011043223974171897,9.587005956488227,0.008423120599446826,0.1601583642466735,0.0
19819,1.0,0.05,0.00011645382008243041,9.587005956488227,0.008423120599446826,0.1601583642466735,0.0
19820,1.0,0.05,0.00011645382008243041,9.587005956488227,0.00779695631641322,0.1601583642466735,0.0
19821,1.0,0.05,0.00011645382008243041,9.587005956488227,0.00779695631641322,0.17859652557562503,0.0
19822,1.0,0.05,0.00011611712303634646,9.587005956488227,0.00779695631641322,0.17859652557562503,0.0
19823,1.0,0.05,0.00011611712303634646,9.587005956488227,0.00779695631641322,0.17859652557562503,0.0
19824,1.0,0.05,0.00011611712303634646,9.587005956488227,0.00779695631641322,0.17859652557562503,0.0
19825,1.0,0.05,0.0001132400710167319,9.587005956488227,0.00779695631641322,0.17859652557562503,0.0
19826,1.0,0.05,0.0001132400710167319,9.587005956488227,0.00779695631641322,0.17859652557562503,0.0
19827,1.0,0.05,0.0001132400710167319,9.587005956488227,0.00779695631641322,0.17859652557562503,0.0
19828,1.0,0.05,0.0001132400710167319,9.587005956488227,0.00779695631641322,0.17859652557562503,0.0
19829,1.0,0.05,0.0001132400710167319,9.587005956488227,0.00779695631641322,0.17859652557562503,0.0
19830,1.0,0.05,0.0001132400710167319,9.587005956488227,0.00779695631641322,0.17859652557562503,0.0
19831,1.0,0.05,0.0001132400710167319,9.587005956488227,0.00779695631641322,0.17859652557562503,0.0
19832,1.0,0.05,0.0001132400710167319,9.587005956488227,0.007613380901760982,0.17859652557562503,0.0
19833,1.0,0.05,0.00011308849741204993,9.587005956488227,0.007613380901760982,0.17859652557562503,0.0
19834,1.0,0.05,0.00011308849741204993,9.587005956488227,0.007613380901760982,0.17859652557562503,0.0
19835,1.0,0.05,0.00011308849741204993,9.587005956488227,0.007613380901760982,0.16872333389217709,0.0
19836,1.0,0.05,0.00011308849741204993,9.587005956488227,0.007613380901760982,0.16872333389217709,0.0
19837,1.0,0.05,0.00011308849741204993,9.587005956488227,0.007613380901760982,0.16872333389217709,0.0
19838,1.0,0.05,0.00011308849741204993,9.587005956488227,0.007613380901760982,0.1818094753268334,0.0
19839,1.0,0.05,0.00011308849741204993,9.587005956488227,0.007844391357084821,0.1818094753268334,0.0
19840,1.0,0.05,0.00011308849741204993,9.587005956488227,0.007844391357084821,0.1818094753268334,0.0
19841,1.0,0.05,0.00011308849741204993,9.587005956488227,0.007844391357084821,0.1818094753268334,0.0
19842,1.0,0.05,0.00011308849741204993,9.587005956488227,0.007844391357084821,0.21052159381665939,0.0
19843,1.0,0.05,0.00011308849741204993,9.587005956488227,0.007844391357084821,0.2010558063320311,0.0
19844,1.0,0.05,0.00011308849741204993,9.587005956488227,0.007844391357084821,0.2010558063320311,0.0
19845,1.0,0.05,0.00011308849741204993,9.587005956488227,0.007844391357084821,0.22342673497749269,0.0
19846,1.0,0.05,0.00011308849741204993,9.587005956488227,0.007844391357084821,0.13952145474513403,0.0
19847,1.0,0.05,0.00011308849741204993,9.587005956488227,0.007844391357084821,0.13952145474513403,0.0
19848,1.0,0.05,0.00011308849741204993,9.587005956488227,0.007844391357084821,0.1891476319971342,0.0
19849,1.0,0.05,0.00011308849741204993,9.587005956488227,0.007844391357084821,0.1965295646801311,0.0
19850,1.0,0.05,0.00011308849741204993,9.587005956488227,0.007844391357084821,0.1965295646801311,0.0
19851,1.0,0.05,0.00011308849741204993,9.587005956488227,0.007844391357084821,0.1965295646801311,0.0
19852,1.0,0.05,0.00011308849741204993,9.587005956488227,0.007844391357084821,0.1965295646801311,0.0
19853,1.0,0.05,0.00011308849741204993,9.587005956488227,0.007844391357084821,0.1965295646801311,0.0
19854,1.0,0.05,0.00011308849741204993,9.587005956488227,0.007844391357084821,0.1965295646801311,0.0
19855,1.0,0.05,0.00011308849741204993,9.587005956488227,0.007844391357084821,0.1965295646801311,0.0
19856,1.0,0.05,0.00011308849741204993,9.587005956488227,0.007844391357084821,0.1965295646801311,0.0
19857,1.0,0.05,0.00011308849741204993,13.892670491803514,0.007844391357084821,0.15046878460263352,0.0
19858,1.0,0.05,0.00011308849741204993,13.892670491803514,0.007844391357084821,0.15046878460263352,0.0
19859,1.0,0.05,0.00011308849741204993,13.892670491803514,0.007844391357084821,0.15046878460263352,0.0
19860,1.0,0.05,0.00011308849741204993,13.892670491803514,0.0076156069378406945,0.15046878460263352,0.0
19861,1.0,0.05,0.00011308849741204993,13.892670491803514,0.0076156069378406945,0.15046878460263352,0.0
19862,1.0,0.05,0.00011308849741204993,13.892670491803514,0.0076156069378406945,0.15046878460263352,0.0
19863,1.0,0.05,0.00011308849741204993,13.892670491803514,0.0076156069378406945,0.15046878460263352,0.0
19864,1.0,0.05,0.00011308849741204993,13.892670491803514,0.0076156069378406945,0.15046878460263352,0.0
19865,1.0,0.05,0.00011308849741204993,13.892670491803514,0.0072749993582286515,0.15046878460263352,0.0
19866,1.0,0.05,0.00011308849741204993,13.892670491803514,0.0072749993582286515,0.15046878460263352,0.0
19867,1.0,0.05,0.00011308849741204993,13.892670491803514,0.0072749993582286515,0.15046878460263352,0.0
19868,1.0,0.05,0.00011308849741204993,13.892670491803514,0.0072749993582286515,0.15046878460263352,0.0
19869,1.0,0.05,0.00011308849741204993,13.706981686925587,0.008249311954602039,0.15046878460263352,0.0
19870,1.0,0.05,0.00011308849741204993,13.706981686925587,0.008249311954602039,0.15046878460263352,0.0
19871,1.0,0.05,0.00011308849741204993,13.706981686925587,0.008249311954602039,0.15046878460263352,0.0
19872,1.0,0.05,0.00011308849741204993,13.706981686925587,0.00835449375655785,0.15137629445237083,0.0
19873,1.0,0.05,0.00011308849741204993,13.706981686925587,0.00835449375655785,0.15137629445237083,0.0
19874,1.0,0.05,0.00011308849741204993,11.166579380682705,0.00835449375655785,0.15137629445237083,0.0
19875,1.0,0.05,0.00011308849741204993,11.166579380682705,0.007218544711886822,0.15137629445237083,0.0
19876,1.0,0.05,0.00011308849741204993,11.166579380682705,0.007218544711886822,0.15137629445237083,0.0
19877,1.0,0.05,0.00011308849741204993,12.991569076295278,0.008411775655357147,0.15137629445237083,0.0
19878,1.0,0.05,0.00011308849741204993,12.991569076295278,0.007727393365211532,0.12353555001043147,0.0
19879,1.0,0.05,0.00011308849741204993,12.991569076295278,0.007727393365211532,0.12353555001043147,0.0
19880,1.0,0.05,0.00011308849741204993,12.991569076295278,0.007727393365211532,0.12353555001043147,0.0
19881,1.0,0.05,0.00011308849741204993,12.991569076295278,0.007727393365211532,0.151711593830414,0.0
19882,1.0,0.05,0.00011308849741204993,12.991569076295278,0.007727393365211532,0.151711593830414,0.0
19883,1.0,0.05,0.00011308849741204993,12.991569076295278,0.007727393365211532,0.17184512323197568,0.0
19884,1.0,0.05,0.00010603875072366871,12.991569076295278,0.008143552990271053,0.17184512323197568,0.0
19885,1.0,0.05,0.00010603875072366871,12.092597606717547,0.008143552990271053,0.17184512323197568,0.0
19886,1.0,0.05,0.00010603875072366871,12.092597606717547,0.008143552990271053,0.17184512323197568,0.0
19887,1.0,0.05,0.00010603875072366871,12.092597606717547,0.008143552990271053,0.17184512323197568,0.0
19888,1.0,0.05,0.00010603875072366871,12.092597606717547,0.008143552990271053,0.17184512323197568,0.0
19889,1.0,0.05,0.00010603875072366871,12.929450841071798,0.007314152173311804,0.17184512323197568,0.0
19890,1.0,0.05,0.00010603875072366871,12.929450841071798,0.007314152173311804,0.17184512323197568,0.0
19891,1.0,0.05,0.00011699586277531807,12.929450841071798,0.007314152173311804,0.13185193496499636,0.0
19892,1.0,0.05,0.00011699586277531807,10.18150596714851,0.007314152173311804,0.13185193496499636,0.0
19893,1.0,0.05,0.00011699586277531807,10.18150596714851,0.007314152173311804,0.13185193496499636,0.0
19894,1.0,0.05,0.00011699586277531807,10.18150596714851,0.007314152173311804,0.13185193496499636,0.0
19895,1.0,0.05,0.00011699586277531807,10.18150596714851,0.007314152173311804,0.11692619306719668,0.0
19896,1.0,0.05,0.00011699586277531807,10.18150596714851,0.007314152173311804,0.11692619306719668,0.0
19897,1.0,0.05,0.00011699586277531807,10.18150596714851,0.007314152173311804,0.1501120838723386,0.0
19898,1.0,0.05,0.00011699586277531807,10.18150596714851,0.007144154804696716,0.14606843143872356,0.0
19899,1.0,0.05,0.00011699586277531807,10.18150596714851,0.007144154804696716,0.14606843143872356,0.0
19900,1.0,0.05,0.00011699586277531807,8.207725413190929,0.007144154804696716,0.14606843143872356,0.0
19901,1.0,0.05,0.00011699586277531807,8.207725413190929,0.007144154804696716,0.14606843143872356,0.0
19902,1.0,0.05,0.00011699586277531807,8.207725413190929,0.007144154804696716,0.14606843143872356,0.0
19903,1.0,0.05,0.00011699586277531807,9.056772855385816,0.007144154804696716,0.14606843143872356,0.0
19904,1.0,0.05,0.00011699586277531807,9.056772855385816,0.007144154804696716,0.12193669776573243,0.0
19905,1.0,0.05,0.00011699586277531807,9.57346507105595,0.007144154804696716,0.12193669776573243,0.0
19906,1.0,0.05,0.00011699586277531807,9.57346507105595,0.007144154804696716,0.12193669776573243,0.0
19907,1.0,0.05,0.00011699586277531807,9.57346507105595,0.006893540759765045,0.1267931868843946,0.0
19908,1.0,0.05,0.00011699586277531807,9.57346507105595,0.006893540759765045,0.1267931868843946,0.0
19909,1.0,0.05,0.00011699586277531807,9.57346507105595,0.006893540759765045,0.1267931868843946,0.0
19910,1.0,0.05,0.00011699586277531807,9.57346507105595,0.006893540759765045,0.1267931868843946,0.0
19911,1.0,0.05,0.00011699586277531807,9.57346507105595,0.006893540759765045,0.1877842055222756,0.0
19912,1.0,0.05,0.0001230923016445374,13.426739483411424,0.006893540759765045,0.1135679251219433,0.0
19913,1.0,0.05,0.0001230923016445374,13.426739483411424,0.006893540759765045,0.1135679251219433,0.0
19914,1.0,0.05,0.0001230923016445374,13.426739483411424,0.006470522344889666,0.1135679251219433,0.0
19915,1.0,0.05,0.0001230923016445374,13.426739483411424,0.006470522344889666,0.1135679251219433,0.0
19916,1.0,0.05,0.0001230923016445374,13.426739483411424,0.006470522344889666,0.1135679251219433,0.0
19917,1.0,0.05,0.0001230923016445374,13.426739483411424,0.006470522344889666,0.1135679251219433,0.0
19918,1.0,0.05,0.0001230923016445374,13.426739483411424,0.006470522344889666,0.11354813653674829,0.0
19919,1.0,0.05,0.0001230923016445374,13.426739483411424,0.007664585225731662,0.10238926951179955,0.0
19920,1.0,0.05,0.0001230923016445374,13.768399809352204,0.007664585225731662,0.10238926951179955,0.0
19921,1.0,0.05,0.0001230923016445374,13.768399809352204,0.007664585225731662,0.10238926951179955,0.0
19922,1.0,0.05,0.0001230923016445374,13.768399809352204,0.007664585225731662,0.10238926951179955,0.0
19923,1.0,0.05,0.0001230923016445374,13.768399809352204,0.007664585225731662,0.10238926951179955,0.0
19924,1.0,0.05,0.0001230923016445374,13.768399809352204,0.007664585225731662,0.10238926951179955,0.0
19925,1.0,0.05,0.0001230923016445374,14.0997603408848,0.007664585225731662,0.10238926951179955,0.0
19926,1.0,0.05,0.0001230923016445374,14.0997603408848,0.007664585225731662,0.10238926951179955,0.0
19927,1.0,0.05,0.00011447156692824078,14.0997603408848,0.007664585225731662,0.10238926951179955,0.0
19928,1.0,0.05,0.00012376711172517265,14.0997603408848,0.007664585225731662,0.10238926951179955,0.0
19929,1.0,0.05,0.00012376711172517265,14.0997603408848,0.007664585225731662,0.10238926951179955,0.0
19930,1.0,0.05,0.0001222488915200223,14.0997603408848,0.007664585225731662,0.10238926951179955,0.0
19931,1.0,0.05,0.0001222488915200223,14.0997603408848,0.007664585225731662,0.10238926951179955,0.0
19932,1.0,0.05,0.0001222488915200223,14.0997603408848,0.007635911608035592,0.10238926951179955,0.0
19933,1.0,0.05,0.0001222488915200223,14.0997603408848,0.007635911608035592,0.11879706295465434,0.0
19934,1.0,0.05,0.0001222488915200223,14.0997603408848,0.007635911608035592,0.11879706295465434,0.0
19935,1.0,0.05,0.0001222488915200223,14.0997603408848,0.007635911608035592,0.11879706295465434,0.0
19936,1.0,0.05,0.0001222488915200223,14.0997603408848,0.007635911608035592,0.11879706295465434,0.0
19937,1.0,0.05,0.00011088223225967446,14.0997603408848,0.007635911608035592,0.11879706295465434,0.0
19938,1.0,0.05,0.00011088223225967446,14.0997603408848,0.007635911608035592,0.11879706295465434,0.0
19939,1.0,0.05,0.00011088223225967446,14.0997603408848,0.007635911608035592,0.11879706295465434,0.0
19940,1.0,0.05,0.00011998708299807512,10.792075389643657,0.007635911608035592,0.11879706295465434,0.0
19941,1.0,0.05,0.00011998708299807512,10.792075389643657,0.007635911608035592,0.11879706295465434,0.0
19942,1.0,0.05,0.00011998708299807512,10.792075389643657,0.007635911608035592,0.11879706295465434,0.0
19943,1.0,0.05,0.00011998708299807512,10.792075389643657,0.007325632688726518,0.11879706295465434,0.0
19944,1.0,0.05,0.00011998708299807512,10.792075389643657,0.007325632688726518,0.11879706295465434,0.0
19945,1.0,0.05,0.00011998708299807512,14.983444436925538,0.007325632688726518,0.11879706295465434,0.0
19946,1.0,0.05,0.00011998708299807512,13.442585695675064,0.007325632688726518,0.11879706295465434,0.0
19947,1.0,0.05,0.00011998708299807512,13.442585695675064,0.007325632688726518,0.11879706295465434,0.0
19948,1.0,0.05,0.00011998708299807512,13.442585695675064,0.007325632688726518,0.11879706295465434,0.0
19949,1.0,0.05,0.00011998708299807512,13.442585695675064,0.007325632688726518,0.11879706295465434,0.0
19950,1.0,0.05,0.00011998708299807512,13.442585695675064,0.007325632688726518,0.11879706295465434,0.0
19951,1.0,0.05,0.00011998708299807512,13.442585695675064,0.007325632688726518,0.11879706295465434,0.0
19952,1.0,0.05,0.00011998708299807512,13.442585695675064,0.007325632688726518,0.11879706295465434,0.0
19953,1.0,0.05,0.00011998708299807512,13.442585695675064,0.006786703870988105,0.11879706295465434,0.0
19954,1.0,0.05,0.00011998708299807512,13.065755277705904,0.006786703870988105,0.11879706295465434,0.0
19955,1.0,0.05,0.00012126495488929431,13.065755277705904,0.006786703870988105,0.11879706295465434,0.0
19956,1.0,0.05,0.00012126495488929431,13.065755277705904,0.006476580253311431,0.11879706295465434,0.0
19957,1.0,0.05,0.00012126495488929431,13.065755277705904,0.006476580253311431,0.11879706295465434,0.0
19958,1.0,0.05,0.00012126495488929431,13.065755277705904,0.006476580253311431,0.11879706295465434,0.0
19959,1.0,0.05,0.00012126495488929431,13.287207712385893,0.006230254281200258,0.11412309525914135,0.0
19960,1.0,0.05,0.00012126495488929431,13.287207712385893,0.006230254281200258,0.11412309525914135,0.0
19961,1.0,0.05,0.00012126495488929431,13.287207712385893,0.006230254281200258,0.11412309525914135,0.0
19962,1.0,0.05,0.00012126495488929431,13.287207712385893,0.006230254281200258,0.11412309525914135,0.0
19963,1.0,0.05,0.00012126495488929431,13.287207712385893,0.006230254281200258,0.11412309525914135,0.0
19964,1.0,0.05,0.00012126495488929431,13.287207712385893,0.006230254281200258,0.11412309525914135,0.0
19965,1.0,0.05,0.00012126495488929431,10.279992724588169,0.006230254281200258,0.11412309525914135,0.0
19966,1.0,0.05,0.00012915397971291972,10.279992724588169,0.006230254281200258,0.11412309525914135,0.0
19967,1.0,0.05,0.00012915397971291972,10.279992724588169,0.006230254281200258,0.11412309525914135,0.0
19968,1.0,0.05,0.00012915397971291972,10.279992724588169,0.006230254281200258,0.11412309525914135,0.0
19969,1.0,0.05,0.00012915397971291972,8.720583233072759,0.006230254281200258,0.11412309525914135,0.0
19970,1.0,0.05,0.00012915397971291972,8.720583233072759,0.006230254281200258,0.11412309525914135,0.0
19971,1.0,0.05,0.00012915397971291972,8.720583233072759,0.006230254281200258,0.11412309525914135,0.0
19972,1.0,0.05,0.00012915397971291972,8.720583233072759,0.0052503856276305385,0.10162145318864371,0.0
19973,1.0,0.05,0.00012915397971291972,8.720583233072759,0.0052503856276305385,0.10162145318864371,0.0
19974,1.0,0.05,0.00012915397971291972,8.720583233072759,0.0052503856276305385,0.09476850034524545,0.0
19975,1.0,0.05,0.00012915397971291972,8.720583233072759,0.0052503856276305385,0.09476850034524545,0.0
19976,1.0,0.05,0.00012915397971291972,8.720583233072759,0.0052503856276305385,0.09476850034524545,0.0
19977,1.0,0.05,0.00012915397971291972,8.720583233072759,0.00656111801703327,0.09476850034524545,0.0
19978,1.0,0.05,0.00012915397971291972,14.635974908903009,0.00656111801703327,0.09476850034524545,0.0
19979,1.0,0.05,0.00012915397971291972,11.570710383347006,0.00656111801703327,0.09476850034524545,0.0
19980,1.0,0.05,0.00012915397971291972,11.570710383347006,0.00656111801703327,0.1121121677110206,0.0
19981,1.0,0.05,0.00012915397971291972,11.570710383347006,0.00656111801703327,0.1121121677110206,0.0
19982,1.0,0.05,0.00012915397971291972,11.570710383347006,0.00656111801703327,0.1121121677110206,0.0
19983,1.0,0.05,0.00012915397971291972,11.570710383347006,0.00656111801703327,0.1121121677110206,0.0
19984,1.0,0.05,0.00012915397971291972,7.4657128061785585,0.00656111801703327,0.10267295847929547,0.0
19985,1.0,0.05,0.00012915397971291972,7.4657128061785585,0.00656111801703327,0.10267295847929547,0.0
19986,1.0,0.05,0.00012915397971291972,8.40984217796823,0.00656111801703327,0.10267295847929547,0.0
19987,1.0,0.05,0.00012915397971291972,8.40984217796823,0.00656111801703327,0.10267295847929547,0.0
19988,1.0,0.05,0.00012915397971291972,8.40984217796823,0.00656111801703327,0.10267295847929547,0.0
19989,1.0,0.05,0.0001269176904125109,8.40984217796823,0.0066749921083853764,0.10267295847929547,0.0
19990,1.0,0.05,0.0001269176904125109,8.40984217796823,0.0066749921083853764,0.10267295847929547,0.0
19991,1.0,0.05,0.0001269176904125109,8.40984217796823,0.0066749921083853764,0.10267295847929547,0.0
19992,1.0,0.05,0.0001269176904125109,8.40984217796823,0.0066749921083853764,0.12234125604627637,0.0
19993,1.0,0.05,0.0001269176904125109,8.065917330326684,0.0066749921083853764,0.12234125604627637,0.0
19994,1.0,0.05,0.0001269176904125109,8.065917330326684,0.005969134829267871,0.12234125604627637,0.0
19995,1.0,0.05,0.0001269176904125109,8.065917330326684,0.005969134829267871,0.1261209908826171,0.0
19996,1.0,0.05,0.0001269176904125109,8.065917330326684,0.005969134829267871,0.1261209908826171,0.0
19997,1.0,0.05,0.0001269176904125109,8.065917330326684,0.005969134829267871,0.10700725701053349,0.0
19998,1.0,0.05,0.0001269176904125109,8.065917330326684,0.005860799222222122,0.10700725701053349,0.0
19999,1.0,0.05,0.0001269176904125109,8.065917330326684,0.005860799222222122,0.10700725701053349,0.0
